Mora,Embedding
シュ,"[ 3.68196696e-01  5.22146285e-01  6.35197401e-01 -5.90542436e-01
 -6.28709853e-01  2.47389838e-01  3.46618474e-01  7.04701543e-02
 -5.49405932e-01 -5.83125949e-01  8.86278391e-01 -3.66650075e-02
 -1.09003671e-01 -2.77894706e-01  3.02933425e-01  1.49600357e-01
  1.73801973e-01 -1.80344172e-02  7.14190826e-02 -3.16678017e-01
 -7.24549413e-01 -7.27215886e-01 -3.71072799e-01  2.59351015e-01
  5.72743639e-02 -2.10122928e-01  5.91891780e-02 -2.22572014e-01
  4.78460453e-02 -1.99241996e-01 -1.97636023e-01 -3.48329991e-01
  7.92943984e-02  1.04902973e-02 -6.70605823e-02  6.60369471e-02
  1.73645839e-01 -9.51754898e-02  5.47696769e-01  3.80228609e-01
  3.12041551e-01 -2.98960000e-01 -2.39173979e-01 -1.99491262e-01
  3.24805360e-03  2.34473407e-01 -3.21490109e-01 -1.87590495e-01
  1.89930834e-02 -4.44661558e-01 -7.67540455e-01  5.07441878e-01
  2.57729799e-01  2.54307896e-01 -2.19126582e-01  2.83080131e-01
  8.20570827e-01 -7.84064949e-01 -1.40653491e-01  1.99525654e-01
 -4.69553858e-01 -1.98297828e-01 -1.92894209e-02  1.16761640e-01
 -4.56611365e-01  9.64137539e-02 -1.67542443e-01  2.34814629e-01
  9.35401917e-02 -2.60828584e-01  4.61394399e-01  2.20908791e-01
 -1.54474471e-02 -2.88355052e-01  2.50702232e-01 -1.66528985e-01
 -2.88513191e-02 -5.21614030e-03  3.38446379e-01 -2.98484683e-01
 -1.98582150e-02  2.72595614e-01 -2.08261341e-01 -6.22715175e-01
 -3.07118088e-01  3.97192836e-01 -6.47483468e-01 -1.01351881e+00
  5.69954991e-01  1.22180626e-01  7.69141763e-02 -1.19237185e-01
 -2.44849920e-01  1.83172315e-01  8.00492346e-01  1.16681591e-01
  1.68667343e-02  2.34722212e-01 -1.01033645e-02  2.21823156e-01
 -2.86605358e-02  1.35297850e-01  4.16347355e-01 -5.44164479e-01
 -2.02208981e-01 -3.90625298e-01 -5.53984009e-02 -5.67558780e-02
 -2.72315182e-02  5.39429009e-01  7.94497579e-02 -7.72272468e-01
 -5.61421812e-01 -2.34059662e-01 -1.07945412e-01  1.97421193e-01
 -2.22874165e-01  3.67416590e-01 -3.11215430e-01  6.00194395e-01
  5.76314032e-02  3.09599191e-01 -2.42803007e-01 -6.91876769e-01
 -3.52461398e-01  2.64576763e-01 -6.15604483e-02  2.54593156e-02
 -8.58488232e-02 -7.95470029e-02 -8.71983171e-01 -4.55709279e-01
 -1.48274958e-01  4.77211416e-01 -6.00926161e-01  1.03313541e+00
  3.07801187e-01  2.43197575e-01 -1.08523160e-01 -2.97441244e-01
 -5.20605266e-01  2.00841129e-01  6.79682553e-01 -7.48756826e-02
 -2.89668828e-01  1.52173340e-01 -2.02235550e-01 -2.24289477e-01
  4.42512184e-01  3.04328501e-01  2.04764828e-01  1.29089737e+00
 -5.21773219e-01  4.58420843e-01  1.96731269e-01  1.64062858e-01
 -2.96085924e-01  1.32811129e-01  4.69350219e-02  5.00142202e-03
  7.59669840e-01 -1.01596043e-01  3.62167567e-01  4.68454778e-01
  5.03875434e-01  1.05175877e+00 -8.42658877e-02  1.21638499e-01
  1.77638412e-01  7.34768212e-01  5.12645364e-01  1.01685368e-01
  3.79550874e-01 -3.06354374e-01  1.65678561e-02  8.23427662e-02
  6.31725609e-01 -5.40647581e-02 -6.44271635e-03 -6.98107481e-01
 -6.61326289e-01 -5.90211339e-02  1.91697404e-01 -4.85097229e-01
  6.99972451e-01  2.80205071e-01  1.05241537e-01  9.14241076e-02
  1.68735787e-01  5.02610564e-01 -4.40955848e-01 -1.38101459e-01
 -6.93717897e-02  4.54430841e-02 -1.91185012e-01 -8.46871808e-02
  2.94259161e-01 -2.29488709e-03 -6.28126442e-01  7.30612397e-01
 -1.44879175e-02  6.88704923e-02 -1.51220039e-01 -3.38766038e-01
 -5.26597619e-01 -2.53084719e-01  6.49044394e-01  1.81999817e-01
  1.93285525e-01  4.21280384e-01 -6.13407493e-01  5.92758596e-01
  2.01019570e-01  1.39968200e-02  5.98137856e-01  5.81493974e-01
 -7.68664300e-01 -5.95267057e-01  3.83748382e-01  2.00246304e-01
  6.14544749e-01 -2.59333570e-02 -1.48983710e-02 -1.21620812e-01
  3.54387648e-02  7.66670406e-01  2.72657365e-01 -5.96318364e-01
 -5.90005368e-02  1.03629358e-01 -6.51714146e-01 -4.47458774e-01
 -8.95789742e-01  1.39878571e-01 -7.98398137e-01 -5.76344371e-01
 -2.28947654e-01  5.72504461e-01 -2.21208543e-01  5.08618474e-01
 -2.44209975e-01 -8.78812745e-02 -8.22048560e-02 -2.92765707e-01
 -2.37072736e-01  2.38704830e-01  1.99715137e-01  1.03199132e-01
 -3.60545605e-01 -4.44709897e-01 -4.70349818e-01  2.42509022e-01
 -4.79631908e-02 -2.79349267e-01  4.36133534e-01  7.70904481e-01
  4.47393388e-01 -1.68500155e-01  4.97285873e-01 -7.13639736e-01
 -6.06188715e-01 -3.89415801e-01 -9.76859406e-02  1.04575433e-01
  2.57582247e-01  3.13057989e-01 -1.04693145e-01 -3.83508116e-01
 -1.23392320e+00  4.21505004e-01  9.27315056e-01 -5.65537691e-01
 -2.75673363e-02 -7.40672350e-02 -1.11233011e-01  7.81079009e-02
 -1.51772588e-01  9.19478536e-01 -5.27241707e-01  4.03305084e-01
 -1.21105798e-02  3.97051424e-01 -8.14400375e-01 -2.15921819e-01
 -8.22099894e-02  6.10073149e-01 -4.24586415e-01 -5.66667318e-01
 -1.60459176e-01  6.35046899e-01  3.81134212e-01 -6.87735319e-01
 -2.21239328e-01 -2.59063363e-01 -9.10612419e-02  4.48647052e-01
  1.14173308e-01 -4.21934295e-03 -1.16084225e-01  9.35420673e-03
  6.59900233e-02  1.00990526e-01  6.96859419e-01 -2.37743631e-02
 -2.58154213e-01 -4.00777847e-01  2.16794275e-02  2.21477896e-01
  4.90034282e-01 -3.02142292e-01  2.77913809e-01  6.74042940e-01
 -3.45301181e-01 -8.31426531e-02  9.26240325e-01  5.98418295e-01
 -1.60173869e+00 -1.94473639e-01  5.22717059e-01  3.06965083e-01
 -2.83847958e-01  5.94210565e-01  4.50739861e-01  7.11628377e-01
 -3.91192615e-01 -4.56750751e-01  1.16098714e+00  4.94866483e-02
 -5.28364956e-01  4.00968224e-01  8.95218328e-02 -4.65467721e-01
  3.82313997e-01 -8.34402859e-01 -8.18039775e-02  2.47490361e-01
 -5.80836296e-01 -4.92038764e-03 -4.22881395e-01 -7.93111026e-01
 -2.46750206e-01  6.02413177e-01 -3.30646217e-01 -1.50685519e-01
 -1.01566064e+00 -2.66771495e-01  2.35084444e-02  1.16399467e+00
  4.85957384e-01  7.03171730e-01 -9.43730235e-01 -4.05780107e-01
  3.36744756e-01 -4.12141144e-01 -3.10717762e-01 -1.83663860e-01
  2.13427395e-01 -4.73841906e-01  2.18604878e-01 -2.38809407e-01
 -7.26367207e-03  5.03526449e-01  2.92196602e-01 -2.60551393e-01
 -6.00689590e-01  3.68890107e-01  8.99960339e-01 -4.25086200e-01
  4.99080092e-01 -5.40318042e-02  5.62364340e-01  1.19176954e-01
  5.76567389e-02 -5.32342374e-01 -3.02461945e-02 -5.44381142e-01
  6.91311121e-01 -9.23969224e-03 -7.21857786e-01  4.64803576e-01
 -4.43736285e-01 -3.03722620e-01 -2.30317675e-02 -8.97087380e-02
  6.43090725e-01 -1.37505248e-01 -6.20561779e-01  3.36324215e-01
 -1.62876353e-01  4.25293654e-01  6.69124126e-01  3.80481511e-01
  4.25156623e-01 -8.48990306e-02 -6.91970944e-01  2.64969409e-01
 -3.81813407e-01  4.13515538e-01 -1.14157699e-01  6.95798337e-01
 -5.70837975e-01  1.16662331e-01 -1.55734539e-01  6.54607415e-02
 -7.70904481e-01  2.65005559e-01 -8.63683224e-01  1.27064930e-02
  6.94132177e-03  5.81410885e-01 -9.17617455e-02 -1.41929373e-01
  2.11285427e-01 -1.08014300e-01 -4.10165787e-01 -5.34338474e-01
  1.19148687e-01  3.05659533e-01  2.02793032e-01  7.88806975e-01
  3.88946265e-01 -1.39490291e-01  9.43025649e-02 -2.22717047e-01
  2.42943451e-01  5.68690062e-01 -3.52652706e-02 -3.25798035e-01
  1.96250677e-01 -1.26840174e-01  2.66848467e-02  3.22009623e-01
  4.11651507e-02  6.11174881e-01 -4.67756055e-02 -7.81201005e-01
 -8.02417770e-02 -5.74810393e-02  1.56030459e-02  1.13910425e+00
  7.04181716e-02  4.95641202e-01  4.46448654e-01  2.96994478e-01
 -5.34114420e-01 -3.39225382e-01 -1.42980143e-01 -6.09055400e-01
 -9.16523561e-02  1.76324129e-01  4.82206881e-01  1.30988193e+00
  6.22623786e-02  1.71540082e-01  8.59317482e-02  2.88606256e-01
 -5.45153081e-01  6.56171143e-01 -1.63208231e-01 -3.27195406e-01
 -8.86833817e-02  1.15716112e+00 -4.06470329e-01 -7.82724991e-02
 -1.66025922e-01 -1.17164873e-01  2.99955845e-01  3.19046944e-01
  6.14858210e-01 -1.13921843e-01 -3.84035408e-01 -6.16105020e-01
 -2.76393801e-01 -9.60821658e-03 -4.16909039e-01 -8.73481557e-02
  1.10211164e-01  2.07291320e-01 -3.76787871e-01 -7.63706043e-02
 -2.87711825e-02  2.67316490e-01 -5.21342754e-01 -8.46268892e-01
 -5.07487535e-01  7.84116447e-01 -4.57528979e-01 -4.57065910e-01
  5.00242531e-01 -1.06807552e-01 -2.91164815e-01 -5.41302323e-01
 -4.75022584e-01 -2.18691096e-01 -1.68623894e-01 -5.23203909e-01
  5.09271681e-01  6.75194412e-02 -8.06864023e-01  7.65333995e-02
 -1.46067411e-01  4.06769803e-03 -9.79373083e-02 -6.22126341e-01
 -5.72457053e-02 -2.38129739e-02  2.18327846e-02  4.65357035e-01
  7.46999264e-01 -4.02610838e-01  4.38304506e-02  3.16768289e-01
 -9.74764675e-02 -2.35087544e-01  3.07160527e-01 -4.36863229e-02
 -3.65003914e-01 -2.24807665e-01  1.50231376e-01 -3.16173702e-01
  3.31380934e-01 -7.30247945e-02 -4.78469104e-01 -3.40092063e-01
  8.97705033e-02 -8.56504261e-01  6.32864654e-01  3.39813292e-01
  5.81004083e-01 -8.65328252e-01  4.18961793e-01 -2.66515046e-01
 -2.49013498e-01 -2.63472170e-01  3.39632213e-01  4.94922876e-01
 -7.48523831e-01 -3.30782354e-01  9.46906433e-02 -5.24394214e-01
  1.09953606e+00  7.79972821e-02 -7.93258429e-01  1.06182195e-01
  2.89466947e-01  1.78352579e-01 -4.66433913e-01 -2.10609004e-01
 -2.32111290e-01 -3.19520682e-01  6.86384797e-01  6.21363997e-01
  7.05555826e-02  7.36342430e-01 -6.41493857e-01  3.33633184e-01
  6.27476335e-01  1.19777590e-01  3.04166693e-03  1.19167514e-01
  5.49569651e-02 -2.03583807e-01 -2.32330263e-01  7.90765807e-02
  2.81659756e-02  4.97173578e-01 -5.45103312e-01  9.27345574e-01
  1.92312285e-01 -3.07557642e-01 -7.11293519e-02  8.72785807e-01
  1.97902858e-01  4.62649941e-01  2.77407110e-01  1.91863254e-02
 -1.97013631e-01  2.19074950e-01 -2.92109028e-02  3.70370239e-01
  6.01810450e-03 -1.19865008e-01 -1.75566092e-01 -1.70949459e-01
  8.65091026e-01 -2.65040286e-02 -1.58862054e-01  1.79994956e-01
  1.01106815e-01 -3.33682656e-01  1.48404062e+00 -2.88782328e-01
 -2.85167009e-01  1.25074655e-01 -2.15399444e-01  5.69187045e-01
  7.51606345e-01  1.71461031e-01  6.11834109e-01  5.94056509e-02
 -4.27108109e-01 -2.14246288e-01  6.39237016e-02 -4.47830141e-01
  6.09032929e-01 -5.65510750e-01 -6.30877793e-01  1.83162078e-01
 -7.51861464e-03  1.27287462e-01  2.71013856e-01 -8.33778203e-01
  3.15806657e-01 -2.77630806e-01 -2.03937784e-01  5.54000258e-01
  4.94184077e-01  2.06109479e-01 -6.64988041e-01 -6.72435999e-01
 -1.16200656e-01  5.84972501e-01 -3.05299610e-01 -2.23474696e-01
  2.11279213e-01 -2.72922367e-01 -6.33934736e-02  1.98454767e-01
  2.28565678e-01  1.65609166e-01 -2.14103132e-01 -2.54446715e-02
 -2.48773664e-01 -1.35711521e-01 -5.35889156e-02  7.06887186e-01
  1.32005498e-01 -2.78043523e-02  1.87193900e-01 -4.64171499e-01
 -2.47226298e-01 -1.02799542e-01 -8.40802610e-01 -2.95575649e-01
  1.01462282e-01  9.48509872e-02 -5.86496387e-03  8.85305554e-02
 -5.27843416e-01 -1.24006741e-01 -4.11526561e-02  5.04959285e-01
 -7.86356568e-01 -8.49883109e-02  1.68205798e-01 -2.12657943e-01
 -5.27934730e-01 -1.39209163e+00  3.37992251e-01  2.12305561e-01
  8.17687511e-02  3.58801991e-01 -2.20447153e-01 -4.63118643e-01
  1.46346256e-01  5.25240302e-01 -5.93467891e-01 -2.38606513e-01
 -9.88211727e+00 -2.05987543e-01 -4.77456599e-01 -1.80151343e-01
 -5.59357762e-01 -1.44790471e-01  7.83388078e-01  7.34032989e-01
 -6.76817477e-01  1.12541306e+00 -4.99164432e-01  1.19678251e-01
  5.80928326e-01  2.42644444e-01 -1.76498324e-01  3.03344280e-01
  3.11910182e-01 -3.73283952e-01 -3.71364415e-01  6.28570914e-02
 -6.26814842e-01 -1.89727470e-01  8.28108966e-01  2.75413971e-03
  5.79123437e-01 -5.45956314e-01 -1.12734817e-01  4.88294274e-01
 -2.31232360e-01  3.11593294e-01 -7.18092322e-01  5.79172969e-01
 -7.16068804e-01  5.16904235e-01 -2.19636962e-01 -1.56464919e-01
  1.30217075e-01  5.27527273e-01 -5.53811193e-01  2.45515466e-01
 -3.31962645e-01  5.09822845e-01  2.29978293e-01 -2.58008689e-01
  3.32083642e-01 -3.10707211e-01  2.00052112e-01  4.87471521e-01
  2.83316553e-01 -4.84011799e-01 -4.67399359e-01 -3.00761044e-01
  1.38894841e-01 -5.57167351e-01  2.71416362e-02  1.63615838e-01
  8.32142383e-02 -7.44820893e-01  5.75698674e-01  2.69074172e-01
  4.23188865e-01  1.62375122e-01  7.19350338e-01  5.88019073e-01
 -1.84032112e-01  5.09063065e-01 -1.10500738e-01  2.76311319e-02
 -5.30275404e-01 -5.93556345e-01  6.79691970e-01  5.52813947e-01
 -3.19881916e-01  5.22290468e-01 -3.99880074e-02  2.55326688e-01
  4.64572683e-02  5.02666056e-01  8.04720879e-01  1.85399920e-01
  3.92203361e-01 -6.08918130e-01  3.10203075e-01 -9.27527994e-02
 -1.09310865e+00  5.50980806e-01  2.59818554e-01 -1.35231227e-01
  1.40423954e-01 -6.15727544e-01  8.19528282e-01  2.31654510e-01
 -4.00240123e-01 -3.22421968e-01 -6.95683584e-02 -6.91399574e-02
 -3.50910187e-01 -1.44677669e-01  6.05118722e-02 -9.43544582e-02]"
ウ,"[ 7.16040671e-01  5.49604118e-01  1.06005788e+00 -4.43172455e-01
  4.48430814e-02  3.21956873e-01  2.71565050e-01  6.27996447e-03
 -6.29997611e-01 -2.32913792e-01  5.50556898e-01 -5.56434214e-01
 -2.96823680e-01 -1.86366051e-01  3.26148659e-01  1.99595429e-02
 -1.58993572e-01 -4.17444408e-01  3.07723641e-01 -4.44192618e-01
 -1.43569231e+00 -5.54302156e-01 -1.95291460e-01  1.66947424e-01
 -3.15049201e-01 -4.72497463e-01  2.60067999e-01  9.22654122e-02
  3.44574243e-01 -3.43114972e-01 -6.20528758e-01 -1.69486374e-01
  2.76246853e-02  1.34527147e-01 -5.56464970e-01  5.06611824e-01
  1.04094464e-02 -3.86327565e-01  7.52918601e-01  1.90581203e-01
 -4.34430949e-02 -6.25337195e-03 -1.10675767e-01 -1.08855870e-03
 -2.32951060e-01  1.11647189e-01  1.65237427e-01  3.18500936e-01
 -2.47206446e-02 -4.21565592e-01 -8.24009240e-01  5.96374750e-01
  3.77323061e-01 -2.69231144e-02  1.93046033e-01 -2.09483609e-01
  9.54737663e-01 -1.06687963e+00  1.30802184e-01  3.89132231e-01
 -6.29865587e-01 -3.24621201e-01  4.78024840e-01 -1.24621272e-01
 -1.86718076e-01  2.39668280e-01  2.34998707e-02 -4.59245592e-03
  4.92657870e-01 -5.36670446e-01  4.45383221e-01  1.37165293e-01
 -1.06255487e-01 -7.00016022e-01  5.88559628e-01 -2.72763222e-01
  1.12935334e-01  3.39727432e-01  1.95166901e-01  2.92498488e-02
  1.83363944e-01  1.89394563e-01  1.85008928e-01 -4.67837989e-01
 -4.56617743e-01  1.38285562e-01 -7.63405025e-01 -1.02783906e+00
  5.83211482e-01 -3.62402737e-01  3.35579403e-02  2.73272693e-01
  3.22291493e-01 -1.09906569e-01  4.74197924e-01  2.39227071e-01
  1.66855566e-02 -4.34027566e-03 -3.33974242e-01  3.18278372e-02
 -3.18505466e-01  6.91365972e-02  1.39354065e-01 -4.68101025e-01
  1.09371647e-01 -1.71451703e-01 -3.93294811e-01  5.83107769e-01
  3.21184307e-01  2.40821555e-01 -3.93265545e-01 -3.88634324e-01
 -5.44151247e-01 -2.60616064e-01  4.82611597e-01  4.43647839e-02
 -5.01767933e-01  6.23804390e-01 -3.32778066e-01  5.30165613e-01
  1.64832041e-01  3.45000714e-01 -4.61008027e-02 -4.88058507e-01
 -1.34052157e-01  6.93930864e-01  2.39530593e-01 -8.71166661e-02
  2.27967203e-01 -1.75932318e-01 -1.81243718e-01 -7.23655999e-01
 -6.06303625e-02 -1.28423259e-01 -4.14808691e-01  7.96422780e-01
  3.08164418e-01  4.59326208e-02  2.72155344e-01 -5.11127651e-01
 -5.17636001e-01 -2.33959407e-01  4.80236083e-01 -6.77524328e-01
  1.86314955e-01  4.57313567e-01 -3.24295014e-01 -2.71047413e-01
  7.19058096e-01  3.44485730e-01 -4.05073091e-02  1.22162378e+00
 -5.08316815e-01 -4.21504397e-03 -1.09104328e-01  5.94537437e-01
 -7.33305216e-01  3.25606942e-01  5.37666380e-01  4.37829107e-01
  7.36100733e-01 -1.03426576e-02  5.24857640e-02  4.43390757e-01
  2.24078279e-02  2.88335592e-01  1.59544170e-01 -4.79702562e-01
 -3.03679973e-01  4.21258777e-01  1.49492174e-01  5.48896074e-01
  3.40950936e-01 -8.71381015e-02 -3.95018846e-01  1.61977962e-01
  8.20331812e-01 -1.80283591e-01  2.67578334e-01 -7.52974987e-01
 -2.78710455e-01  1.59581810e-01  5.62970757e-01 -6.08632386e-01
  4.92239565e-01 -6.07765988e-02  5.25845625e-02 -1.43023312e-01
 -1.91966355e-01  9.97748300e-02 -3.55560511e-01 -5.00298202e-01
  5.06961286e-01 -5.31934798e-01 -3.02319258e-01 -4.19243068e-01
  3.32695007e-01  1.38085470e-01 -4.93383825e-01  6.11286104e-01
  3.28400701e-01  1.61657035e-01 -1.62158489e-01 -5.78785896e-01
 -9.84539866e-01 -6.54933900e-02 -3.81376334e-02  2.91111887e-01
  2.58381993e-01  3.82747889e-01 -5.70695341e-01  7.09239393e-02
  7.39507303e-02  2.86776960e-01  6.94371700e-01  3.66030782e-01
 -2.54819304e-01 -4.56412643e-01 -3.78085524e-02 -4.54684757e-02
  1.46628395e-01 -2.53059566e-01  3.08271676e-01  1.77779138e-01
  4.23457958e-02  1.95485353e-01  1.80061296e-01 -4.82959569e-01
 -4.46991146e-01  4.22453701e-01 -5.54798007e-01 -6.09553218e-01
 -2.87503093e-01 -7.14776516e-02 -6.48085237e-01 -5.90021431e-01
 -3.88478547e-01 -2.70618126e-02 -2.96799630e-01  5.09854853e-01
 -2.20749557e-01 -3.46815139e-01  4.21644419e-01 -3.03888112e-01
 -2.97898710e-01  3.92776459e-01 -5.96282370e-02  4.85152230e-02
 -2.71362692e-01 -1.80214211e-01 -4.85119194e-01 -5.50102711e-01
 -1.46064058e-01 -5.48247062e-02  3.20635945e-01  4.96225029e-01
  4.85402435e-01 -2.99278855e-01  3.81333351e-01 -3.73530388e-01
 -4.47713405e-01 -5.84976196e-01 -1.86789498e-01 -1.52982026e-01
  6.60977811e-02  1.69545248e-01 -7.59079531e-02 -3.52529973e-01
 -7.25149870e-01 -4.50740993e-01  7.21923411e-02 -1.67071857e-02
 -5.82984127e-02 -1.75238892e-01  1.76436588e-01  8.80754665e-02
  1.37753308e-01  4.12329048e-01 -4.05186027e-01 -8.90388526e-03
 -2.57804722e-01  5.31994402e-01 -6.91399395e-01  1.42606691e-01
  9.13780835e-03  4.74073827e-01 -6.84618592e-01  1.83268113e-03
 -4.53542352e-01  7.37884343e-01  5.01132190e-01 -5.56135714e-01
  6.02494963e-02 -1.66056618e-01 -9.42103505e-01 -2.07673684e-01
  6.04506969e-01 -1.59555115e-03  4.08099085e-01 -1.18454859e-01
  3.92930657e-01  4.43378568e-01  8.90624821e-01 -6.74004629e-02
 -1.12778442e-02 -3.92647624e-01  1.57701224e-01  1.88776746e-01
  5.44503987e-01 -1.62852779e-01  2.81394482e-01  5.10875642e-01
 -6.43028021e-01  3.15815985e-01  8.40604305e-01  4.54933047e-01
 -1.77802837e+00 -3.15490574e-01  5.09924591e-01  1.88154355e-01
 -3.58378887e-01 -2.12312624e-01  2.24696264e-01  3.30497444e-01
 -3.35794449e-01 -4.86739337e-01  1.28249645e+00  2.57858187e-01
  1.95693672e-01 -4.18170601e-01  1.12636484e-01 -5.62515445e-02
 -1.41708806e-01 -5.21446228e-01  3.38325202e-01  4.10431117e-01
 -7.61240005e-01 -6.54457929e-03 -2.19285846e-01 -3.20843577e-01
 -5.57930410e-01  3.38376254e-01 -6.22255981e-01 -1.54126929e-02
 -3.61003816e-01 -1.23855829e-01  6.44548163e-02  1.19892108e+00
  8.73766601e-01  1.13605425e-01 -7.85572767e-01 -1.87774196e-01
 -5.42365722e-02 -3.29933971e-01  1.71589345e-01 -4.71077673e-02
 -1.40358746e-01 -1.25417739e-01  3.49879503e-01  1.09792404e-01
  1.69236571e-01 -9.03558135e-02 -6.12367451e-01 -1.05428100e-01
 -1.60651013e-01  7.27182508e-01  9.39148664e-01  1.42024815e-01
 -1.07327076e-02  5.41143000e-01  9.44216192e-01  3.77133340e-01
  1.17603675e-01 -6.48429930e-01 -3.32254231e-01 -4.62767929e-01
  7.66859427e-02 -2.49351487e-01 -4.17594105e-01  5.56211174e-01
 -1.49287611e-01  3.68744880e-02  1.74082235e-01 -8.22863281e-01
  4.12290752e-01 -5.09033144e-01 -2.34752417e-01 -2.06544533e-01
 -1.70366451e-01 -4.29976463e-01  7.41584122e-01  2.43178412e-01
  3.58751476e-01 -3.15397292e-01 -9.57608461e-01  6.62799597e-01
 -1.86171591e-01 -1.34786561e-01  1.95244402e-01  1.56921580e-01
 -1.30145578e-02  1.55310869e-01 -5.91698289e-02 -3.21650922e-01
 -8.68708730e-01 -3.00891966e-01 -4.20406580e-01 -6.36451244e-02
 -8.57962519e-02  6.06308579e-01  1.67367030e-02  1.61768347e-01
  2.56656736e-01  3.89099389e-01 -1.40243977e-01 -2.96801627e-01
 -5.63014865e-01  4.06154007e-01  3.24818224e-01  9.64802563e-01
  4.04055476e-01  7.86697958e-03  5.23979902e-01  1.74883660e-02
  8.57487842e-02  1.28358930e-01 -6.16624892e-01 -4.25798893e-01
  9.45486486e-01 -4.24720228e-01 -2.15534687e-01  3.16232592e-01
  1.19009264e-01  5.50872147e-01 -3.95574868e-01 -1.00243187e+00
  5.23220181e-01 -3.21571022e-01  2.51395792e-01  1.02209866e+00
  2.45553657e-01  1.29528150e-01  2.35287622e-01  2.30562892e-02
 -4.23205048e-01 -2.76933640e-01 -3.28922331e-01 -5.09810746e-01
  4.11363840e-01 -1.82649434e-01  6.00071728e-01  4.72385496e-01
  5.99153638e-01 -4.93774936e-02  3.51201832e-01  2.94397473e-01
 -5.44508100e-01  4.76869196e-01  6.14898860e-01  3.76830667e-01
 -2.98026800e-01  4.51095432e-01 -4.61815894e-01  2.61024199e-02
 -2.56652623e-01 -2.92400658e-01  1.01136053e+00 -3.66128348e-02
  5.85108876e-01 -7.22363710e-01 -3.12030435e-01 -4.95933414e-01
 -4.94141340e-01 -1.92767397e-01 -2.27434888e-01  7.53657743e-02
  2.83958793e-01 -3.67110074e-01 -6.58712447e-01  2.88394988e-01
  5.98970175e-01  4.79709685e-01 -5.10609299e-02 -3.06638241e-01
 -2.42385089e-01  1.44310355e-01 -7.13408232e-01 -5.08119762e-01
  5.75716496e-01  1.33645713e-01 -3.49325001e-01 -8.85440588e-01
 -3.18086386e-01 -1.37975529e-01  1.80566147e-01 -4.81180012e-01
  4.65103425e-02 -2.90102869e-01 -7.40047514e-01 -2.73175985e-01
 -4.84755099e-01 -1.20044157e-01 -6.42106056e-01 -3.72304142e-01
 -2.52456278e-01 -4.79332060e-01  4.62514767e-03  6.94812894e-01
  7.40345001e-01 -4.98549789e-01 -2.38092914e-01  1.25692427e-01
  1.68650851e-01 -2.38517508e-01  1.64094210e-01 -3.25444698e-01
 -1.57747671e-01 -5.75693488e-01  2.04005197e-01 -2.76162952e-01
 -6.52704909e-02 -8.76909718e-02 -7.34548450e-01 -4.65900540e-01
  3.24366055e-02 -8.09866250e-01  1.94154412e-01 -5.71203344e-02
  9.31557417e-01 -5.27416945e-01  1.28314644e-01 -5.06936982e-02
 -2.37449393e-01 -5.59950769e-01  5.27624726e-01 -3.12546849e-01
 -1.15858138e+00  3.61088723e-01  1.45674750e-01 -4.96135384e-01
  1.24215174e+00  2.09113210e-01 -6.29974842e-01 -1.04992591e-01
  1.29986420e-01  1.62437677e-01 -2.30471909e-01  1.48638442e-01
  3.89331430e-02  3.44085783e-01  4.43722427e-01 -4.37509924e-01
  6.19332314e-01 -3.59158660e-03 -2.29898542e-01 -1.35452345e-01
  3.42429459e-01  3.44156265e-01  6.82905555e-01  1.29414752e-01
 -6.26249969e-01 -2.23208055e-01 -3.25437993e-01 -6.77823722e-02
 -4.93472163e-03  3.35961312e-01 -5.25542736e-01  8.92374694e-01
  5.95879138e-01 -5.63697219e-01  3.58893722e-01  1.21140432e+00
 -4.23423871e-02  1.00338936e+00  1.73222333e-01  4.11442295e-02
 -6.27874792e-01  1.51021287e-01  7.85162672e-02  1.13573238e-01
 -7.04819784e-02  6.16788268e-02 -2.95042545e-01 -2.07189351e-01
  8.60603988e-01 -1.21087298e-01 -3.26449782e-01  8.48917291e-02
  2.58577079e-01 -2.89985210e-01  8.56760681e-01  3.06805164e-01
 -1.36516513e-02 -1.71894342e-01  3.32547456e-01  6.21066749e-01
  1.23173916e+00 -4.21998173e-01  3.74052674e-01 -3.31547111e-01
 -5.47127068e-01  1.43684179e-01  1.50127530e-01 -8.64528418e-02
  6.01215363e-01 -6.97274566e-01 -8.04886967e-02  7.73182809e-01
  2.36947969e-01  3.00097913e-02 -7.37051517e-02 -5.07893443e-01
  1.77318618e-01 -4.61463809e-01 -1.80193573e-01  4.58078273e-02
  3.56192291e-01  7.27163076e-01  4.08696771e-01 -1.53136924e-01
 -6.61972314e-02  8.01147103e-01 -9.96110737e-02 -4.93488669e-01
 -7.96970874e-02 -1.86291501e-01  3.93057391e-02 -5.20649850e-02
  3.48019212e-01 -2.10816879e-02 -2.20096946e-01  6.96488619e-01
 -2.26593941e-01  1.58699993e-02 -2.68517137e-01  3.71264756e-01
  1.12312593e-01 -1.10282540e-01  2.15176210e-01 -2.13267505e-01
  2.19078302e-01 -8.04663170e-03 -8.18797827e-01  5.76216057e-02
  1.49572268e-01  8.99965018e-02 -5.05091488e-01  5.94391348e-03
 -4.69350129e-01 -3.57458442e-01 -1.22824110e-01  1.75755724e-01
 -1.18492377e+00 -7.96239614e-01  4.04311538e-01 -1.13843111e-02
 -2.22231910e-01 -1.39412284e+00  6.04565978e-01  3.70403737e-01
 -3.32081988e-02 -1.89859390e-01  2.78543860e-01 -6.24178387e-02
 -2.02721819e-01 -1.56946585e-01 -2.01258510e-01  3.42308521e-01
 -9.88176918e+00  1.12770759e-01  2.50407439e-02 -6.22600853e-01
 -2.76820093e-01 -1.41919762e-01  1.09794724e+00  8.69891942e-01
 -1.87412709e-01  4.06247199e-01 -2.01487169e-01 -3.28345932e-02
  4.22211558e-01  6.47771239e-01  1.65358242e-02 -7.57811219e-02
 -2.08381042e-01  1.53451160e-01  1.10351264e-01 -8.12371746e-02
 -6.07629895e-01 -3.31951827e-01  7.04402804e-01  2.13520423e-01
  3.32133681e-01 -5.60950339e-01 -5.38508654e-01  7.21315145e-01
  2.39347965e-02  2.18113080e-01 -1.00224507e+00  2.96147227e-01
  1.26131713e-01  4.14044440e-01 -1.12271339e-01  3.90668362e-01
  1.04702450e-01  8.87585223e-01 -6.42447472e-02  1.89240113e-01
  1.08976685e-01  4.44355249e-01  7.05835000e-02  4.31388766e-02
  3.93780977e-01 -6.31690770e-02  2.85484418e-02  4.78996664e-01
  8.08911502e-01 -2.49125585e-01 -4.23261702e-01 -2.74450004e-01
  4.65073913e-01 -2.50932336e-01  1.57838166e-01 -4.56525050e-02
  6.44307196e-01 -9.43918109e-01  1.45242319e-01  1.49372593e-01
  3.02978486e-01  5.56549609e-01  6.30358040e-01  7.06629515e-01
 -1.50151372e-01  4.65382963e-01  5.70741117e-01  5.43890186e-02
 -1.22884679e+00 -4.16785181e-01  3.50274801e-01  3.19097728e-01
  2.79913932e-01  2.02869564e-01  1.53428257e-01  3.13708216e-01
 -2.31102943e-01  1.96545213e-01  2.69514769e-01  1.90439910e-01
  6.27090394e-01 -4.20842886e-01  1.83549061e-01  6.61153436e-01
 -5.12235284e-01  3.42084557e-01  2.13412911e-01 -2.76893467e-01
  2.21116453e-01 -5.82990050e-01  6.00941181e-01  1.98592559e-01
 -5.65831959e-01  4.26244050e-01  4.98821706e-01 -1.24667063e-01
 -2.60311179e-02  7.08031207e-02  2.06412062e-01 -3.70711058e-01]"
ニュ,"[ 5.43936253e-01  5.97729161e-02 -3.85948271e-02 -2.91189969e-01
 -5.90511918e-01  3.97205323e-01  2.84611672e-01 -1.85533628e-01
 -4.52791214e-01 -6.88840747e-01  6.36647582e-01 -3.21605146e-01
 -5.28504431e-01 -2.84618616e-01 -9.23218057e-02 -4.68151808e-01
  7.00820625e-01 -2.53929228e-01 -9.15447250e-02 -7.18092561e-01
 -1.80277288e-01 -3.95111918e-01  2.10462973e-01 -1.50400460e-01
 -1.35992780e-01 -7.71355852e-02 -8.84465203e-02  7.03877330e-01
  2.81496733e-01 -2.05856577e-01 -4.54864591e-01 -1.38976708e-01
  5.24923623e-01 -1.36361107e-01  1.31486252e-01  3.36122841e-01
  3.00937891e-01  6.34782622e-03  3.85428399e-01  2.35964522e-01
 -1.33670822e-01  1.13224320e-01  6.67565823e-01 -1.54084101e-01
  1.70667887e-01 -7.77875632e-02 -7.33532727e-01 -3.55037674e-02
  7.29980767e-01 -2.28112608e-01 -1.08844839e-01  4.34490204e-01
  1.94094315e-01  1.81856826e-01 -2.37079009e-01 -1.22619353e-01
  1.05249751e+00 -2.64359623e-01 -3.29082936e-01 -1.17086127e-01
 -1.15193066e-03 -1.85369074e-01 -1.63586006e-01 -8.07290971e-02
 -6.49746895e-01 -2.38149852e-01  1.76569596e-01 -5.15467972e-02
 -1.51907653e-01 -6.13597333e-01 -2.92185664e-01  4.88110900e-01
 -6.03143930e-01 -1.72666937e-01  6.45218611e-01 -2.92052209e-01
  2.70393401e-01 -4.05152172e-01  2.24900544e-01  1.03971712e-01
 -2.02456519e-01  2.32480258e-01 -3.75596613e-01 -7.43807912e-01
  7.28716314e-01  3.54718298e-01 -2.51351386e-01 -6.50720596e-01
  6.30029202e-01 -4.51230466e-01 -4.48350251e-01 -5.34312904e-01
  1.88458160e-01  2.45792508e-01 -4.65588778e-01  2.34276995e-01
 -1.66168705e-01  6.35143042e-01 -7.99723268e-02 -7.38605782e-02
  2.95993146e-02  6.09838143e-02  2.78829068e-01 -8.67431998e-01
  2.01986209e-01  5.38567066e-01  2.88949370e-01 -1.29407004e-01
  4.14174274e-02  3.16723555e-01 -4.03607816e-01  3.82693738e-01
 -2.05072626e-01  2.59004503e-01 -4.20029759e-01 -4.03385490e-01
 -1.23444786e-02  4.09226418e-01  3.05398613e-01  4.63153750e-01
  6.37793168e-02  1.45305157e-01 -2.02860966e-01 -3.68069261e-01
 -8.16359296e-02  4.45270389e-01 -2.08985433e-01  1.51616320e-01
  2.34175831e-01  3.56867872e-02 -7.30414450e-01 -4.18486856e-02
 -3.59251142e-01  5.67096651e-01  1.22139357e-01  5.33265285e-02
  4.70635623e-01 -1.28758445e-01 -4.76058543e-01 -2.03909427e-01
 -6.99152127e-02 -1.98779166e-01  2.73984879e-01  5.21799624e-01
  1.05752081e-01  4.79202539e-01 -3.24732482e-01 -5.42628348e-01
  1.96813405e-01  6.08632505e-01 -1.15074837e+00  5.67773461e-01
 -6.64265394e-01 -6.85685873e-03  6.53660536e-01 -6.74819469e-01
 -4.67307150e-01  4.00358289e-02 -1.42062351e-01  3.76400873e-02
 -1.15925580e-01 -5.03332675e-01  4.08435851e-01  3.24897140e-01
  7.59742081e-01  8.74426663e-01 -1.37710851e-02  2.93911219e-01
  2.34117676e-02  8.16744447e-01  1.77422956e-01  8.10422361e-01
  1.01818061e+00 -5.00463247e-01 -3.60837609e-01  2.22882256e-02
 -2.46735662e-01 -7.21092224e-02  4.08461273e-01 -7.50530660e-01
  3.62957567e-02 -9.13779140e-02 -6.80539787e-01 -5.84382355e-01
  4.44186777e-01  3.69579345e-01  9.49568674e-02 -3.29634160e-01
 -2.26240203e-01  6.30324364e-01 -1.88454241e-01  2.14583367e-01
  1.59926131e-01 -3.28000218e-01 -8.85304883e-02 -2.67449111e-01
 -1.24103740e-01 -6.38117045e-02  2.17949033e-01  6.12855852e-01
  4.38870490e-01 -4.97805685e-01 -3.81647944e-01 -5.88687360e-01
 -8.71840596e-01 -1.87387705e-01  6.35372579e-01  5.72500587e-01
  2.39895627e-01  3.21609706e-01 -3.80859375e-01  1.97740749e-01
  1.50883636e-02  3.47195685e-01 -2.88760841e-01 -2.98354566e-01
 -9.42781985e-01 -5.76066315e-01  1.09963953e-01  2.28054419e-01
  3.43528390e-01  2.03776941e-01  6.95003748e-01 -2.50617098e-02
  6.79014862e-01 -1.38056641e-02  3.13480049e-02 -2.11363882e-02
  3.89039099e-01  1.95893764e-01 -6.82089388e-01 -2.69289881e-01
 -8.81251514e-01 -3.55988175e-01 -4.46215838e-01  3.50176364e-01
 -6.78344071e-01  9.66319025e-01  1.73212849e-02  4.17923033e-01
 -3.26723516e-01  2.01967552e-01 -3.22779894e-01 -8.87182727e-02
 -1.32397994e-01  6.71103299e-02 -6.97829425e-02 -7.25411847e-02
 -3.10630560e-01  1.12157509e-01 -1.02284539e+00 -3.48927557e-01
  5.03038943e-01 -6.59650326e-01  5.69911778e-01  5.15969336e-01
  6.77549653e-03 -5.20834029e-01  2.52320468e-01 -2.12398753e-01
  3.38246495e-01 -5.55038452e-01  3.67893338e-01 -6.46572173e-01
  5.25315940e-01 -2.87798047e-01  2.68560857e-01 -1.69845209e-01
 -3.22127074e-01  1.38821438e-01  3.99962336e-01  1.78207338e-01
 -3.50726426e-01  5.76025307e-01  1.94076657e-01  2.22091679e-03
  2.56476760e-01 -4.29998428e-01 -1.59016982e-01  7.05199270e-03
 -5.50121605e-01  1.37727782e-01 -4.79568124e-01  1.69023737e-01
 -1.87992960e-01  1.22308396e-01  6.98081180e-02 -3.76879603e-01
  1.26634136e-01  5.36151826e-01  3.47658366e-01 -5.24476469e-01
  1.15003087e-01 -6.33936703e-01 -3.89027059e-01  5.95348954e-01
  5.29220641e-01 -8.01345631e-02 -3.39398086e-01  2.09442765e-01
  5.82174599e-01  5.35788715e-01  5.06131172e-01  4.24908817e-01
 -1.53315216e-01 -4.58440274e-01 -2.67526865e-01 -1.94864824e-01
  5.72496653e-01 -8.03380728e-01 -6.16689622e-01  1.13970089e+00
 -1.75463364e-01 -6.40317500e-02  1.89404339e-01  1.98219463e-01
 -1.54581201e+00  4.91906136e-01  4.56150800e-01  3.52925122e-01
 -3.98933023e-01  9.00845468e-01  1.52129844e-01  6.91488445e-01
 -2.29075000e-01 -2.93393403e-01  2.24860430e-01  1.51321381e-01
 -2.51661718e-01  5.84246278e-01  2.49188822e-02 -4.59890425e-01
  3.28265607e-01 -3.80359530e-01 -1.09945811e-01  4.37245280e-01
 -4.30503964e-01 -1.68720245e-01  9.17451158e-02 -1.04052377e+00
 -1.48323569e-02  1.87104136e-01  7.56231427e-01 -2.41727799e-01
 -4.05359477e-01 -4.26392227e-01  4.70436633e-01  8.34024474e-02
  3.46673131e-01  7.65525937e-01  1.23625599e-01  4.92070168e-01
 -8.56328532e-02  4.69610006e-01  2.32803985e-01  1.86582170e-02
  4.20037568e-01 -2.51081198e-01  4.44593668e-01  5.36448777e-01
  3.70863944e-01 -5.54257452e-01  9.39757973e-02  2.08528370e-01
 -4.88923877e-01  3.60079974e-01  9.84140396e-01  3.32781911e-01
 -1.23582825e-01 -2.23845571e-01  8.00089896e-01 -1.79938883e-01
 -1.34595186e-01 -5.32508612e-01  3.35887343e-01 -1.04788482e+00
 -2.37616673e-02 -4.60586607e-01 -6.63851351e-02  3.86007935e-01
 -6.76564574e-01  2.13381007e-01 -7.88031071e-02  1.34071354e-02
  2.72300720e-01  4.81498502e-02 -5.21291792e-01 -1.52987149e-02
 -1.96388587e-01 -3.81483793e-01  2.13679135e-01 -1.69817090e-01
  1.15551196e-01  2.18120202e-01  2.15968281e-01  4.41684455e-01
  7.46281594e-02 -4.71532851e-01 -4.96806055e-01  3.92385632e-01
 -3.29378217e-01 -7.23405898e-01  4.49575722e-01  1.37169421e-01
 -6.83211863e-01  4.32320863e-01 -9.07599866e-01 -4.63638633e-01
 -1.42361239e-01  6.14536405e-01 -2.27832377e-01 -3.56643707e-01
 -4.01975304e-01  7.42119402e-02 -6.50163461e-03 -6.28239870e-01
 -3.19595248e-01  2.79404283e-01  5.53563893e-01  9.24476460e-02
  4.02688354e-01  7.53254294e-02  1.31015092e-01  2.09016457e-01
 -1.16240054e-01  2.11564094e-01 -3.36146325e-01  6.06977604e-02
  6.15313113e-01  5.46426624e-02  5.06604671e-01  2.80706435e-02
 -3.70196313e-01  4.54337090e-01  3.95565443e-02 -6.62918031e-01
 -4.03927416e-01 -1.04911864e-01 -3.77028972e-01  4.44020867e-01
  3.90309870e-01  1.92138880e-01 -3.37231308e-01 -3.86337973e-02
  5.03009325e-03 -2.56937414e-01  4.02465314e-01  1.44906670e-01
 -1.58549309e-01  1.56590343e-01  5.60102046e-01  7.98497379e-01
 -1.05738170e-01  4.16924626e-01  8.86788666e-02  6.10121310e-01
 -3.43986660e-01  4.80064809e-01 -2.93715775e-01  5.23359060e-01
 -3.22411269e-01 -3.23025823e-01  6.60537556e-03  2.69365609e-01
 -4.14871812e-01  1.89812288e-01  4.57105279e-01 -1.19729869e-01
  6.50275707e-01  2.18709692e-01 -7.81388134e-02 -1.37696892e-03
  2.81600714e-01 -1.97381705e-01 -6.40599132e-01 -2.87861330e-03
  1.01144224e-01 -5.39785065e-02 -5.29500782e-01 -8.31178486e-01
 -4.51413989e-01 -2.37332612e-01  1.90821722e-01 -1.00305557e+00
 -4.77893591e-01  3.66088748e-01 -1.36596575e-01 -2.33608410e-01
  8.85740340e-01  3.17704082e-01  1.96450159e-01 -9.21209455e-01
 -1.77078657e-02 -5.15703782e-02 -1.10655800e-02 -1.27583873e-02
  3.19880247e-01  2.62291223e-01 -8.29983234e-01 -3.25249553e-01
  1.32012200e-02 -1.20013222e-01 -2.18438059e-01 -4.02336329e-01
 -2.32810423e-01  5.60745716e-01  1.63204316e-02  3.92722994e-01
  1.41830608e-01 -4.75532055e-01  3.50449383e-01 -1.77257612e-01
  1.54146507e-01  3.93658727e-01  2.39459574e-01 -2.11899936e-01
 -6.63347661e-01  5.10546826e-02  2.96462148e-01  3.88621278e-02
 -7.94061005e-01 -1.16635628e-01 -5.67259550e-01 -4.70851004e-01
 -1.71112761e-01 -1.02384984e+00  4.48743969e-01  1.48905069e-01
  8.78084660e-01 -7.15887666e-01 -2.88811892e-01  2.86648214e-01
  1.50404543e-01  1.25557736e-01  5.42009354e-01  5.90567470e-01
 -3.71343046e-01  4.32873338e-01 -3.79344761e-01 -1.02614510e+00
  1.15103340e+00  9.51106131e-01 -2.14823648e-01 -2.38054618e-01
 -3.67792211e-02  1.43688414e-02 -4.78367597e-01  1.50291905e-01
 -7.28599057e-02 -5.76999307e-01  3.03299993e-01  3.43578100e-01
  2.47607797e-01  2.01068535e-01 -3.53806287e-01 -8.23351666e-02
  8.23378026e-01  1.99472219e-01  1.56198159e-01  1.26349702e-01
  2.71039307e-01 -7.67313018e-02 -4.64277893e-01  7.20455587e-01
  3.84613752e-01  7.42439553e-02 -1.51061401e-01  2.20047325e-01
  4.95710462e-01 -1.73379570e-01 -1.71306863e-01  5.52779734e-01
  3.93748879e-01  4.89007920e-01 -3.79431069e-01  7.31854737e-02
 -3.95430326e-01 -2.54133701e-01 -4.70983088e-01  9.19316649e-01
  5.16614556e-01 -2.77360469e-01  3.50364782e-02 -1.82635382e-01
 -2.72803843e-01  1.00403309e+00 -1.31482780e-01  2.75613487e-01
 -6.11708999e-01 -1.11071281e-01  8.31241608e-01  4.99834754e-02
 -4.91468936e-01  1.25554517e-01  3.42318177e-01  3.77157748e-01
  5.52899182e-01  6.04163468e-01  7.01607466e-02  2.44121432e-01
 -1.07878327e+00  1.24357097e-01 -1.26151904e-01  2.03228906e-01
  8.11360955e-01 -8.84324871e-03 -3.33091885e-01 -1.57955047e-02
  1.09951206e-01  9.57757160e-02 -3.73484164e-01 -8.18121135e-01
  5.39152801e-01 -4.81381156e-02 -4.11475122e-01  5.38430959e-02
  2.59751558e-01  5.51985264e-01 -9.39081833e-02 -1.95470035e-01
 -7.44745672e-01  1.10266256e+00 -2.46772513e-01 -3.17946136e-01
  5.43409407e-01 -7.22730219e-01 -6.83970392e-01  6.90037608e-02
 -4.03128713e-01 -3.13908607e-01 -1.98488325e-01 -2.04818249e-01
 -5.39078414e-01 -2.37419251e-02  3.31306189e-01  8.78595412e-02
  2.32826412e-01  3.30237150e-01 -2.44457647e-02 -3.76969606e-01
 -3.08912039e-01  3.62511724e-01 -1.16667581e+00 -2.07853392e-01
 -5.15070975e-01 -2.59061784e-01 -5.44386864e-01 -4.43781286e-01
 -1.80263013e-01 -1.30804226e-01 -1.50271431e-01  4.11222845e-01
  3.25727701e-01 -1.05320692e-01 -4.84325401e-02  2.23383620e-01
  1.32618040e-01 -1.14212823e+00  1.61436364e-01  6.30876124e-01
 -3.14264953e-01 -2.47716039e-01  4.14759904e-01 -4.52916414e-01
  3.62130068e-02  1.37719780e-01 -4.40040916e-01 -2.03005746e-01
 -9.84172440e+00 -3.97947878e-01 -6.45287931e-01 -2.24279359e-01
 -4.36105311e-01  3.37750882e-01  7.46459782e-01  5.81264138e-01
 -4.88837898e-01  7.05007970e-01  5.71880519e-01  1.04195392e+00
 -5.96239716e-02  8.99756730e-01 -4.43978280e-01 -7.49362782e-02
  5.98292172e-01  4.07970190e-01 -2.78043419e-01 -9.31235105e-02
 -3.22797634e-02 -6.99628472e-01 -2.82791346e-01  8.67915869e-01
  1.86323717e-01 -7.34912395e-01 -2.89264411e-01  4.17535692e-01
 -2.37470105e-01  9.36404467e-02 -6.59008741e-01  8.26775908e-01
 -6.25566486e-03  4.61317122e-01 -1.91390216e-01 -4.43460822e-01
  2.21257582e-02 -2.22070858e-01 -3.10056489e-02  2.68986255e-01
  1.68645219e-03  3.06146473e-01 -1.27026603e-01  6.68649793e-01
  4.50473130e-02  4.64526325e-01  8.04759383e-01 -8.05629343e-02
  2.42679521e-01 -3.12968910e-01 -3.08256716e-01  2.25519553e-01
 -3.30812559e-02 -3.55687678e-01 -9.39259864e-03 -1.55425752e-02
  4.00883764e-01 -6.62455499e-01 -4.75392461e-01  9.90330800e-02
  3.10051560e-01 -2.85206258e-01 -1.25686422e-01  1.86456814e-01
  5.47991656e-02 -1.92677557e-01  2.90892750e-01  9.22226131e-01
 -4.33400691e-01  1.62226502e-02  8.12986672e-01  2.16430984e-02
 -4.49077219e-01  2.09104955e-01 -9.57845271e-01  3.60658020e-01
  8.75494123e-01  2.80828595e-01  1.28528750e+00  2.88867086e-01
 -2.04153135e-02 -2.32917130e-01  1.25127643e-01  4.76679832e-01
 -9.94509161e-01  2.29750827e-01 -7.59009242e-01  3.27214569e-01
 -1.53436556e-01 -3.13898116e-01  4.53537822e-01  2.15951055e-01
 -7.87214935e-02  1.01379000e-01  4.45066452e-01  1.99432895e-01
 -2.78383583e-01 -5.33755347e-02  6.69959366e-01 -7.50060678e-01]"
ウ,"[ 7.16040671e-01  5.49604118e-01  1.06005788e+00 -4.43172455e-01
  4.48430814e-02  3.21956873e-01  2.71565050e-01  6.27996447e-03
 -6.29997611e-01 -2.32913792e-01  5.50556898e-01 -5.56434214e-01
 -2.96823680e-01 -1.86366051e-01  3.26148659e-01  1.99595429e-02
 -1.58993572e-01 -4.17444408e-01  3.07723641e-01 -4.44192618e-01
 -1.43569231e+00 -5.54302156e-01 -1.95291460e-01  1.66947424e-01
 -3.15049201e-01 -4.72497463e-01  2.60067999e-01  9.22654122e-02
  3.44574243e-01 -3.43114972e-01 -6.20528758e-01 -1.69486374e-01
  2.76246853e-02  1.34527147e-01 -5.56464970e-01  5.06611824e-01
  1.04094464e-02 -3.86327565e-01  7.52918601e-01  1.90581203e-01
 -4.34430949e-02 -6.25337195e-03 -1.10675767e-01 -1.08855870e-03
 -2.32951060e-01  1.11647189e-01  1.65237427e-01  3.18500936e-01
 -2.47206446e-02 -4.21565592e-01 -8.24009240e-01  5.96374750e-01
  3.77323061e-01 -2.69231144e-02  1.93046033e-01 -2.09483609e-01
  9.54737663e-01 -1.06687963e+00  1.30802184e-01  3.89132231e-01
 -6.29865587e-01 -3.24621201e-01  4.78024840e-01 -1.24621272e-01
 -1.86718076e-01  2.39668280e-01  2.34998707e-02 -4.59245592e-03
  4.92657870e-01 -5.36670446e-01  4.45383221e-01  1.37165293e-01
 -1.06255487e-01 -7.00016022e-01  5.88559628e-01 -2.72763222e-01
  1.12935334e-01  3.39727432e-01  1.95166901e-01  2.92498488e-02
  1.83363944e-01  1.89394563e-01  1.85008928e-01 -4.67837989e-01
 -4.56617743e-01  1.38285562e-01 -7.63405025e-01 -1.02783906e+00
  5.83211482e-01 -3.62402737e-01  3.35579403e-02  2.73272693e-01
  3.22291493e-01 -1.09906569e-01  4.74197924e-01  2.39227071e-01
  1.66855566e-02 -4.34027566e-03 -3.33974242e-01  3.18278372e-02
 -3.18505466e-01  6.91365972e-02  1.39354065e-01 -4.68101025e-01
  1.09371647e-01 -1.71451703e-01 -3.93294811e-01  5.83107769e-01
  3.21184307e-01  2.40821555e-01 -3.93265545e-01 -3.88634324e-01
 -5.44151247e-01 -2.60616064e-01  4.82611597e-01  4.43647839e-02
 -5.01767933e-01  6.23804390e-01 -3.32778066e-01  5.30165613e-01
  1.64832041e-01  3.45000714e-01 -4.61008027e-02 -4.88058507e-01
 -1.34052157e-01  6.93930864e-01  2.39530593e-01 -8.71166661e-02
  2.27967203e-01 -1.75932318e-01 -1.81243718e-01 -7.23655999e-01
 -6.06303625e-02 -1.28423259e-01 -4.14808691e-01  7.96422780e-01
  3.08164418e-01  4.59326208e-02  2.72155344e-01 -5.11127651e-01
 -5.17636001e-01 -2.33959407e-01  4.80236083e-01 -6.77524328e-01
  1.86314955e-01  4.57313567e-01 -3.24295014e-01 -2.71047413e-01
  7.19058096e-01  3.44485730e-01 -4.05073091e-02  1.22162378e+00
 -5.08316815e-01 -4.21504397e-03 -1.09104328e-01  5.94537437e-01
 -7.33305216e-01  3.25606942e-01  5.37666380e-01  4.37829107e-01
  7.36100733e-01 -1.03426576e-02  5.24857640e-02  4.43390757e-01
  2.24078279e-02  2.88335592e-01  1.59544170e-01 -4.79702562e-01
 -3.03679973e-01  4.21258777e-01  1.49492174e-01  5.48896074e-01
  3.40950936e-01 -8.71381015e-02 -3.95018846e-01  1.61977962e-01
  8.20331812e-01 -1.80283591e-01  2.67578334e-01 -7.52974987e-01
 -2.78710455e-01  1.59581810e-01  5.62970757e-01 -6.08632386e-01
  4.92239565e-01 -6.07765988e-02  5.25845625e-02 -1.43023312e-01
 -1.91966355e-01  9.97748300e-02 -3.55560511e-01 -5.00298202e-01
  5.06961286e-01 -5.31934798e-01 -3.02319258e-01 -4.19243068e-01
  3.32695007e-01  1.38085470e-01 -4.93383825e-01  6.11286104e-01
  3.28400701e-01  1.61657035e-01 -1.62158489e-01 -5.78785896e-01
 -9.84539866e-01 -6.54933900e-02 -3.81376334e-02  2.91111887e-01
  2.58381993e-01  3.82747889e-01 -5.70695341e-01  7.09239393e-02
  7.39507303e-02  2.86776960e-01  6.94371700e-01  3.66030782e-01
 -2.54819304e-01 -4.56412643e-01 -3.78085524e-02 -4.54684757e-02
  1.46628395e-01 -2.53059566e-01  3.08271676e-01  1.77779138e-01
  4.23457958e-02  1.95485353e-01  1.80061296e-01 -4.82959569e-01
 -4.46991146e-01  4.22453701e-01 -5.54798007e-01 -6.09553218e-01
 -2.87503093e-01 -7.14776516e-02 -6.48085237e-01 -5.90021431e-01
 -3.88478547e-01 -2.70618126e-02 -2.96799630e-01  5.09854853e-01
 -2.20749557e-01 -3.46815139e-01  4.21644419e-01 -3.03888112e-01
 -2.97898710e-01  3.92776459e-01 -5.96282370e-02  4.85152230e-02
 -2.71362692e-01 -1.80214211e-01 -4.85119194e-01 -5.50102711e-01
 -1.46064058e-01 -5.48247062e-02  3.20635945e-01  4.96225029e-01
  4.85402435e-01 -2.99278855e-01  3.81333351e-01 -3.73530388e-01
 -4.47713405e-01 -5.84976196e-01 -1.86789498e-01 -1.52982026e-01
  6.60977811e-02  1.69545248e-01 -7.59079531e-02 -3.52529973e-01
 -7.25149870e-01 -4.50740993e-01  7.21923411e-02 -1.67071857e-02
 -5.82984127e-02 -1.75238892e-01  1.76436588e-01  8.80754665e-02
  1.37753308e-01  4.12329048e-01 -4.05186027e-01 -8.90388526e-03
 -2.57804722e-01  5.31994402e-01 -6.91399395e-01  1.42606691e-01
  9.13780835e-03  4.74073827e-01 -6.84618592e-01  1.83268113e-03
 -4.53542352e-01  7.37884343e-01  5.01132190e-01 -5.56135714e-01
  6.02494963e-02 -1.66056618e-01 -9.42103505e-01 -2.07673684e-01
  6.04506969e-01 -1.59555115e-03  4.08099085e-01 -1.18454859e-01
  3.92930657e-01  4.43378568e-01  8.90624821e-01 -6.74004629e-02
 -1.12778442e-02 -3.92647624e-01  1.57701224e-01  1.88776746e-01
  5.44503987e-01 -1.62852779e-01  2.81394482e-01  5.10875642e-01
 -6.43028021e-01  3.15815985e-01  8.40604305e-01  4.54933047e-01
 -1.77802837e+00 -3.15490574e-01  5.09924591e-01  1.88154355e-01
 -3.58378887e-01 -2.12312624e-01  2.24696264e-01  3.30497444e-01
 -3.35794449e-01 -4.86739337e-01  1.28249645e+00  2.57858187e-01
  1.95693672e-01 -4.18170601e-01  1.12636484e-01 -5.62515445e-02
 -1.41708806e-01 -5.21446228e-01  3.38325202e-01  4.10431117e-01
 -7.61240005e-01 -6.54457929e-03 -2.19285846e-01 -3.20843577e-01
 -5.57930410e-01  3.38376254e-01 -6.22255981e-01 -1.54126929e-02
 -3.61003816e-01 -1.23855829e-01  6.44548163e-02  1.19892108e+00
  8.73766601e-01  1.13605425e-01 -7.85572767e-01 -1.87774196e-01
 -5.42365722e-02 -3.29933971e-01  1.71589345e-01 -4.71077673e-02
 -1.40358746e-01 -1.25417739e-01  3.49879503e-01  1.09792404e-01
  1.69236571e-01 -9.03558135e-02 -6.12367451e-01 -1.05428100e-01
 -1.60651013e-01  7.27182508e-01  9.39148664e-01  1.42024815e-01
 -1.07327076e-02  5.41143000e-01  9.44216192e-01  3.77133340e-01
  1.17603675e-01 -6.48429930e-01 -3.32254231e-01 -4.62767929e-01
  7.66859427e-02 -2.49351487e-01 -4.17594105e-01  5.56211174e-01
 -1.49287611e-01  3.68744880e-02  1.74082235e-01 -8.22863281e-01
  4.12290752e-01 -5.09033144e-01 -2.34752417e-01 -2.06544533e-01
 -1.70366451e-01 -4.29976463e-01  7.41584122e-01  2.43178412e-01
  3.58751476e-01 -3.15397292e-01 -9.57608461e-01  6.62799597e-01
 -1.86171591e-01 -1.34786561e-01  1.95244402e-01  1.56921580e-01
 -1.30145578e-02  1.55310869e-01 -5.91698289e-02 -3.21650922e-01
 -8.68708730e-01 -3.00891966e-01 -4.20406580e-01 -6.36451244e-02
 -8.57962519e-02  6.06308579e-01  1.67367030e-02  1.61768347e-01
  2.56656736e-01  3.89099389e-01 -1.40243977e-01 -2.96801627e-01
 -5.63014865e-01  4.06154007e-01  3.24818224e-01  9.64802563e-01
  4.04055476e-01  7.86697958e-03  5.23979902e-01  1.74883660e-02
  8.57487842e-02  1.28358930e-01 -6.16624892e-01 -4.25798893e-01
  9.45486486e-01 -4.24720228e-01 -2.15534687e-01  3.16232592e-01
  1.19009264e-01  5.50872147e-01 -3.95574868e-01 -1.00243187e+00
  5.23220181e-01 -3.21571022e-01  2.51395792e-01  1.02209866e+00
  2.45553657e-01  1.29528150e-01  2.35287622e-01  2.30562892e-02
 -4.23205048e-01 -2.76933640e-01 -3.28922331e-01 -5.09810746e-01
  4.11363840e-01 -1.82649434e-01  6.00071728e-01  4.72385496e-01
  5.99153638e-01 -4.93774936e-02  3.51201832e-01  2.94397473e-01
 -5.44508100e-01  4.76869196e-01  6.14898860e-01  3.76830667e-01
 -2.98026800e-01  4.51095432e-01 -4.61815894e-01  2.61024199e-02
 -2.56652623e-01 -2.92400658e-01  1.01136053e+00 -3.66128348e-02
  5.85108876e-01 -7.22363710e-01 -3.12030435e-01 -4.95933414e-01
 -4.94141340e-01 -1.92767397e-01 -2.27434888e-01  7.53657743e-02
  2.83958793e-01 -3.67110074e-01 -6.58712447e-01  2.88394988e-01
  5.98970175e-01  4.79709685e-01 -5.10609299e-02 -3.06638241e-01
 -2.42385089e-01  1.44310355e-01 -7.13408232e-01 -5.08119762e-01
  5.75716496e-01  1.33645713e-01 -3.49325001e-01 -8.85440588e-01
 -3.18086386e-01 -1.37975529e-01  1.80566147e-01 -4.81180012e-01
  4.65103425e-02 -2.90102869e-01 -7.40047514e-01 -2.73175985e-01
 -4.84755099e-01 -1.20044157e-01 -6.42106056e-01 -3.72304142e-01
 -2.52456278e-01 -4.79332060e-01  4.62514767e-03  6.94812894e-01
  7.40345001e-01 -4.98549789e-01 -2.38092914e-01  1.25692427e-01
  1.68650851e-01 -2.38517508e-01  1.64094210e-01 -3.25444698e-01
 -1.57747671e-01 -5.75693488e-01  2.04005197e-01 -2.76162952e-01
 -6.52704909e-02 -8.76909718e-02 -7.34548450e-01 -4.65900540e-01
  3.24366055e-02 -8.09866250e-01  1.94154412e-01 -5.71203344e-02
  9.31557417e-01 -5.27416945e-01  1.28314644e-01 -5.06936982e-02
 -2.37449393e-01 -5.59950769e-01  5.27624726e-01 -3.12546849e-01
 -1.15858138e+00  3.61088723e-01  1.45674750e-01 -4.96135384e-01
  1.24215174e+00  2.09113210e-01 -6.29974842e-01 -1.04992591e-01
  1.29986420e-01  1.62437677e-01 -2.30471909e-01  1.48638442e-01
  3.89331430e-02  3.44085783e-01  4.43722427e-01 -4.37509924e-01
  6.19332314e-01 -3.59158660e-03 -2.29898542e-01 -1.35452345e-01
  3.42429459e-01  3.44156265e-01  6.82905555e-01  1.29414752e-01
 -6.26249969e-01 -2.23208055e-01 -3.25437993e-01 -6.77823722e-02
 -4.93472163e-03  3.35961312e-01 -5.25542736e-01  8.92374694e-01
  5.95879138e-01 -5.63697219e-01  3.58893722e-01  1.21140432e+00
 -4.23423871e-02  1.00338936e+00  1.73222333e-01  4.11442295e-02
 -6.27874792e-01  1.51021287e-01  7.85162672e-02  1.13573238e-01
 -7.04819784e-02  6.16788268e-02 -2.95042545e-01 -2.07189351e-01
  8.60603988e-01 -1.21087298e-01 -3.26449782e-01  8.48917291e-02
  2.58577079e-01 -2.89985210e-01  8.56760681e-01  3.06805164e-01
 -1.36516513e-02 -1.71894342e-01  3.32547456e-01  6.21066749e-01
  1.23173916e+00 -4.21998173e-01  3.74052674e-01 -3.31547111e-01
 -5.47127068e-01  1.43684179e-01  1.50127530e-01 -8.64528418e-02
  6.01215363e-01 -6.97274566e-01 -8.04886967e-02  7.73182809e-01
  2.36947969e-01  3.00097913e-02 -7.37051517e-02 -5.07893443e-01
  1.77318618e-01 -4.61463809e-01 -1.80193573e-01  4.58078273e-02
  3.56192291e-01  7.27163076e-01  4.08696771e-01 -1.53136924e-01
 -6.61972314e-02  8.01147103e-01 -9.96110737e-02 -4.93488669e-01
 -7.96970874e-02 -1.86291501e-01  3.93057391e-02 -5.20649850e-02
  3.48019212e-01 -2.10816879e-02 -2.20096946e-01  6.96488619e-01
 -2.26593941e-01  1.58699993e-02 -2.68517137e-01  3.71264756e-01
  1.12312593e-01 -1.10282540e-01  2.15176210e-01 -2.13267505e-01
  2.19078302e-01 -8.04663170e-03 -8.18797827e-01  5.76216057e-02
  1.49572268e-01  8.99965018e-02 -5.05091488e-01  5.94391348e-03
 -4.69350129e-01 -3.57458442e-01 -1.22824110e-01  1.75755724e-01
 -1.18492377e+00 -7.96239614e-01  4.04311538e-01 -1.13843111e-02
 -2.22231910e-01 -1.39412284e+00  6.04565978e-01  3.70403737e-01
 -3.32081988e-02 -1.89859390e-01  2.78543860e-01 -6.24178387e-02
 -2.02721819e-01 -1.56946585e-01 -2.01258510e-01  3.42308521e-01
 -9.88176918e+00  1.12770759e-01  2.50407439e-02 -6.22600853e-01
 -2.76820093e-01 -1.41919762e-01  1.09794724e+00  8.69891942e-01
 -1.87412709e-01  4.06247199e-01 -2.01487169e-01 -3.28345932e-02
  4.22211558e-01  6.47771239e-01  1.65358242e-02 -7.57811219e-02
 -2.08381042e-01  1.53451160e-01  1.10351264e-01 -8.12371746e-02
 -6.07629895e-01 -3.31951827e-01  7.04402804e-01  2.13520423e-01
  3.32133681e-01 -5.60950339e-01 -5.38508654e-01  7.21315145e-01
  2.39347965e-02  2.18113080e-01 -1.00224507e+00  2.96147227e-01
  1.26131713e-01  4.14044440e-01 -1.12271339e-01  3.90668362e-01
  1.04702450e-01  8.87585223e-01 -6.42447472e-02  1.89240113e-01
  1.08976685e-01  4.44355249e-01  7.05835000e-02  4.31388766e-02
  3.93780977e-01 -6.31690770e-02  2.85484418e-02  4.78996664e-01
  8.08911502e-01 -2.49125585e-01 -4.23261702e-01 -2.74450004e-01
  4.65073913e-01 -2.50932336e-01  1.57838166e-01 -4.56525050e-02
  6.44307196e-01 -9.43918109e-01  1.45242319e-01  1.49372593e-01
  3.02978486e-01  5.56549609e-01  6.30358040e-01  7.06629515e-01
 -1.50151372e-01  4.65382963e-01  5.70741117e-01  5.43890186e-02
 -1.22884679e+00 -4.16785181e-01  3.50274801e-01  3.19097728e-01
  2.79913932e-01  2.02869564e-01  1.53428257e-01  3.13708216e-01
 -2.31102943e-01  1.96545213e-01  2.69514769e-01  1.90439910e-01
  6.27090394e-01 -4.20842886e-01  1.83549061e-01  6.61153436e-01
 -5.12235284e-01  3.42084557e-01  2.13412911e-01 -2.76893467e-01
  2.21116453e-01 -5.82990050e-01  6.00941181e-01  1.98592559e-01
 -5.65831959e-01  4.26244050e-01  4.98821706e-01 -1.24667063e-01
 -2.60311179e-02  7.08031207e-02  2.06412062e-01 -3.70711058e-01]"
ヲ,"[ 3.20455879e-01  4.85528201e-01  3.86574492e-02 -6.65199518e-01
  4.90829684e-02  9.40057859e-02  6.29144609e-01  6.50162622e-02
 -4.89691883e-01 -3.03456634e-01  5.31316340e-01 -4.87235278e-01
 -4.01360124e-01  5.21582030e-02  1.01046935e-01 -9.11417380e-02
  9.52261090e-02 -8.15162212e-02  9.27488226e-03 -2.26725832e-01
  2.84782816e-02 -6.86816037e-01 -1.29417747e-01  1.22092009e-01
 -8.53891373e-02 -4.03358489e-01 -2.69041598e-01  5.19365191e-01
 -1.82863161e-01 -1.66871876e-01 -5.53688586e-01 -4.23616081e-01
  1.36358887e-01 -4.30458551e-03  2.77135611e-01  7.77556598e-02
 -3.49789023e-01  4.05227654e-02  2.74362504e-01 -4.47582781e-01
 -3.58385444e-01 -3.52921605e-01 -3.72211069e-01 -2.59282105e-02
  2.64020532e-01  1.98842380e-02  3.64948809e-02  3.88975531e-01
  8.04247975e-01  3.28020304e-01  5.30457161e-02  4.03200507e-01
  2.71628350e-01 -8.41557886e-03 -1.87746182e-01  5.36935292e-02
  6.73100114e-01 -2.94682473e-01  3.38887990e-01 -4.79425155e-02
 -4.56800044e-01 -2.46020645e-01 -5.80902457e-01 -2.07321137e-01
 -3.00304592e-01  5.82445264e-01 -9.96634290e-02  5.12287438e-01
 -1.29825041e-01 -1.36901870e-01  1.15925714e-01  1.94971450e-02
 -2.21286893e-01  1.42700151e-01  4.99672860e-01 -4.10564214e-01
  5.98120034e-01  1.28348768e-01  5.32594204e-01 -1.66004542e-02
 -5.26465476e-01  4.19118047e-01 -2.81153992e-02 -7.38647521e-01
  4.00289625e-01  3.15287977e-01 -8.22727740e-01 -5.90892315e-01
  6.36773407e-01 -2.95071781e-01 -5.18885016e-01 -2.03167707e-01
  4.34820801e-01  6.24515116e-01  1.11944474e-01 -3.08893889e-01
  1.62725434e-01 -1.84761748e-01  2.04969570e-01 -2.59799268e-02
 -2.98563957e-01 -4.02793467e-01  8.79792511e-01 -8.24323535e-01
 -2.57798940e-01  6.18682921e-01 -1.28181174e-01  2.89609283e-01
  2.86314964e-01  5.28106213e-01  5.56381524e-01 -7.00878263e-01
 -2.35729754e-01  2.59706110e-01  2.34842807e-01 -1.52508333e-01
  3.96202326e-01  1.96990281e-01 -1.90536037e-01  7.06462562e-02
  2.31352106e-01  7.84801722e-01 -1.32107154e-01 -3.34127247e-02
 -2.28415132e-01  2.11748958e-01  4.62207615e-01 -1.72553629e-01
  1.42044038e-01 -1.54703960e-01 -1.59650818e-01  2.37332270e-01
 -8.16425383e-02 -1.29605308e-01 -2.83813149e-01  6.19144559e-01
  9.27719399e-02  3.53635281e-01 -1.03334516e-01 -7.65228570e-01
 -2.81261653e-01  5.12293652e-02  5.68125963e-01 -1.68940187e-01
 -2.22227827e-01 -2.29301050e-01  1.71002388e-01 -2.10613728e-01
  2.61455029e-01  5.95423102e-01 -3.80027890e-01  4.95595455e-01
 -5.65086901e-01 -1.82464063e-01  3.84702623e-01 -1.07584968e-01
 -6.30381405e-01  1.44960672e-01  7.65232965e-02  2.35061765e-01
  3.68336797e-01 -5.44574142e-01  1.09689243e-01  3.87932241e-01
  4.54646975e-01  8.85230720e-01  1.49101213e-01 -9.20034945e-02
  3.86218905e-01  9.72686470e-01  6.58333838e-01  4.99584526e-01
  7.84792006e-01 -4.84414190e-01  4.25960511e-01  4.84428942e-01
  1.06477767e-01 -3.95479560e-01  2.42816821e-01 -6.54241621e-01
 -1.51081979e-01  1.31485626e-01 -3.71761829e-01 -3.18577409e-01
  2.69378930e-01 -3.41590554e-01  5.52491546e-01  3.14870514e-02
 -2.09436014e-01  1.54398188e-01 -3.24402809e-01 -4.81576592e-01
 -1.51966467e-01 -2.99409300e-01 -6.92118883e-01  2.44533688e-01
 -2.72238970e-01  9.51792821e-02 -3.40509117e-02  4.66062903e-01
 -3.07929330e-02 -1.61566287e-01 -8.00750613e-01 -5.87814510e-01
 -6.24364674e-01  3.35855573e-01  1.03580274e-01  5.16731858e-01
  6.17095828e-01  1.70042161e-02 -8.07152390e-02  1.23389729e-03
  2.58790284e-01  2.37485513e-01  4.09036547e-01 -3.44159454e-01
 -4.06849235e-01 -1.94180921e-01  2.16387123e-01  6.34656727e-01
  2.21931443e-01  2.32099295e-01  6.82182074e-01 -5.36699630e-02
 -5.57579622e-02  3.33146513e-01  1.47742391e-01  1.19394496e-01
  4.75608140e-01  5.95162697e-02 -1.83824226e-01 -4.93402213e-01
 -8.60750198e-01  5.87736815e-02 -1.93676218e-01  1.15055591e-02
 -3.75082672e-01  6.43787503e-01  5.97757936e-01 -4.25830856e-02
 -1.73084974e-01 -1.65008366e-01  1.53626978e-01  3.86587693e-03
 -5.98010004e-01  5.35377443e-01  1.01748638e-01  2.74135824e-02
 -7.06258342e-02  2.42647598e-03 -8.24796617e-01 -6.15157425e-01
  1.68529868e-01  2.02207282e-01  3.99445951e-01  2.38968626e-01
  1.54591620e-01 -6.13805890e-01  5.57384863e-02 -3.76970738e-01
 -3.04839551e-01 -7.29912221e-01 -3.74996334e-01 -3.69314760e-01
 -2.31376946e-01 -5.48492037e-02  2.48737127e-01 -2.83017129e-01
 -5.71586251e-01 -7.56170392e-01  1.53585887e-02 -1.77678585e-01
 -2.37398401e-01  1.69717237e-01 -5.37549257e-01 -9.90006328e-02
 -1.95724770e-01  3.69285077e-01 -5.26325941e-01  3.03290300e-02
 -4.08769727e-01  4.96332556e-01 -4.01029289e-01  2.51471967e-01
  2.64965147e-01  3.72402787e-01 -2.48919144e-01 -8.02912593e-01
 -9.11488235e-02  3.02096516e-01  1.46323100e-01 -3.20416480e-01
  1.37850538e-01 -3.39513034e-01 -2.29342058e-01 -8.27428699e-02
  4.04057294e-01 -2.76278704e-01  1.90900117e-01  5.71515188e-02
  7.91048706e-01 -3.18401992e-01  6.14631355e-01  4.84840095e-01
 -2.61606038e-01 -2.66214579e-01 -9.87711155e-06 -3.45525384e-01
  2.66577899e-01 -2.44530931e-01 -2.61648968e-02  7.65033245e-01
 -2.63371885e-01 -1.45808710e-02  7.10641816e-02  2.15044856e-01
 -1.74088526e+00  2.82590419e-01  1.80699706e-01  1.66763529e-01
 -5.11777639e-01  8.39743435e-01  4.12721097e-01  1.31881297e-01
 -1.02715686e-01  2.99286731e-02  5.98883390e-01  3.72548044e-01
 -7.59102553e-02  3.35805148e-01  6.93007335e-02 -1.52767941e-01
  1.76132135e-02 -3.09172779e-01 -8.56363550e-02  4.91534233e-01
 -2.47750767e-02 -3.22969884e-01  6.14094064e-02 -5.40919662e-01
  1.20541379e-01  2.12103814e-01 -4.61340174e-02  3.74266654e-02
 -1.42539963e-01 -6.83405221e-01  3.11843097e-01  7.85870135e-01
  3.29594076e-01  4.99253869e-01 -3.44457060e-01 -2.63788074e-01
  3.26521069e-01 -6.84621707e-02  4.15456295e-02  2.56737471e-01
 -1.51744351e-01 -1.33956969e-01  1.02802277e+00  5.75925291e-01
 -2.47844607e-01 -6.04220852e-02  2.14361604e-02  3.14754359e-02
 -2.56836385e-01 -2.48998165e-01  6.61537886e-01 -3.13007273e-02
  2.91762233e-01  3.39498967e-01  4.33820337e-01  6.20629638e-03
 -1.66797251e-01 -1.86020449e-01  4.02532697e-01 -8.26052308e-01
  4.70805764e-01 -1.74912900e-01 -8.55461136e-02  9.28791463e-02
 -4.37504262e-01 -1.46654174e-01  1.91152543e-01 -3.52618217e-01
 -2.48154104e-01 -5.70914686e-01 -1.77061602e-01 -2.28446215e-01
 -2.80090094e-01 -3.50355387e-01  2.20363483e-01 -1.20312892e-01
  1.21175185e-01 -5.08134425e-01 -5.03873155e-02  3.48210067e-01
 -1.36223733e-01 -5.64797744e-02  1.40334606e-01  2.92404503e-01
 -2.01735601e-01 -4.53456283e-01 -4.40192372e-01 -7.48599470e-01
 -6.47184849e-01 -1.86269224e-01 -1.71778843e-01 -1.72408059e-01
  8.26343447e-02  1.67420343e-01  7.03337640e-02  3.90617400e-02
 -1.28400810e-02  3.80258799e-01 -4.53642070e-01 -7.82600999e-01
 -2.81409621e-01  5.62509239e-01  5.05380452e-01 -7.11044967e-02
  4.47337687e-01  1.19841181e-01 -1.26887402e-02 -2.21837357e-01
  5.78853264e-02  3.58361870e-01 -8.81433547e-01  1.83538869e-01
  3.54167104e-01 -7.25191981e-02  5.35488687e-02  2.23745108e-01
 -1.66750327e-01  4.65683907e-01 -2.98986882e-01 -6.98552072e-01
 -5.02876461e-01  1.99477449e-01  2.91617960e-02  6.44784331e-01
  6.39089823e-01  1.02140081e+00 -5.33311903e-01  1.90039482e-02
  4.15926695e-01 -3.43969136e-01  4.85983580e-01  7.82874972e-02
 -5.28586745e-01 -1.93075001e-01  3.81051809e-01  6.70702159e-01
  3.19797754e-01  1.90368921e-01 -1.06464393e-01  8.75580162e-02
 -3.27784151e-01  6.50975034e-02  2.06476808e-01  3.19554448e-01
 -3.38597804e-01  3.72130275e-01 -4.09669489e-01  9.89624858e-02
 -4.35712308e-01 -3.57734323e-01  8.11883867e-01  2.13762656e-01
 -8.95203836e-03  1.70197353e-01 -5.67706406e-01 -4.17617172e-01
 -5.24898887e-01  7.38669280e-03 -2.90515453e-01  4.13917005e-01
  3.09732735e-01 -1.86425764e-02 -7.28797436e-01 -3.84173244e-02
 -4.35743034e-02  4.85654116e-01  7.11939514e-01 -5.33730626e-01
 -1.19508535e-01  4.53990757e-01 -2.37971544e-01 -6.39684498e-02
  5.98197222e-01  4.27609861e-01 -4.89585055e-03 -6.46053314e-01
  2.52503604e-01  3.10373515e-01  1.83103547e-01 -2.67240793e-01
  4.88578737e-01 -5.24961855e-04 -6.60420418e-01 -5.46648949e-02
 -3.45778525e-01 -3.20866317e-01 -1.63848534e-01 -5.00056922e-01
 -2.02728733e-01 -5.74969590e-01  1.26640990e-01  3.84569734e-01
  7.94918060e-01 -7.57155120e-01  2.22761512e-01  2.87487030e-01
  1.11168951e-01  4.77523386e-01 -6.45553768e-02  1.19073922e-02
 -2.42397070e-01 -1.24473646e-01  7.17616439e-01  5.69379926e-02
  2.11796865e-01 -3.09639663e-01 -4.82532889e-01  2.08854020e-01
 -3.55385810e-01 -1.04204905e+00  7.79356420e-01  1.26644270e-02
  4.13283795e-01 -7.08176076e-01  1.49345323e-01 -7.65169740e-01
  3.25407041e-03 -9.14791077e-02  9.78366658e-02 -1.11654550e-01
 -8.75704169e-01 -3.13991636e-01 -1.59094304e-01 -5.66377580e-01
  5.02381623e-01  4.60236013e-01 -9.82158959e-01 -1.58259675e-01
 -7.09792553e-03 -2.53142744e-01 -3.60427290e-01 -9.41133052e-02
 -7.88796425e-01  2.21928880e-01  3.75554144e-01  5.31251192e-01
  1.59806967e-01  2.59240985e-01 -3.50378543e-01 -4.55179930e-01
  9.46708381e-01  2.26078078e-01  3.70821685e-01  2.14122698e-01
 -2.14330301e-01  3.57138246e-01 -4.92413610e-01  4.19325262e-01
 -2.25655571e-01  6.13506436e-01 -1.03066795e-01  5.48817873e-01
  1.62576661e-01 -4.67727184e-01  4.33758684e-02  9.87399459e-01
  4.14647222e-01  6.22174799e-01 -3.47541161e-02 -4.45516318e-01
 -9.75279927e-01  6.19540274e-01 -7.52112418e-02  7.07108974e-02
 -2.23059371e-01 -1.69125527e-01 -8.87128338e-02 -7.56355643e-01
 -2.03510106e-01  5.69104254e-01  1.23496614e-01  5.35952330e-01
  9.08351988e-02  2.64063943e-03  8.01284075e-01  3.36239070e-01
 -5.43836057e-01  6.21774942e-02  2.11588725e-01 -1.34831443e-01
  3.84201884e-01  5.09960711e-01  2.37459362e-01 -6.87472671e-02
 -1.14118588e+00 -1.12966016e-01 -3.90985548e-01  4.26523566e-01
  3.41002733e-01 -3.35113883e-01 -3.04574966e-01 -2.02447176e-01
  6.51141346e-01  1.18816122e-02 -1.18034661e-01 -3.92895758e-01
  8.02096874e-02  1.81320850e-02 -3.09682339e-01 -4.04152870e-02
  3.72565597e-01  4.21107590e-01 -3.59532654e-01 -1.72240123e-01
 -1.53076619e-01  2.77862638e-01 -3.64395380e-01 -4.84514445e-01
  2.74763316e-01  6.99016154e-02 -2.01612666e-01 -2.32675895e-02
  1.87882110e-01 -4.56029713e-01 -1.54521242e-01 -6.84470087e-02
 -5.71183205e-01 -7.74160549e-02  2.26110682e-01  2.77084291e-01
  1.02772802e-01  1.36934027e-01  5.50413504e-02 -3.40131134e-01
  3.45117688e-01  1.43045232e-01 -9.15470600e-01 -1.72058985e-01
 -2.54767001e-05  2.42415026e-01  4.37476575e-01  2.34339967e-01
 -2.35866278e-01  1.98669240e-01 -5.19523144e-01 -3.09079867e-02
  2.12848380e-01 -5.26628911e-01  2.32067794e-01 -4.97545041e-02
 -4.03855115e-01 -1.26020944e+00  3.59481364e-01  4.09864224e-02
 -1.61884546e-01 -1.44862935e-01  2.41664592e-02 -3.81735750e-02
  2.51696318e-01  1.24813408e-01 -2.56904602e-01  2.69139051e-01
 -1.01839027e+01 -2.56715000e-01 -7.18460202e-01 -6.79630518e-01
 -3.51159900e-01  3.78977835e-01  6.48255169e-01  4.52355385e-01
 -2.73004800e-01  4.89516914e-01 -1.09148540e-01  3.03975284e-01
  1.72423244e-01  5.18298745e-01  1.84263717e-02 -7.57041294e-03
  2.14918777e-01 -9.09195468e-02 -2.01914892e-01 -3.10897201e-01
 -5.79622425e-02 -1.13314852e-01  6.72418773e-01  6.76067993e-02
 -3.90843190e-02 -6.40587747e-01 -3.95063907e-01  3.10825318e-01
  5.64018674e-02  5.07270932e-01 -5.50993800e-01  1.00702178e+00
 -4.92061526e-01  4.78999227e-01 -2.84120262e-01 -5.64695120e-01
 -1.35040656e-01  1.90320268e-01  2.12933123e-01  6.92360878e-01
 -4.86094952e-02  6.78657949e-01  1.88240364e-01  2.13950887e-01
  3.85446399e-01  1.51423872e-01  2.53877461e-01  8.11235547e-01
  2.59626895e-01  3.86650443e-01 -2.08261326e-01 -3.06865305e-01
  2.08678946e-01  1.30409017e-01  9.34861898e-02 -1.98082924e-01
 -1.50705472e-01 -8.94274652e-01 -3.28174800e-01 -2.26006404e-01
  5.08023143e-01 -1.44763812e-01  7.43415415e-01  6.46694541e-01
 -4.47029501e-01 -2.55549818e-01  3.53536785e-01  3.17102760e-01
 -6.13859534e-01 -1.94112897e-01  5.54634154e-01 -4.73646849e-01
 -5.34936599e-02  1.91792250e-01 -6.95120811e-01  5.46485841e-01
  2.73507684e-01 -2.49431476e-01  7.68069088e-01  3.17653507e-01
  6.65317059e-01  1.69256791e-01 -4.70712006e-01  2.70485371e-01
 -9.56245601e-01  7.43104517e-01  5.06362431e-02  2.95341223e-01
 -2.51233578e-01 -3.25440615e-01  6.69067085e-01  2.44053409e-01
 -1.78112477e-01  1.24390073e-01  2.58728713e-01 -5.26339889e-01
  2.78722107e-01  3.45656484e-01  4.04441178e-01  2.08187848e-01]"
フ,"[ 7.82647550e-01  5.25917411e-01  1.30208886e+00 -3.08349848e-01
  2.12421298e-01  8.31846118e-01  5.09613454e-01  3.76419425e-01
 -9.01432931e-01 -5.63749075e-01  4.13691878e-01 -7.01193094e-01
 -2.95583636e-01  3.47710401e-01  2.74811149e-01  2.73348927e-01
 -3.14747930e-01 -3.07599485e-01  2.14062095e-01 -1.05566442e+00
 -1.68436706e+00 -6.00017130e-01 -4.54872221e-01  7.45620370e-01
  1.93564624e-01 -9.04433846e-01 -3.99377942e-02 -3.06529939e-01
  3.32067877e-01 -4.79370236e-01 -6.47513032e-01  2.99863487e-01
 -2.04831287e-01  2.48792037e-01 -7.03609228e-01  3.75649333e-01
 -5.23770034e-01 -5.79116642e-01  4.59319204e-01  4.35822047e-02
 -1.24784343e-01 -4.10947472e-01  3.52863520e-02  4.47593838e-01
 -2.28891909e-01  4.46135998e-01  8.41410272e-03  3.60631526e-01
  4.21722978e-02 -3.79455566e-01 -8.03179443e-01  5.98859489e-01
  5.25773704e-01  4.15566325e-01  2.42164657e-01 -1.17814112e-02
  7.35914886e-01 -7.01969922e-01  2.43315741e-01  5.86080372e-01
 -7.90153563e-01 -3.74113023e-01  5.64501345e-01 -8.77593011e-02
 -1.02911972e-01  3.65419507e-01 -3.01722795e-01 -4.39783037e-01
  7.34266222e-01 -1.01545915e-01  1.93434149e-01  3.04078907e-01
 -1.30567893e-01 -1.05014837e+00  7.23466992e-01 -3.06914151e-01
 -5.59362359e-02  8.14135969e-01  3.47547978e-01  1.16925292e-01
 -1.95765108e-01  4.91143107e-01  5.68294048e-01 -1.94267750e-01
 -4.74248260e-01 -2.92376410e-02 -5.25469661e-01 -1.04090118e+00
  7.49848306e-01 -8.27324912e-02  1.00664392e-01 -3.59692812e-01
  1.58191510e-02 -1.38005957e-01  6.64549351e-01  4.15148288e-01
 -3.05054523e-03 -2.80613840e-01 -3.90187562e-01  6.02873676e-02
 -3.06217760e-01  1.63814053e-01  3.20496738e-01 -5.31065203e-02
 -3.50250065e-01 -1.43982127e-01 -3.32299203e-01  2.78855026e-01
  3.77189964e-01  4.89404947e-01 -6.11553490e-01 -7.62937069e-01
 -2.65266418e-01 -4.73008096e-01  4.86597598e-01 -3.82624045e-02
 -3.93780142e-01  3.75756770e-02  5.67347966e-02  3.26442629e-01
  9.69640911e-03  5.39633155e-01  1.58000886e-01 -6.77504778e-01
  3.86275910e-02 -6.03411682e-02  7.53792286e-01 -1.78754419e-01
 -6.00111723e-01  5.77094816e-02 -4.29245710e-01 -1.01733065e+00
 -1.63769573e-01  2.00555101e-03 -2.79669017e-01  7.68581033e-01
  1.96971789e-01 -2.81340003e-01 -5.58883771e-02  4.81328517e-02
 -6.11000121e-01  1.57626033e-01  5.38281739e-01 -8.71837318e-01
  3.33581562e-03  3.88865054e-01 -7.27371454e-01  2.03920640e-02
  2.86573499e-01  1.33916870e-01  6.15801439e-02  1.57815647e+00
 -7.01809883e-01  1.98264286e-01  1.62270084e-01  3.90638649e-01
 -6.51776671e-01 -8.84410813e-02  6.51547685e-02  1.70063674e-01
  4.54091191e-01 -1.01943612e-01  2.89283633e-01  4.66449320e-01
 -5.93703091e-02  8.79369825e-02  6.23777628e-01 -2.35121757e-01
 -3.87005538e-01  3.16160589e-01  5.06709337e-01  6.64134681e-01
  3.00256401e-01  4.16216135e-01 -3.30784559e-01  3.69539529e-01
  1.18171763e+00  3.82842481e-01 -2.79423267e-01 -6.68540180e-01
 -1.39313906e-01  2.24739667e-02  4.02513772e-01 -5.96123338e-01
  9.27061379e-01 -9.58791301e-02  2.17003152e-02 -3.79576057e-01
 -4.39115047e-01  4.82353121e-01 -3.18075120e-01 -1.56537786e-01
  5.23457110e-01 -3.43480468e-01 -5.78572690e-01 -1.80210188e-01
  8.66729736e-01  3.60177487e-01 -5.11703849e-01  2.46784866e-01
  1.03565529e-02  3.24565709e-01 -5.54741360e-02 -7.31342852e-01
 -8.63351941e-01  1.38213262e-01  2.96723306e-01  3.60331684e-01
  2.66837329e-01  7.36216068e-01 -3.45761746e-01 -2.27996320e-01
  5.57525575e-01  7.35202758e-03  5.64224362e-01  3.12273741e-01
 -5.55185437e-01 -3.19980741e-01 -1.09665945e-01  3.40611219e-01
  4.13384765e-01 -7.42934823e-01  9.65041518e-02  4.52797972e-02
  2.45937765e-01  8.75594616e-01 -1.19197428e-01 -2.42388397e-01
 -4.14965540e-01 -1.83113828e-01 -1.61120355e+00 -7.48286903e-01
 -7.81039417e-01 -1.94545358e-01 -3.63337874e-01 -5.55990398e-01
 -3.12035292e-01 -1.69833302e-01 -1.05484533e+00  4.51220751e-01
 -3.41326773e-01 -4.72518146e-01  5.25271714e-01 -3.33267033e-01
 -1.45078912e-01  2.72296190e-01 -2.69689322e-01 -2.71205038e-01
 -2.67325819e-01 -1.68802559e-01 -3.45682800e-01  4.61778939e-02
 -2.78889418e-01 -7.82595053e-02  9.09902334e-01  7.65965939e-01
  8.24813664e-01 -5.93795717e-01  2.70438612e-01 -7.05629528e-01
 -1.70206234e-01 -1.99136332e-01 -8.74573067e-02  4.67531532e-01
 -1.29725859e-01  9.21973437e-02 -2.85319149e-01 -5.01835465e-01
 -1.32753387e-01 -7.17441320e-01  3.15306664e-01 -2.85966814e-01
  2.21679091e-01 -3.14525634e-01  2.00291276e-01  6.47503018e-01
 -4.85193402e-01  6.03637397e-01  7.81825855e-02  1.19231150e-01
 -7.29739293e-02  3.89627844e-01 -6.47833526e-01 -5.57009913e-02
 -4.68339086e-01  2.02988729e-01 -6.89609587e-01 -1.56571627e-01
 -6.22638881e-01  1.06590903e+00  4.69919473e-01 -6.70174599e-01
  1.61680475e-01 -1.01886757e-01 -6.51634693e-01  7.24902675e-02
  1.06340373e+00 -4.81708907e-02  5.07693827e-01  1.76863298e-01
  1.11637963e-02  3.17154229e-01  1.05577040e+00 -3.76553357e-01
  3.21000189e-01 -1.27280923e-02  5.94699681e-01  8.35534558e-02
 -1.91299558e-01 -8.43067989e-02  3.51381242e-01  6.48470879e-01
 -3.42365652e-01  7.75106549e-01  7.82606065e-01  8.60111356e-01
 -1.65384138e+00 -5.60502708e-01  4.47244525e-01  2.06942573e-01
 -7.57783413e-01 -3.49187404e-01  3.40590298e-01  2.77040303e-01
 -5.02242386e-01 -7.94109225e-01  1.41403389e+00  4.98766005e-02
  2.08683982e-01  3.63987163e-02  1.88692361e-01 -1.11031048e-01
 -3.60130608e-01 -1.12408829e+00  5.79652131e-01  3.87356013e-01
 -7.95459867e-01  2.00630147e-02  1.39887869e-01 -2.52302825e-01
 -5.48057795e-01  5.79018295e-01 -1.01518631e+00  2.15661302e-01
 -7.13244557e-01 -1.41519114e-01  5.80285549e-01  1.01964450e+00
  7.87522018e-01  3.35296363e-01 -1.33867955e+00 -3.95884991e-01
 -4.64708060e-01 -5.51258147e-01 -3.68074626e-01 -2.89611042e-01
 -5.86372055e-02 -4.85617459e-01  3.59065861e-01 -2.03989476e-01
  3.19382042e-01 -4.66966063e-01  1.84358098e-02 -1.17764577e-01
 -7.51829743e-01  2.17194811e-01  4.98323023e-01 -1.21766530e-01
  3.02167505e-01  3.97454649e-01  8.73189807e-01  4.86418575e-01
 -1.47506103e-01 -8.21750760e-01 -4.15377289e-01 -7.17481852e-01
 -1.88540682e-01 -4.71468329e-01 -5.40361106e-01  8.72439623e-01
 -6.35207340e-04 -3.62211853e-01 -2.05666453e-01 -9.95925963e-01
  6.53732181e-01 -2.55873770e-01 -4.66859102e-01 -5.66553548e-02
  1.70031525e-02 -3.28914702e-01  7.08534956e-01  1.28941527e-02
  7.04864323e-01 -4.43582982e-01 -8.13341975e-01  1.12423912e-01
  3.96507755e-02 -2.63977855e-01 -1.46456614e-01  7.61071742e-02
 -1.33130148e-01 -1.81857683e-02 -3.39247912e-01 -5.73343217e-01
 -4.14599389e-01  2.88230866e-01 -6.08850181e-01 -9.06104147e-02
 -1.52483240e-01  6.97809756e-01 -2.26354331e-01  1.55598328e-01
  4.98451181e-02  5.96865177e-01 -6.97800636e-01 -4.87546891e-01
 -6.56886725e-03  8.43118504e-02  2.02044323e-01  2.06645131e-01
  4.42749113e-01  1.44969016e-01  3.98659706e-01  1.59820527e-01
  4.30325896e-01  1.50802344e-01 -5.40567458e-01 -3.22427094e-01
  6.21984422e-01 -2.15380952e-01  1.02795482e-01  3.13167959e-01
 -4.95007336e-02  4.14121062e-01 -2.43007839e-01 -1.13359225e+00
  5.52682877e-01  9.35630500e-02 -1.70994759e-01  7.19465137e-01
  8.00606847e-01  3.39845896e-01  3.50449800e-01  2.76076257e-01
 -2.42712386e-02  2.78523583e-02 -3.48795623e-01 -3.79682630e-01
  5.32269657e-01 -6.66004699e-03  6.83804512e-01  8.62019122e-01
  2.15399951e-01  5.26101351e-01  4.66692746e-01  5.13240814e-01
 -7.97293186e-01 -4.25045453e-02  1.19311996e-01 -4.42487270e-01
 -3.89292121e-01  9.43137109e-01 -5.37301004e-01  1.40377805e-01
 -9.62409601e-02 -2.76737869e-01  1.23733783e+00  3.06611061e-01
  6.16704583e-01 -1.15459180e+00 -5.08632064e-01 -9.02416706e-01
 -1.16800499e+00  2.13716894e-01 -6.36904895e-01  2.09286492e-02
  3.65663379e-01 -3.00349444e-01 -5.02281070e-01  4.09797400e-01
  6.45879626e-01  5.96021675e-02 -2.25404516e-01 -2.97485203e-01
 -4.05407518e-01  4.94538099e-02 -6.48215055e-01 -2.73283094e-01
  3.17872465e-01 -5.39429896e-02 -2.89714366e-01 -4.14691389e-01
  3.14884573e-01 -1.20146506e-01  7.00893283e-01 -2.47429326e-01
  1.03932969e-01  8.91305208e-02 -5.52187622e-01  5.21543026e-02
 -1.70706600e-01  1.37383267e-01 -6.73377633e-01  2.77359128e-01
 -1.02622703e-01 -3.35127592e-01 -1.46926776e-01  6.38033569e-01
  6.10380352e-01 -6.89893484e-01 -3.36894900e-01  3.70931476e-01
  1.59607306e-01 -2.26615220e-01  2.43816748e-01 -6.97083175e-01
 -5.01698911e-01 -3.41538906e-01  1.11199372e-01 -1.55766206e-02
  1.43861040e-01  3.09151441e-01 -1.08954763e+00 -7.68035650e-01
  6.43837094e-01 -1.38792276e+00  2.77736723e-01 -7.27885514e-02
  7.27701783e-01 -1.08867919e+00 -5.95618449e-02 -1.70104325e-01
 -1.64844006e-01 -3.16530496e-01  2.49177963e-01  1.80337980e-01
 -1.04563236e+00 -4.03307676e-01  3.63963604e-01 -8.29517961e-01
  1.67252862e+00  8.32167938e-02 -8.31673741e-01  3.97058129e-01
  5.50849199e-01  6.57026947e-01 -2.09646925e-01  6.33909032e-02
 -3.37766588e-01  1.10040694e-01  3.34869444e-01 -2.18474403e-01
  5.02188325e-01  1.71818405e-01 -1.33710459e-01 -1.80999190e-01
  3.94617528e-01  3.53572994e-01  3.58871698e-01  5.83962142e-01
 -3.26499939e-01  3.35221514e-02 -4.11523253e-01  2.17437997e-01
 -6.74751848e-02  2.34942034e-01 -4.63930994e-01  7.39022493e-01
  1.85013235e-01 -2.15560272e-01  2.49356732e-01  1.16218233e+00
  4.12730649e-02  9.49841797e-01  9.35586616e-02  2.36268148e-01
 -5.33513308e-01  4.20653492e-01  6.77196741e-01  1.67118043e-01
  7.00884163e-02  2.54230171e-01 -2.47839391e-01 -5.79863414e-02
  7.09711015e-01 -5.82409501e-01 -3.60090882e-02  3.53170335e-01
  3.22864391e-02 -2.96020389e-01  6.82790756e-01  4.07968700e-01
 -1.78888366e-01 -1.72180623e-01 -9.47501436e-02  1.08485448e+00
  9.26844954e-01  1.47440165e-01  9.45097208e-01 -7.09666729e-01
 -3.59796733e-01  1.36256427e-01 -2.47442365e-01 -2.60311872e-01
  3.11763376e-01 -2.20792860e-01 -8.63722742e-01  6.91807508e-01
  6.39093995e-01  4.34571542e-02 -1.29994214e-01 -7.24925101e-01
  2.89378852e-01 -1.67659983e-01 -3.07060570e-01  2.06952721e-01
  2.21372291e-01  6.77560747e-01  2.32271492e-01 -3.65689360e-02
  1.25641316e-01  8.04988444e-01  2.53866129e-02 -1.40548557e-01
  1.78979188e-01 -3.75238508e-02  4.76011723e-01  2.03800470e-01
  7.21946537e-01  2.19666451e-01 -1.18965879e-01  7.66073704e-01
 -2.63091683e-01 -1.71911418e-01 -2.65062511e-01  8.61074150e-01
  3.75340104e-01 -7.87468791e-01  1.90886483e-01 -1.85985342e-01
  1.32765591e-01 -3.18561375e-01 -8.11702728e-01 -2.00231493e-01
  1.60125226e-01 -4.23499137e-01 -2.64557183e-01  2.83981919e-01
 -3.87500584e-01 -1.95529550e-01 -2.38287300e-01  3.39453638e-01
 -1.17828834e+00 -2.70878464e-01  6.08580232e-01  1.08951919e-01
 -4.94533986e-01 -1.60599089e+00  4.11206633e-01  7.20181286e-01
  1.60185650e-01  1.57779574e-01  4.77547348e-01 -9.90123525e-02
 -5.26445031e-01  7.39465132e-02 -5.46195984e-01 -2.56094247e-01
 -9.25653744e+00  4.01836902e-01 -1.64053157e-01 -6.55582607e-01
 -2.39472106e-01 -3.47618222e-01  9.82560873e-01  1.10607791e+00
 -3.42825651e-01  6.24939620e-01 -7.08633214e-02  9.89143550e-02
  4.06998575e-01  6.51035516e-04  8.99028033e-02  1.49146020e-01
  6.48775846e-02  4.12713997e-02 -1.64781004e-01  1.31873667e-01
 -7.60875344e-01 -4.36492890e-01  6.29807651e-01  1.12572923e-01
  2.87511319e-01 -2.35936731e-01  1.51090130e-01  7.92638600e-01
  6.61192358e-01  5.90873122e-01 -8.57350707e-01  6.14852905e-01
 -7.63439834e-01  5.06893992e-01 -3.98905903e-01  2.96875507e-01
  7.40435064e-01  3.40602428e-01 -5.18068075e-01  4.91527766e-01
  5.32348812e-01  3.73053223e-01  4.88676019e-02 -2.28323847e-01
 -2.64637411e-01 -8.41872334e-01  4.30218935e-01  7.89315179e-02
  9.75777745e-01 -1.45805582e-01 -6.18143618e-01  1.92748025e-01
  1.86329857e-01 -6.91390157e-01  3.57598871e-01 -1.90877125e-01
  2.85256207e-01 -1.04374230e+00  3.64740342e-01 -1.32046798e-02
 -4.36468683e-02 -8.27958733e-02  5.22545993e-01  7.40824759e-01
  1.81303754e-01  8.13947678e-01 -1.33367151e-01  1.46204337e-01
 -1.01795745e+00  6.88395500e-02  2.01275110e-01  4.17577833e-01
  1.95419192e-01  3.05780590e-01  2.36955956e-01  3.95616591e-01
 -8.40825662e-02  2.88647592e-01  4.74342287e-01 -2.23226458e-01
  6.44110262e-01 -5.34417808e-01  1.75139606e-01  4.00959432e-01
 -6.76573634e-01  1.13503136e-01  2.19728470e-01 -8.71298254e-01
  3.33032191e-01 -7.56392777e-01  3.60424697e-01 -3.42170596e-01
 -4.85507190e-01  5.57083964e-01  2.93882817e-01 -4.86824155e-01
 -5.74239418e-02  5.44822104e-02  2.94287384e-01 -4.14492786e-01]"
ヤ,"[ 9.47751284e-01  1.17372423e-01  1.31664300e+00 -5.01728117e-01
 -3.68946075e-01  3.77310902e-01  4.91906196e-01  2.18652543e-02
 -6.70185208e-01 -3.88258547e-01  4.11050349e-01 -6.08222067e-01
 -2.23902732e-01  2.13964842e-03  4.48687643e-01  3.26085746e-01
  1.39632717e-01 -5.80708683e-02  3.86480391e-01 -1.84018597e-01
 -1.44109893e+00  3.21294833e-03 -1.13534033e-01  4.90700006e-01
  2.90323853e-01 -8.05202425e-01 -3.80502492e-01  2.17410326e-01
  2.27731079e-01 -2.58250833e-01 -3.99766773e-01  3.07863522e-02
 -3.03418487e-01  3.10472310e-01 -8.15094888e-01  2.95032233e-01
 -8.64204243e-02 -2.39121273e-01  5.46709061e-01 -2.34661564e-01
 -5.09245396e-01 -3.65142465e-01 -2.45849654e-01  2.50484981e-02
 -3.83639961e-01  4.06111896e-01  4.86630946e-02  3.07876974e-01
 -1.97857454e-01 -1.26485080e-01 -7.91550219e-01  5.03746152e-01
  3.70722741e-01  2.52964497e-01  1.93433851e-01 -2.69999038e-02
  8.81353915e-01 -9.82150495e-01  8.48774835e-02  1.98813871e-01
 -1.54380158e-01 -4.48928803e-01  9.52575624e-01 -3.06191176e-01
 -3.85287941e-01  6.10985281e-03  1.89868659e-02 -9.98372138e-02
  8.14080834e-01 -4.87325877e-01  3.44953716e-01  3.15162212e-01
  3.10182385e-02 -5.90737998e-01  4.13842618e-01 -1.67221352e-01
  1.08968884e-01  5.05853593e-01 -6.74997792e-02 -1.31664842e-01
  3.44827205e-01  3.03857982e-01  2.07989171e-01 -2.79640675e-01
 -4.77731049e-01  2.56766170e-01 -5.23164630e-01 -9.27364528e-01
  4.41521525e-01 -2.92556375e-01 -5.38848490e-02 -1.17519632e-01
  7.34923109e-02  1.16525687e-01  4.61976558e-01  8.89632404e-02
  3.71655524e-02  1.48884756e-02 -4.28951830e-01  8.56628567e-02
 -7.10574985e-02  4.44853976e-02  2.98647583e-01 -3.39700431e-01
  2.64797628e-01  7.49158189e-02 -7.30405331e-01  1.75926208e-01
  2.14313924e-01  3.80236745e-01 -4.67934281e-01 -4.22165126e-01
 -4.80867028e-01 -1.36212781e-01  4.29191500e-01  1.20791577e-01
 -2.12946713e-01  3.49251628e-01 -1.41174883e-01  3.88520986e-01
  9.62946415e-02  5.54743469e-01  2.45386036e-03 -6.71446860e-01
 -5.55116162e-02  7.09915698e-01  2.60865420e-01 -2.16345303e-02
 -1.54305428e-01 -1.70435309e-01 -3.15834820e-01 -6.51028097e-01
 -1.54808238e-01 -1.52805984e-01 -5.97296596e-01  4.60217476e-01
  4.04851466e-01 -1.35289803e-01  1.29897231e-02 -3.71782213e-01
 -2.70534933e-01  3.29854228e-02  2.75161713e-01 -6.00621819e-01
  3.90643269e-01  3.40608805e-01 -1.42786726e-01 -2.49962494e-01
  3.83731067e-01  2.81051815e-01 -3.56912464e-02  1.16478980e+00
 -8.49041045e-01 -5.80755435e-02  7.22143101e-04  4.26229596e-01
 -9.00900245e-01  6.91477507e-02  4.66818780e-01  8.82570446e-02
  4.76473808e-01 -2.75090098e-01  3.07360977e-01  5.11920035e-01
  3.01084399e-01  4.18198630e-02  1.99328139e-01 -5.93415558e-01
 -1.18900716e-01  5.26804924e-01  4.57430512e-01  1.64819956e-01
  4.36676890e-01 -1.79554239e-01 -2.99513340e-01  5.99355996e-02
  1.32104301e+00  1.31308764e-01  5.85957803e-03 -2.56692499e-01
 -1.04578875e-01  2.69354314e-01  3.18389058e-01 -4.79555964e-01
  6.00387216e-01 -2.97422618e-01  4.24368173e-01 -4.32594530e-02
 -2.64318734e-01  5.35744250e-01 -3.71714413e-01 -3.28250796e-01
  4.46818501e-01 -4.65978444e-01 -2.20562428e-01 -6.31150365e-01
  4.97250736e-01  1.09686248e-01 -6.76611602e-01  4.32055265e-01
  1.87822133e-01 -3.07574451e-01 -3.27128500e-01 -7.42934763e-01
 -1.22077024e+00  4.58682366e-02  1.54832035e-01  5.69289744e-01
  9.96578187e-02  9.35823262e-01 -2.91261226e-01 -1.98996693e-01
  5.05968451e-01 -2.85303425e-02  2.98714012e-01 -1.68286711e-01
 -2.88415194e-01 -2.47389123e-01  2.28896476e-02 -4.66551811e-01
  2.31499642e-01 -4.00771827e-01  1.38007537e-01 -1.44428480e-02
  3.25075924e-01  6.87926352e-01  1.78976968e-01 -6.18426979e-01
 -6.87139511e-01  1.77127242e-01 -8.92789364e-01 -6.03021443e-01
 -5.98349035e-01  4.52367589e-02 -5.10049164e-01 -7.10773468e-01
 -2.55188882e-01 -2.66286656e-02 -5.75800300e-01  7.04792857e-01
 -4.01472934e-02 -1.14395648e-01  6.10513568e-01 -4.79111016e-01
 -4.74183746e-02  5.49505115e-01 -1.51928112e-01  2.45104685e-01
 -2.01030031e-01  2.17119098e-01 -2.15442777e-01 -5.59601605e-01
  2.89374422e-02 -2.80970395e-01  6.42380476e-01  5.64197719e-01
  8.40052783e-01 -6.78966880e-01  1.63441375e-01 -5.08150637e-01
 -5.48935942e-02 -5.11036158e-01  2.43724827e-02  1.10157751e-01
  1.04964860e-01  5.90368286e-02 -2.40217239e-01 -2.35183522e-01
 -3.94808650e-01 -7.82741964e-01  2.92199999e-01 -2.14363933e-01
 -4.74232435e-02 -3.72004032e-01  3.67142856e-01  2.17059925e-02
 -5.03964543e-01  1.62311405e-01 -2.50731409e-01 -4.61698547e-02
 -3.69463682e-01  4.46310341e-01 -6.06615126e-01 -2.02911392e-01
  1.73263192e-01  2.03907236e-01 -9.89516079e-01  1.38911292e-01
 -3.70805800e-01  9.55049932e-01  6.65537238e-01 -6.93976939e-01
 -1.57158792e-01  2.29577050e-01 -6.14011109e-01  1.69718698e-01
  5.24161577e-01 -1.34373941e-02  6.82406485e-01  1.46551654e-01
  2.88872957e-01  8.23900819e-01  5.79613745e-01  1.04454219e-01
 -1.27165467e-01 -7.26935565e-01 -1.87009156e-01  3.39128762e-01
  3.79576087e-01  1.18225649e-01  2.60484308e-01  9.11391318e-01
 -5.37702501e-01  5.64645052e-01  8.85112047e-01  5.39187253e-01
 -2.05793762e+00 -3.42311978e-01  5.83202481e-01 -1.51042584e-02
 -7.59589672e-01 -3.52277398e-01  8.20903420e-01  5.07101655e-01
 -2.41457105e-01 -6.18749976e-01  1.14404738e+00  3.29505146e-01
  6.13541864e-02 -5.43436825e-01  9.51761007e-02 -1.87325776e-01
 -4.04492058e-02 -8.19148362e-01  3.44509691e-01  4.25569057e-01
 -1.08792253e-01 -1.73224732e-01  7.69239441e-02 -4.78562474e-01
 -1.41292378e-01  2.17156872e-01 -8.15810204e-01  2.32063904e-01
 -6.63044512e-01 -2.89649993e-01 -4.03202251e-02  8.87485862e-01
  1.10634327e+00  1.70177326e-01 -9.40157533e-01 -6.44215345e-01
 -6.46077037e-01 -4.40617263e-01  8.31818357e-02 -3.52849394e-01
 -1.80553675e-01 -1.73004940e-01  3.33889008e-01  5.42619936e-02
  1.99210942e-01 -5.23221850e-01 -2.50125557e-01  2.52904654e-01
 -4.38087508e-02  5.35325408e-01  5.61182201e-01  1.75616950e-01
  6.74798414e-02  4.56913114e-01  9.64853644e-01  3.38088393e-01
 -6.76516518e-02 -7.46448934e-01 -1.50603399e-01 -5.72252810e-01
  3.40136066e-02 -3.09083402e-01 -5.84490895e-01  6.67136610e-01
 -4.32313830e-01  1.77526847e-01 -5.75160570e-02 -9.38598454e-01
  2.53846049e-01 -3.83868426e-01 -2.18637243e-01  1.12544456e-02
  1.96266770e-01 -3.06601405e-01  1.32649899e+00  1.58295959e-01
  5.03197253e-01 -4.30709213e-01 -1.04300165e+00  3.58260781e-01
 -2.11820573e-01 -3.13922428e-02  2.17877552e-01  1.84279189e-01
 -2.08334729e-01  4.90794983e-03 -2.08842829e-01 -6.04707837e-01
 -4.79736358e-01 -1.74155220e-01 -9.64640558e-01 -2.05222502e-01
 -2.89318562e-01  5.92301786e-01 -2.89574027e-01 -5.49882315e-02
  1.76935438e-02  9.98245403e-02 -3.99416864e-01 -2.87181854e-01
 -2.18396813e-01  3.67018074e-01  4.49763685e-01  7.56901503e-01
  2.77526617e-01  1.00539245e-01  6.74769223e-01 -1.86691657e-01
  3.23516965e-01 -2.74396151e-01 -7.07593858e-01 -2.07372367e-01
  9.11271930e-01 -5.46533704e-01  1.46136567e-01  1.71298265e-01
 -8.93336758e-02  4.76375312e-01 -3.56964946e-01 -9.27865505e-01
  4.84161586e-01  1.00883693e-01  2.57769406e-01  6.37602448e-01
  4.23394889e-01  7.17295706e-01  5.49591899e-01 -6.22022003e-02
 -2.78461576e-01 -8.44631493e-02 -2.20812306e-01 -1.92015722e-01
  2.06138417e-01 -9.82237235e-02  3.02925527e-01  7.17132151e-01
  3.94708276e-01  4.32459712e-01  7.18816102e-01  3.85894090e-01
 -3.89268547e-01  4.74775344e-01  1.34894356e-01 -5.57727143e-02
 -1.10942140e-01  6.60584986e-01 -4.08289671e-01  3.90780091e-01
  2.06570223e-01 -1.81370556e-01  5.81794083e-01 -9.77762267e-02
  9.39848602e-01 -1.04318929e+00 -5.83261549e-01 -6.26889706e-01
 -5.79621971e-01 -2.79644434e-03 -5.65819204e-01 -1.40582800e-01
  5.28035641e-01 -1.17693223e-01 -7.76146472e-01  6.38950691e-02
  6.58113420e-01  3.88547957e-01 -4.49090227e-02 -3.16041499e-01
 -2.58529246e-01  4.31951955e-02 -6.86821878e-01 -6.61640763e-01
  1.95862263e-01 -1.96425900e-01 -4.78799701e-01 -8.86102796e-01
  7.41305947e-03 -1.03164623e-02  6.29832327e-01 -4.49498534e-01
  3.32770795e-01  2.23894149e-01 -4.96086508e-01 -2.36524120e-01
 -3.84933084e-01 -2.11083278e-01 -3.55998993e-01 -3.31271082e-01
 -4.22136873e-01 -3.72103184e-01  1.87052220e-01  7.49828577e-01
  5.79324484e-01  4.01526503e-03  7.53402188e-02  4.89172786e-01
  1.86955899e-01 -3.29088151e-01  3.47938128e-02 -4.59599882e-01
 -2.82796919e-01 -5.15664458e-01 -1.07354876e-02 -2.54331410e-01
  8.28731712e-03 -2.83750683e-01 -1.14720559e+00 -5.75671196e-01
  1.14664003e-01 -9.89058614e-01  3.36430937e-01 -5.70718497e-02
  6.08789682e-01 -8.61769378e-01 -4.27790880e-02 -2.55188167e-01
  4.27073464e-02 -2.69177407e-01  5.12665510e-01 -3.62948149e-01
 -8.73104692e-01 -7.52403513e-02  1.39847025e-01 -7.46903181e-01
  1.32272589e+00  2.70273298e-01 -4.24377203e-01  3.20089877e-01
  5.91820121e-01  3.54350477e-01 -4.50668633e-01 -4.04456705e-02
 -1.93791866e-01  5.22462666e-01  1.89834759e-01 -4.15405601e-01
  3.86443287e-01 -8.93473774e-02 -3.32515575e-02  7.41094127e-02
  6.88886642e-01  1.67684391e-01  5.64589739e-01  6.75985634e-01
 -7.00225651e-01 -2.19210610e-02 -5.60841441e-01  9.03962925e-02
 -2.03517601e-02  6.31005585e-01 -5.79417586e-01  6.93196595e-01
  4.33048993e-01 -6.12223268e-01  3.49486381e-01  1.23865902e+00
 -7.16879964e-03  9.92000878e-01  2.07598577e-03  1.58057511e-01
 -4.17347550e-01  1.61298886e-01  4.68989342e-01  2.49490030e-02
  3.04852217e-01  2.27813050e-01 -1.70890480e-01 -3.45786273e-01
  4.41318303e-01 -1.77748770e-01 -3.38701427e-01  3.13405693e-01
  2.55719304e-01 -1.92208722e-01  8.60644519e-01  4.31912363e-01
  4.42018121e-01 -1.25280127e-01  3.50411266e-01  6.42133176e-01
  9.77062285e-01  5.62372133e-02  3.01003695e-01 -3.26818824e-01
 -4.13063169e-01  4.18334335e-01 -1.79550610e-02 -1.11434244e-01
  6.50951564e-01 -4.06890869e-01 -3.41745943e-01  4.77406144e-01
  3.18233013e-01  2.62900561e-01 -1.78569347e-01 -8.12502205e-01
  5.93070239e-02 -2.83704877e-01 -9.81518254e-02  3.21839228e-02
  1.91424489e-01  7.97972918e-01  3.16022187e-01  1.59618556e-01
  2.73362100e-01  9.78329122e-01 -1.24250717e-01 -2.47224107e-01
  4.16438691e-02 -1.71143264e-02  2.45183170e-01  8.73798877e-02
  7.01185524e-01 -4.43194583e-02 -1.43761441e-01  6.60877049e-01
 -2.22072691e-01  1.61936641e-01 -1.95550561e-01  3.79033536e-01
 -4.52921875e-02  8.18844512e-02  1.04282320e-01 -1.08719267e-01
 -5.91908395e-02 -2.64020115e-01 -9.51014221e-01  1.15890615e-01
  2.07342595e-01  2.25063637e-01 -5.71205914e-01  1.42907843e-01
 -4.89248067e-01 -5.56501806e-01 -1.93626195e-01  5.22529840e-01
 -1.14623535e+00 -7.00806141e-01  7.90084839e-01  3.78482454e-02
 -4.93888140e-01 -1.27374971e+00  7.52939463e-01  4.56398934e-01
  3.97202641e-01  1.36871934e-01  1.93054914e-01 -7.34303594e-02
 -1.71068370e-01 -1.10535108e-01 -4.50005949e-01 -5.43287933e-01
 -9.69449329e+00  3.14036489e-01 -2.05279365e-01 -4.32967216e-01
 -1.19876362e-01 -4.91062105e-01  1.10297525e+00  9.22713578e-01
 -4.38625216e-01  6.16931319e-01 -3.87705743e-01  9.70895961e-03
  2.82057256e-01  2.62591213e-01 -2.34857142e-01 -9.52555835e-02
 -6.19761944e-01  2.77277410e-01 -5.88202477e-02  1.03230421e-02
 -6.39037311e-01 -2.99001187e-01  6.78832293e-01  1.26068577e-01
  4.45117414e-01 -4.27842140e-01 -1.20228149e-01  2.63318866e-01
  3.06715965e-01  3.48600388e-01 -1.08980298e+00  4.77739722e-01
 -8.91677439e-02  2.93054044e-01 -2.90335387e-01  4.41432595e-01
  7.91541189e-02  4.57245886e-01 -1.97664082e-01  5.05992055e-01
  3.32336783e-01  1.71026245e-01 -1.23739935e-01 -1.40757605e-01
  3.80238026e-01 -1.30925611e-01  7.66783836e-04  2.20733970e-01
  7.49135375e-01 -3.59279454e-01 -4.36824739e-01  1.31457731e-01
  3.51581156e-01 -3.43851686e-01  4.33620930e-01  7.27652162e-02
  4.58282888e-01 -7.19801009e-01  1.20094702e-01  1.19867414e-01
  4.68719631e-01  4.25671518e-01  4.93370652e-01  7.92034686e-01
 -9.18520242e-02  5.67316651e-01  1.78303514e-02  1.60843432e-01
 -1.13287795e+00 -1.14940576e-01  3.95437807e-01  2.83918142e-01
  2.03442559e-01  1.56343549e-01  8.23190087e-04  5.48231825e-02
 -1.99068248e-01  2.18351722e-01 -2.94011757e-02  1.44124150e-01
  3.94138098e-01 -4.03860629e-01 -1.98303968e-01  4.36637968e-01
 -7.11849868e-01  3.04418445e-01  2.14114755e-01 -3.41041446e-01
  3.15074980e-01 -5.04431009e-01  6.40933454e-01 -8.32193717e-02
 -5.85253656e-01  6.67846203e-01  3.72623563e-01 -3.01254570e-01
 -4.01763946e-01 -3.68427426e-01  3.34123611e-01 -5.85013211e-01]"
シ,"[ 1.63603336e-01  5.61111569e-01  9.63577688e-01 -2.53137738e-01
  2.56172061e-01  3.77693935e-03  6.68121040e-01 -2.36982659e-01
 -4.65715885e-01 -1.55674174e-01  4.12211478e-01 -2.10179478e-01
 -4.99211907e-01  2.61354506e-01  3.42842668e-01  2.63275474e-01
 -1.77709743e-01 -5.32054305e-01  6.49681985e-02 -6.26070611e-03
 -1.25149870e+00 -8.28390598e-01 -1.89384073e-01  6.71663284e-01
  2.07438827e-01 -9.78362501e-01  3.77800345e-01 -2.11091451e-02
  1.04807252e-02 -4.03985888e-01 -5.49396932e-01 -2.47840136e-02
 -1.91635624e-01  5.88911772e-01 -7.29784012e-01  2.90721714e-01
  2.35302493e-01 -5.32673478e-01  3.72516029e-02 -2.32694298e-01
  2.69700229e-01 -3.14180046e-01  1.98765814e-01  4.80454773e-01
  5.27459458e-02  3.14000607e-01  2.15839341e-01  8.33956525e-02
 -2.61348099e-01  2.62496650e-01 -6.32890701e-01  3.62549484e-01
  6.21737957e-01  2.13496968e-01  1.06652446e-01 -3.82269382e-01
  2.38241270e-01 -3.02271515e-01  3.15013081e-01  5.37103832e-01
 -4.60227698e-01 -5.21640889e-02  2.73281813e-01  2.33560175e-01
  4.40126993e-02  4.59627628e-01 -3.10776800e-01 -2.55873173e-01
  1.84489161e-01 -9.53016818e-01 -1.16699925e-02 -2.67543606e-02
  7.59125724e-02 -8.65208328e-01  6.29284382e-01 -1.13531232e-01
  1.74959049e-01  2.80857474e-01  7.98219964e-02  7.07317367e-02
 -8.50631669e-02  2.57181942e-01  5.51892519e-02 -4.44931746e-01
 -8.18901122e-01  9.33475047e-02 -6.96617007e-01 -6.23130858e-01
  3.71504366e-01  4.11418043e-02 -1.95469856e-01 -4.27931309e-01
 -4.14786547e-01  3.39911133e-01  4.86581028e-01  6.07203186e-01
  1.65332884e-01 -3.06674480e-01 -1.96098447e-01  2.70745069e-01
  3.15446079e-01 -1.98801577e-01  4.08902198e-01 -1.61339059e-01
  1.77288413e-01  1.85977116e-01 -3.70616257e-01  1.48716778e-01
  4.08792943e-01  2.12757394e-01 -5.67500591e-01 -1.41534701e-01
 -8.02746654e-01 -3.71534050e-01  1.98545009e-01  3.18036497e-01
 -5.26221037e-01  1.49696767e-01 -2.26424158e-01 -2.63807811e-02
  6.83838204e-02  5.67933559e-01  1.33882046e-01 -8.03805113e-01
  1.47024572e-01  5.01258194e-01  2.98709244e-01 -1.02923319e-01
 -4.27690059e-01 -2.98318058e-01 -5.08204043e-01 -3.89622480e-01
  1.46926427e-02  4.39901382e-01 -6.63587570e-01  5.56197882e-01
  2.44140953e-01  1.97624266e-01  3.07847504e-02 -3.10484916e-01
 -4.37712848e-01 -7.02986568e-02 -6.70259818e-02 -5.50451458e-01
  2.80624270e-01 -2.52366424e-01 -7.73504913e-01 -3.96372974e-01
 -3.38088036e-01 -2.59885877e-01  3.16100307e-02  1.26596892e+00
 -5.36586583e-01 -3.84549797e-01  3.12108517e-01  2.26555511e-01
 -7.50627458e-01  4.07783315e-02 -8.68369360e-03 -1.20559931e-02
  1.46507204e-01 -4.34125006e-01  3.76425385e-01  4.52755094e-01
  6.10721648e-01 -1.43308654e-01  1.21564254e-01 -2.17006564e-01
  8.92624035e-02  3.41462523e-01  8.29442620e-01 -4.34506573e-02
  6.89471722e-01  1.75456047e-01 -8.19169134e-02  3.93725932e-01
  8.95509422e-01 -3.23472381e-01 -2.85314228e-02 -3.22180778e-01
 -2.76332945e-01 -3.61938745e-01  2.55494118e-01 -4.93816763e-01
  6.15046442e-01 -7.14162290e-01  3.50738347e-01 -2.79103369e-01
 -3.05350870e-01 -1.47183865e-01  9.65518579e-02 -3.45172763e-01
  8.85943592e-01 -3.47847521e-01 -5.72144806e-01 -3.34402382e-01
  2.66456336e-01  1.63429365e-01 -5.65876484e-01  2.49374613e-01
  2.16334730e-01  1.26294568e-01 -6.11438192e-02 -6.54739439e-01
 -5.59577346e-01  4.15687710e-01  2.59343386e-01  3.45921442e-02
  1.85577556e-01  8.12051535e-01 -3.64490032e-01  2.77725369e-01
  5.67121744e-01  1.16499767e-01  1.13798089e-01  2.31491864e-01
 -1.07704923e-01 -4.00251538e-01 -8.44152346e-02 -1.93388820e-01
  6.97521329e-01 -3.22067261e-01 -5.72157919e-01  2.38063872e-01
  9.07755271e-02  4.22748774e-01  1.94230005e-01 -1.46908224e-01
 -1.11429714e-01  1.28377765e-01 -9.45113897e-01 -3.79291624e-01
 -8.43826830e-01 -3.37311447e-01 -4.89846915e-01 -6.03349268e-01
 -3.42031807e-01 -1.87918872e-01 -6.26741290e-01 -3.37494574e-02
 -1.44564360e-01 -4.07004058e-01  1.44591808e-01 -3.00484687e-01
 -1.69790462e-01  6.13060147e-02  3.16678523e-03 -3.22889864e-01
 -4.27733690e-01 -3.62180211e-02 -4.87673320e-02 -4.17041361e-01
  2.10702002e-01 -2.12283745e-01  1.03694344e+00  6.47431910e-01
  7.51720965e-01 -5.99120140e-01  4.85574543e-01 -4.26550001e-01
 -3.09426934e-01 -3.62140328e-01  3.36613059e-01  3.46474886e-01
  1.14484623e-01 -7.78585598e-02 -3.50176185e-01 -6.98029697e-01
 -8.47503781e-01 -5.56796730e-01  5.96597314e-01 -1.50695592e-01
  5.54423034e-02 -4.01285052e-01  1.51616141e-01  3.36203933e-01
 -6.12843335e-01  8.59668911e-01 -4.06478405e-01  4.37324733e-01
 -8.02108526e-01  9.65873659e-01 -5.92792965e-02 -8.89306068e-02
 -1.72614858e-01  4.76021051e-01 -8.32711518e-01 -5.10946847e-02
 -7.54189074e-01  9.48963881e-01  3.52217108e-01 -4.52993035e-01
  7.23286346e-02  2.32128352e-01  4.94474359e-02  4.08591211e-01
  4.25799489e-01  2.89515376e-01  4.38592046e-01  1.57430798e-01
  2.88930625e-01  1.98024437e-01 -1.14860736e-01 -3.20596963e-01
  2.44942352e-01 -1.75852269e-01 -2.82983601e-01  5.00118911e-01
  2.65005648e-01 -1.70627415e-01  6.26630843e-01  4.88212436e-01
 -5.54039836e-01  4.73126680e-01  8.14007580e-01  3.70932430e-01
 -1.26522517e+00 -4.62719977e-01  3.85998785e-01  2.01425612e-01
  1.43208772e-01 -2.41515085e-01  4.11659509e-01  5.12628376e-01
 -3.45255584e-01 -3.80812168e-01  1.24181926e+00 -2.67702967e-01
 -3.13587397e-01  1.96126342e-01  3.14073890e-01 -2.26803899e-01
  1.97941273e-01 -6.14944696e-01  1.07354991e-01  6.05356038e-01
 -4.45777863e-01  9.98661444e-02 -7.48908669e-02  2.16349978e-02
 -3.33703101e-01  2.57237405e-01 -7.12485015e-01 -1.46129191e-01
 -8.59092250e-02 -1.52098253e-01 -2.60041326e-01  1.10747290e+00
  4.22103316e-01  8.08546960e-01 -1.01743996e+00 -5.56677103e-01
  9.52742025e-02  1.53047562e-01  2.62036294e-01 -6.84613287e-01
 -5.06963253e-01 -4.78540778e-01  1.73185542e-01 -4.43175822e-01
  2.96869427e-01 -2.47007281e-01  2.77859241e-01  1.82748139e-01
 -4.40009058e-01  3.02606106e-01  6.95116758e-01  1.92022532e-01
  3.09463501e-01  4.28770334e-01  2.22777292e-01  5.44481516e-01
  1.39733464e-01 -4.71071571e-01 -4.70793843e-02 -2.88962960e-01
  6.26677573e-01 -2.03951113e-02 -6.44016981e-01  4.26964521e-01
  3.35068583e-01 -7.75960758e-02 -2.38808498e-01 -6.17244720e-01
  2.93143153e-01 -4.81806278e-01 -1.96176425e-01 -3.97129536e-01
 -7.80908018e-02 -2.53324300e-01  1.00818324e+00  5.93216956e-01
  2.25838467e-01 -7.43759215e-01 -7.36458480e-01  1.43390253e-01
  2.10463963e-02  4.73305613e-01 -6.31350577e-02  2.00848415e-01
 -5.80213703e-02 -3.85002673e-01 -2.80049592e-01 -2.87430823e-01
 -4.90521938e-01 -1.70227587e-01 -3.80782664e-01 -1.47157148e-01
  8.08348581e-02  1.01589811e+00 -8.18671212e-02 -4.37057298e-03
  2.62422889e-01  9.21149552e-01 -3.35390031e-01 -1.73789158e-01
 -7.30690241e-01  3.33568841e-01  4.80212867e-01  2.59432256e-01
  4.18212950e-01  1.95657551e-01  6.45623922e-01 -2.13693246e-01
  1.78742424e-01  5.62320828e-01 -9.52494293e-02 -4.65902001e-01
  5.89449584e-01 -3.53551835e-01  5.18576503e-01  5.02124608e-01
 -2.37696528e-01  5.33088624e-01 -5.82868397e-01 -3.41817796e-01
  1.96036562e-01  4.39268559e-01  1.02159917e-01  7.31368437e-02
  5.08945584e-01  7.32358634e-01  6.20243400e-02  5.34525454e-01
 -1.53113946e-01  2.23901365e-02 -4.30824012e-02 -3.57109845e-01
  3.91505152e-01 -1.26716554e-01  4.57513362e-01  7.47415841e-01
  7.45801553e-02  3.34050059e-02  4.64789659e-01  3.22117567e-01
 -1.32783830e-01  4.43664342e-01 -2.16353476e-01 -8.20769295e-02
 -4.78877872e-01  5.29356718e-01 -4.33604360e-01  6.95783198e-02
 -2.83975571e-01 -6.94778040e-02  3.94160777e-01 -4.52841341e-01
  3.87324691e-01 -5.11859715e-01 -9.78059590e-01 -8.96248102e-01
 -1.04058635e+00 -3.77825201e-02 -6.19799137e-01  1.91784561e-01
  4.33692962e-01  3.37722838e-01 -5.85271358e-01  5.86609483e-01
  5.23256540e-01  4.36906874e-01  2.11797580e-02 -3.00570160e-01
 -3.29498142e-01 -4.39510107e-01 -2.45361894e-01  1.29090101e-01
  1.25719383e-01 -1.49542749e-01 -4.85604465e-01 -3.82494986e-01
 -2.38695383e-01 -1.57915473e-01 -7.22726732e-02 -3.96916449e-01
  2.52207041e-01  3.05159539e-01 -8.78956556e-01  4.76449668e-01
 -2.94450581e-01  4.68497962e-01 -4.81890261e-01 -3.45439583e-01
 -2.33464584e-01 -6.99124783e-02  1.46506466e-02  5.08740425e-01
  5.97614706e-01 -3.36241394e-01  3.17217082e-01  1.04651940e+00
  3.05898547e-01 -6.56388164e-01  2.83049121e-02 -3.90717566e-01
 -8.86869013e-01  5.47399879e-01  1.71412870e-01  5.07201314e-01
  3.82300287e-01 -3.45996581e-02 -7.65721858e-01 -2.35219523e-01
 -1.58159360e-01 -6.66702092e-01  6.33459628e-01 -5.27844906e-01
  6.03116572e-01 -1.00139427e+00  4.27998066e-01 -4.41523343e-01
  6.44017681e-02 -3.05156887e-01  4.91352290e-01 -1.68144673e-01
 -5.52774727e-01 -1.37960762e-01 -4.20004010e-01 -4.03524876e-01
  7.79307544e-01  4.22886670e-01 -6.71458542e-01  7.57039905e-01
  8.81175041e-01  2.14556932e-01  1.86129939e-02 -1.68943759e-02
 -4.29343402e-01  5.67590781e-02  1.42172739e-01 -2.25387812e-02
  6.03763223e-01  5.61386764e-01 -3.29905719e-01 -3.26231331e-01
  8.16208720e-01  1.29227236e-01  4.44275558e-01 -4.90773432e-02
 -5.76477528e-01  1.52885646e-01 -1.82719082e-02 -2.00882480e-01
  3.78912129e-02  7.83524573e-01 -4.60827529e-01  5.39143980e-01
  5.29404819e-01  2.07973700e-02 -1.17460554e-02  1.48646772e+00
 -3.43136042e-01  7.31328011e-01  3.37306947e-01  3.41524363e-01
 -8.93943369e-01  3.84448409e-01  6.33160949e-01  2.41828486e-01
  9.61683840e-02  8.83182585e-02 -3.43893796e-01 -5.76559842e-01
  7.11446762e-01 -8.87278855e-01 -9.04211588e-03  2.59813726e-01
  5.65520227e-01 -1.51020244e-01  8.81471992e-01  5.15365481e-01
  7.14452118e-02  3.47704649e-01  2.73196846e-01  7.52917647e-01
  4.35855448e-01 -9.34442356e-02  7.08543539e-01 -5.22925794e-01
 -6.61077797e-01  5.14232039e-01 -4.63536829e-01 -2.70550586e-02
  9.68362018e-02 -5.85820258e-01 -4.64604139e-01  5.28101861e-01
  5.53121328e-01  3.62198144e-01 -2.89152026e-01 -3.39333653e-01
 -7.22410977e-02  8.00727010e-02 -2.96876937e-01  2.65658528e-01
 -1.76449239e-01  7.62426972e-01  3.61016214e-01  1.73849866e-01
  2.63490468e-01  3.82313341e-01 -9.09759626e-02 -7.05301836e-02
  4.68845516e-01  1.79444313e-01  2.47649342e-01 -3.59204039e-03
  4.73301470e-01  3.41785736e-02 -4.40897405e-01  7.78917253e-01
 -3.33704561e-01 -5.44424772e-01 -2.70071059e-01 -3.57808471e-02
  3.64897400e-01 -1.81391388e-01 -2.01868527e-02 -3.40008408e-01
  2.28847831e-01  1.52716920e-01 -7.29587078e-01  2.88266450e-01
  3.66138697e-01 -1.49304062e-01  1.14134274e-01 -1.71195582e-01
 -3.95289660e-01 -6.54736280e-01 -2.20074251e-01  4.37257811e-02
 -1.17882323e+00 -3.56144339e-01  6.80303812e-01  1.58449277e-01
 -3.37136328e-01 -1.18336618e+00  4.72523868e-01 -3.65001768e-01
  4.75816190e-01 -7.74253085e-02 -5.39039373e-02  1.83478847e-01
 -1.41189367e-01 -3.53323489e-01 -3.16048354e-01 -2.00425401e-01
 -9.85924721e+00  2.97644973e-01 -1.24877118e-01 -4.89321053e-01
  1.11029655e-01 -3.54481637e-01  4.84276652e-01  6.80180073e-01
 -3.70484024e-01  5.96631408e-01 -4.41550702e-01 -2.75892943e-01
  6.81962550e-01 -1.87635437e-01 -3.18950176e-01 -2.50903785e-01
 -5.99779427e-01 -4.29402709e-01 -2.56298244e-01  1.98815390e-01
 -2.07847580e-02 -1.33887872e-01  1.02630436e+00  6.93728983e-01
 -2.52547532e-01 -2.98883885e-01  2.51271397e-01  4.53359067e-01
  3.67264807e-01  6.86093122e-02 -5.70196271e-01  6.50061727e-01
 -3.53747904e-01  1.91726416e-01 -1.36249721e-01  1.31582379e-01
  3.13424826e-01  3.74453850e-02 -4.94371414e-01  2.52475470e-01
  5.20692050e-01 -1.47162408e-01 -5.39980233e-01 -6.79523051e-02
  5.88387609e-01 -5.37824452e-01 -9.84445810e-02  2.44418249e-01
  7.35999703e-01 -1.32617310e-01 -2.00176045e-01 -2.77599722e-01
  6.80311143e-01 -1.87823802e-01  1.43186361e-01 -6.00769650e-03
  6.81607246e-01 -3.22454154e-01 -2.20514849e-01 -5.97079456e-01
 -3.22564691e-01 -1.35977179e-01  2.45767385e-01  7.95433998e-01
 -1.36381760e-01  3.45778793e-01 -3.19691539e-01  6.21876642e-02
 -7.23689795e-01 -1.56849295e-01  3.80473137e-01  5.97694278e-01
  3.61764669e-01 -7.59989321e-02  2.41424039e-01  2.31006801e-01
 -6.27083957e-01  3.99850421e-02  3.88293356e-01 -8.10375810e-03
  1.01581670e-01 -6.11351907e-01 -2.39075180e-02  9.02662575e-01
 -7.92504013e-01 -4.10769917e-02  1.70538336e-01 -1.09856233e-01
  4.10794824e-01 -3.28421772e-01  1.15346745e-01 -2.10215241e-01
 -4.22236502e-01  5.11194885e-01  2.24089339e-01 -5.37134349e-01
  1.26098305e-01  1.60041273e-01 -1.52237881e-02 -6.84546590e-01]"
テ,"[ 4.86870736e-01  2.07949430e-01  4.88378942e-01 -5.50900400e-01
  4.62613016e-01  1.21281013e-01  9.12269577e-02 -1.81352094e-01
 -4.67244424e-02 -4.79556769e-01  6.88520491e-01 -3.09961975e-01
  1.51986768e-02  2.46261153e-02  3.35060775e-01 -3.56744081e-01
  2.61551470e-01 -2.24953681e-01  8.96363854e-02 -4.71723437e-01
 -6.56762004e-01 -1.28160119e-01 -2.01838806e-01  1.76269755e-01
  8.85178596e-02  9.92065296e-03 -4.73639637e-01 -7.35934898e-02
 -6.85933009e-02 -2.14320689e-01 -6.05719268e-01 -3.40691060e-01
  2.86326915e-01  3.11165720e-01 -1.16717897e-01  2.43090257e-01
  1.07781202e-01 -9.81216654e-02  2.63830036e-01 -3.86727154e-01
  4.54277284e-02 -2.16785278e-02 -2.64894754e-01 -9.70964804e-02
 -2.95700818e-01  8.40678036e-01  2.34042346e-01  3.42162877e-01
  7.34120190e-01 -2.02554300e-01 -4.24992204e-01  3.46906781e-01
  1.50066197e-01 -3.03254034e-02  4.06385630e-01 -1.77121446e-01
  2.07711309e-01 -5.44795811e-01 -2.61468500e-01  3.54316413e-01
 -5.53257108e-01 -2.44943485e-01  7.74652183e-01 -8.99620280e-02
 -5.16972952e-02 -3.42397004e-01  4.41427901e-02 -1.55674368e-01
  1.06326714e-02 -8.26144218e-01 -6.57163501e-01 -5.67122437e-02
 -1.26266837e-01 -2.64056355e-01  1.25148261e+00 -1.53898314e-01
  1.74061313e-01  3.96364719e-01  3.22451234e-01 -1.06579788e-01
  9.97388288e-02  4.76149380e-01  6.83448017e-02 -7.46302903e-01
  7.36038610e-02  3.16988170e-01 -1.34761408e-01 -5.59292078e-01
  3.80752802e-01 -4.06674296e-01 -5.34235477e-01  6.10495150e-01
  6.11758471e-01  2.62865484e-01 -7.87698925e-02 -2.75407988e-03
 -9.94143076e-04 -3.11702967e-01 -4.54210430e-01  1.81202944e-02
 -5.36308810e-02 -1.09382376e-01  2.00402483e-01  4.62064683e-01
  4.10733789e-01  3.81456390e-02 -3.80830348e-01  3.26550826e-02
  1.72061473e-01  9.05015171e-02 -2.24035576e-01 -4.51205432e-01
 -4.16073501e-01  6.14668310e-01 -2.29745373e-01 -1.02816954e-01
 -1.94919139e-01  4.40123342e-02 -1.91246539e-01  6.32244945e-01
  2.10728258e-01  2.03242943e-01  2.74745494e-01 -2.24829391e-01
  1.16396591e-01  6.39822662e-01  1.71352535e-01 -3.83561939e-01
 -3.66873950e-01  8.32146630e-02 -1.86117649e-01  2.87324101e-01
 -8.94091725e-02 -2.02821687e-01 -5.22468567e-01  1.04172766e+00
 -2.00885296e-01 -5.39882369e-02 -3.32165718e-01 -4.50954348e-01
 -3.60283226e-01 -3.57839204e-02  1.27192676e-01 -1.75926208e-01
  1.48783371e-01  9.32709724e-02 -4.87331361e-01 -4.07212526e-01
 -7.94686601e-02 -3.01456273e-01 -1.20119222e-01  1.04052746e+00
 -8.40103328e-01  3.93184461e-02 -7.02311769e-02 -2.06679720e-02
 -9.08705831e-01  9.24965441e-02  3.32125366e-01  2.91529745e-01
  2.18343481e-01 -8.14126730e-01  1.71400368e-01  6.00785971e-01
 -2.18205944e-01  4.35079336e-01  8.48536789e-02  4.53198999e-01
  8.25355202e-02  6.63613617e-01 -1.42151475e-01  4.04944927e-01
  1.52110934e-01 -2.73135006e-01  6.08589649e-01  3.03507745e-01
  2.09735185e-01  4.35281638e-03  1.93951547e-01 -5.53771794e-01
 -3.50065790e-02  4.81672958e-03 -3.19836855e-01 -5.14965653e-01
  3.39626193e-01 -1.16199993e-01  1.42873064e-01  1.77800119e-01
 -2.77932674e-01  1.01555578e-01  1.63913578e-01 -4.18343544e-01
  4.51898187e-01 -5.96767701e-02 -2.37347245e-01 -7.15114295e-01
 -3.10148358e-01  1.56580076e-01 -6.12684488e-01  6.99673772e-01
  1.96058393e-01  6.37141392e-02 -2.73703545e-01 -5.00507236e-01
 -6.06106818e-01 -3.09466451e-01  5.52216768e-01 -6.58937264e-03
  2.29679212e-01  6.12415910e-01 -2.39026293e-01  2.11809710e-01
  4.04511184e-01  2.10045204e-01  2.67534763e-01  2.24807352e-01
  1.85005029e-03 -6.33225963e-02  3.35519850e-01 -7.83334374e-01
  4.63567466e-01 -2.89046407e-01  4.36418623e-01 -1.11633971e-01
  2.69094169e-01  1.87084645e-01 -8.07175133e-03 -2.90080696e-01
 -4.40906994e-02  5.08892298e-01 -5.14312804e-01 -3.16938162e-01
 -9.38935220e-01  2.77556270e-01 -7.69779682e-01  1.34652495e-01
 -4.69939113e-02  5.00614524e-01 -4.95018214e-01  5.21567583e-01
  2.49780580e-01 -1.12179957e-01  2.99326152e-01 -2.91592300e-01
 -9.16415155e-02 -1.37067204e-02 -7.65860900e-02  2.93723177e-02
 -2.95034975e-01  3.77431750e-01 -5.78274190e-01 -4.87826914e-01
  5.25598466e-01 -3.89122099e-01  6.91588402e-01  5.45946360e-01
  3.34485769e-01 -1.86525121e-01  4.37023252e-01 -4.37263608e-01
  3.62589866e-01 -3.91840667e-01 -7.33695477e-02 -3.78590487e-02
 -1.14041343e-01  1.91516802e-01 -2.74605025e-02 -6.74628913e-01
  1.51389450e-01 -7.36378133e-01  5.48430502e-01 -4.28707927e-01
 -1.91778824e-01 -1.97284237e-01 -2.11388275e-01  1.66222468e-01
 -2.98336208e-01  2.06852183e-01 -3.02669615e-01  2.00272545e-01
 -7.44820952e-01  7.99385607e-02 -5.30686378e-01 -2.27033384e-02
 -9.28113163e-02 -2.77631968e-01 -2.21441209e-01  6.60026446e-02
 -2.13015556e-01  4.49215442e-01  1.79988772e-01 -8.85716453e-02
 -4.20023739e-01  9.34969634e-02 -3.71179253e-01 -1.36445314e-01
  3.39112669e-01  4.44526374e-01 -2.26043329e-01  2.08769977e-01
 -3.11610177e-02  4.58298057e-01 -1.26941964e-01 -3.19482386e-02
  1.57447129e-01 -3.84958744e-01 -2.98782378e-01 -3.76474053e-01
  3.07019681e-01 -3.28237385e-01 -1.24994501e-01  7.78701305e-01
 -3.54297012e-01  2.50440724e-02  2.07493708e-01  5.39454341e-01
 -1.31976819e+00  4.87489700e-02 -1.86781194e-02 -2.79504597e-01
 -3.83040011e-01  6.31351769e-01  2.10742410e-02  6.93660304e-02
 -3.49999696e-01 -4.29790437e-01  1.09922886e+00  2.38492936e-01
 -2.42161319e-01 -3.42310816e-01  4.46882904e-01  1.89153165e-01
 -8.47587734e-03 -6.15038514e-01 -1.38385683e-01  3.68392289e-01
 -1.46176308e-01  1.83205694e-01  2.64667034e-01 -2.88714021e-01
 -1.53668270e-01  5.39402068e-01 -1.37265503e-01  5.77667236e-01
 -1.40926734e-01 -1.16187096e-01  2.01383904e-02  9.95134354e-01
  1.16013944e+00  7.90808380e-01 -2.94401437e-01 -7.95457363e-02
  4.86185580e-01  5.65614939e-01  6.66599572e-01 -1.73053473e-01
  5.65650538e-02  2.95314733e-02  4.95661139e-01  4.77846712e-01
 -2.28027090e-01  1.68163374e-01  4.91558105e-01  8.23624015e-01
  3.24497104e-01  1.71048254e-01  2.50162840e-01  3.32636833e-01
  8.66409242e-02  3.80683810e-01  8.05906057e-01  2.98864335e-01
 -3.80589038e-01 -4.38035071e-01 -3.59504759e-01  4.74650366e-03
 -1.66853279e-01 -2.00264648e-01 -2.72379935e-01 -8.04928988e-02
 -4.30613309e-01  9.21047404e-02 -1.81933418e-02 -4.22375113e-01
 -2.11610466e-01 -6.73562229e-01 -4.09595877e-01 -1.94722429e-01
  7.96057954e-02 -1.05414677e+00  4.86203194e-01  3.77001077e-01
  4.29721326e-01 -4.69914138e-01 -5.45828342e-01  1.05630510e-01
 -3.78208369e-01 -7.83784613e-02  8.31684470e-03  3.07626545e-01
 -1.92371115e-01  3.85910720e-02 -3.07302535e-01 -1.76168993e-01
 -4.49075818e-01 -6.04020879e-02 -9.06434596e-01 -4.91103590e-01
  7.82221835e-03  3.15909535e-01 -1.26313761e-01  1.42937720e-01
  1.22101225e-01  5.54507017e-01 -3.26962858e-01  4.38868476e-04
 -6.39667928e-01  4.57862318e-01  7.32912838e-01 -1.58856437e-01
  4.05183554e-01  4.88288969e-01  1.83513328e-01  3.60627532e-01
  3.29953320e-02  3.53134662e-01 -6.65375531e-01 -1.12098195e-01
  7.20381379e-01 -2.60905772e-01  2.89892644e-01  1.10164108e-02
 -4.16402549e-01  2.02763319e-01 -4.26158547e-01 -2.66568601e-01
 -2.81747222e-01  1.15441702e-01 -1.80369794e-01 -2.21825372e-02
  3.61537337e-01  6.95248842e-01 -9.21077654e-02  5.07843256e-01
  9.01524723e-02 -1.61741644e-01  6.47813737e-01  3.50983620e-01
 -5.20194769e-01  1.64731964e-01 -5.46946861e-02  3.94543171e-01
  2.97110975e-01  2.71569580e-01  6.53318584e-01  4.22279656e-01
 -1.56808183e-01  2.98361033e-01  2.89915830e-01  4.20342356e-01
 -2.56765366e-01 -5.78115106e-01 -6.52232766e-02  1.14136701e-02
 -4.72823828e-01 -2.42414594e-01  3.61390471e-01 -2.24036016e-02
  3.36996347e-01 -7.07713841e-03 -8.40031743e-01 -6.16850972e-01
 -6.44645214e-01 -4.74027880e-02 -1.57048404e-01 -2.54752557e-03
  8.25879037e-01 -8.61581787e-02 -7.35335946e-01  6.56368077e-01
  1.82123289e-01  2.81977773e-01  4.43847656e-01 -1.38205960e-01
 -7.79041499e-02  3.11078459e-01  2.43604839e-01  7.47796297e-02
  4.72121507e-01  2.63671298e-02 -2.08745092e-01 -6.66381776e-01
  4.95785475e-01 -5.16476221e-02  1.76061168e-01 -2.93902874e-01
  5.30614972e-01  1.26364399e-02 -6.59676552e-01 -6.31372333e-01
 -1.75144114e-02 -1.02907471e-01  1.85661539e-02  2.08101850e-02
 -1.21669389e-01  7.61394501e-02  3.09686750e-01  3.45534831e-01
  7.77953148e-01 -3.51694882e-01  1.71501324e-01  6.85933232e-01
  6.57720029e-01 -2.24097624e-01 -7.60074034e-02 -4.05994505e-01
 -3.62349927e-01 -3.56441528e-01  2.69671082e-01 -1.86617881e-01
 -2.47191757e-01 -4.58816171e-01 -1.06687164e+00 -5.94184995e-01
  6.88545108e-02 -6.16423905e-01  3.20113122e-01  2.79986352e-01
  1.85047612e-01 -2.90233314e-01 -1.90551654e-01 -4.88676786e-01
  3.71414334e-01 -7.00740435e-04  2.67010272e-01  7.69363791e-02
 -4.73610014e-01  1.33438811e-01 -7.45075047e-01 -4.25966293e-01
  8.52061510e-01  7.53365099e-01 -6.25388563e-01 -1.40557274e-01
  4.06823218e-01 -4.35151756e-01 -5.25170803e-01 -3.28803658e-01
 -5.74375466e-02  3.08558363e-02 -5.77387623e-02 -2.68395454e-01
  2.90498078e-01  1.61290944e-01  2.09991693e-01 -4.57261577e-02
  4.51499283e-01  3.84204865e-01  5.71915090e-01  1.08089730e-01
 -1.36249527e-01  6.70223534e-02 -5.86427093e-01  4.91193891e-01
  2.61366427e-01  4.04793292e-01 -3.85958046e-01  2.09836721e-01
  8.78538132e-01 -5.35625100e-01  4.17565823e-01  5.21707237e-01
  4.87250298e-01  5.05094051e-01 -5.26231825e-01 -1.25313699e-02
 -8.84643614e-01  6.86695278e-02  4.64947000e-02  1.76208001e-02
  4.84792501e-01  6.37591779e-02 -3.19555372e-01 -5.45577586e-01
 -5.25549293e-01  3.50794435e-01  4.24982637e-01  4.17923957e-01
 -8.77870917e-02 -2.20574439e-02  5.46147406e-01  3.95370513e-01
  8.96842107e-02 -4.36755598e-01  1.70456529e-01  2.64189959e-01
  7.81404018e-01 -1.99582472e-01  5.43830276e-01 -7.51701176e-01
 -1.19076812e+00  2.65535891e-01  8.68844390e-02  2.74184700e-02
  3.62259537e-01 -4.81481344e-01  7.94841275e-02  1.42918900e-01
  3.31556380e-01  1.80438329e-02 -4.92835850e-01 -8.23775291e-01
 -7.86128268e-02  9.57009718e-02 -5.68129182e-01  3.64212617e-02
  1.51638845e-02  9.13373888e-01  4.65123206e-01 -1.34123981e-01
 -2.41982758e-01  1.04913783e+00  1.45522848e-01  1.20935209e-01
 -1.44281223e-01 -4.21544015e-02  1.29934892e-01  2.26772994e-01
  1.31560490e-01 -4.52049792e-01 -3.33946019e-01  2.57350594e-01
 -5.29917538e-01  6.13833815e-02 -2.56033361e-01  1.77683309e-02
  1.50968522e-01 -1.13515425e-02 -2.67582446e-01 -3.72143298e-01
 -1.48681670e-01 -1.72459960e-01 -7.15766549e-01  2.66040862e-01
  1.26407612e-02 -2.04727594e-02 -3.71579856e-01 -1.51869971e-02
 -5.96589684e-01 -3.34111661e-01  7.51203392e-03  5.59155583e-01
 -7.13556886e-01 -6.28375888e-01  5.80643237e-01 -2.13782012e-01
 -2.62025416e-01 -7.18983829e-01  1.42495885e-01  8.16798732e-02
  5.32587826e-01 -2.10769907e-01  2.72367030e-01 -3.99312615e-01
 -1.50620993e-02  1.06755324e-01 -1.09015815e-01  5.56852460e-01
 -1.01873598e+01  1.71142861e-01 -4.46446866e-01 -1.13863909e+00
 -6.65484443e-02  1.58886164e-01  4.51073676e-01  3.38424951e-01
 -2.20477492e-01 -8.47415477e-02 -6.01294562e-02  4.05085295e-01
  3.03303510e-01  3.22946548e-01 -9.58641350e-01 -1.25276193e-01
 -3.60988945e-01 -2.08340108e-01  6.64683804e-02 -6.70790434e-01
 -2.60911703e-01 -4.50433105e-01  6.06779873e-01  6.37122393e-01
  3.50347795e-02 -3.59295547e-01 -4.89420116e-01  2.31084332e-01
  8.90985597e-03  2.50889063e-01 -6.30751550e-01  6.52456522e-01
  1.43231973e-01  4.51670110e-01  8.66411403e-02 -9.74258259e-02
 -2.71300703e-01  6.25793517e-01 -3.70002449e-01  3.42485100e-01
  2.64654845e-01  3.65608931e-01 -3.20258260e-01 -7.97861964e-02
  6.59766570e-02  7.07174838e-02  5.85534215e-01  2.20264763e-01
  6.85213625e-01  7.00863302e-02 -1.76350757e-01  2.85056561e-01
 -2.57746279e-01  5.63963056e-02 -2.89305858e-03  7.37100244e-02
  8.30139816e-01 -1.71529815e-01 -2.74008870e-01  1.09150246e-01
  4.21118468e-01 -5.83479963e-02  4.83291119e-01  7.38198519e-01
  2.02137336e-01  6.53232485e-02  4.99131083e-01  5.63167334e-01
 -6.76371276e-01 -1.97998613e-01  2.10409850e-01  2.61923164e-01
 -8.63594115e-02  3.74580890e-01 -3.16290021e-01  5.31469226e-01
  4.36622053e-02 -1.05829358e-01 -7.81411827e-02  2.98099250e-01
  8.34752738e-01 -4.99027908e-01  1.11067981e-01  3.54934752e-01
 -1.29341447e+00  3.75192873e-02 -7.84960836e-02  2.69360363e-01
  2.12021247e-01 -7.35856891e-01  4.59265083e-01 -5.31073213e-01
 -6.01497471e-01  3.06140661e-01  4.00391579e-01 -3.96174520e-01
 -1.14305161e-01  1.39166832e-01  3.90625387e-01 -2.02238992e-01]"
、,"[ 6.19564891e-01  3.48990470e-01  1.05678833e+00 -4.76518273e-01
 -5.89197993e-01 -1.80985272e-01  5.99807594e-03  3.48114818e-01
 -8.36570024e-01 -6.61913931e-01 -2.24984929e-01 -7.09401548e-01
 -5.04682176e-02 -4.27168548e-01  7.36394823e-01  4.46071267e-01
 -5.13972580e-01  4.70191985e-01  1.28610849e-01 -3.88933688e-01
 -8.02529752e-01 -7.19212174e-01 -5.51232576e-01  1.94179580e-01
 -4.24044102e-01 -9.22909081e-01 -5.77747524e-01 -2.25871503e-01
  6.16062246e-03  1.90361649e-01  2.63263822e-01 -4.59424913e-01
 -3.37029576e-01  3.26155871e-01 -7.29415655e-01  6.90664709e-01
  1.09855078e-01  2.04123273e-01  4.16223079e-01 -5.47825217e-01
 -3.63002121e-01  5.25299966e-01 -6.01237535e-01 -5.33705831e-01
 -1.17106579e-01  4.18937579e-02 -1.70351088e-01 -3.14008780e-02
 -1.48378670e-01 -3.94418240e-01 -7.10678399e-01  7.77076364e-01
  3.95307064e-01  1.97193235e-01  4.25059050e-01  3.48844767e-01
  1.00915372e+00  2.31695063e-02  2.51429193e-02 -2.77285814e-01
 -7.28493154e-01  1.35660499e-01  3.72835487e-01  1.99648649e-01
 -5.92863142e-01  3.53270203e-01 -1.97767407e-01  5.27011633e-01
  4.37785447e-01 -1.56749219e-01  5.72068393e-01  3.82230729e-01
  2.29865074e-01 -3.82067144e-01  2.72301346e-01 -1.02660549e+00
  4.22236949e-01 -3.06795806e-01  2.78303176e-01  1.54867232e-01
 -2.39579827e-01 -1.77194715e-01  1.18241027e-01 -3.52237910e-01
 -6.73986316e-01 -3.20739567e-01 -1.28038943e+00 -1.31478816e-01
  1.09240055e-01  1.84782878e-01  7.71256909e-02 -4.37089592e-01
  3.70442659e-01 -3.06403965e-01  1.08329844e+00  4.15291339e-01
  3.11756343e-01 -1.49722591e-01  3.45589489e-01  2.24148557e-01
 -1.34176648e+00  5.55211902e-01 -2.22490579e-02 -8.50768030e-01
 -5.02077460e-01 -1.63305908e-01 -2.70293057e-01  9.13572550e-01
  5.68603694e-01  4.23302144e-01  3.08378842e-02 -2.61343122e-01
 -8.98737192e-01  1.84125751e-01 -7.97238424e-02  4.29514229e-01
 -5.93999922e-01 -1.56880766e-01  3.80602181e-02  1.47981182e-01
  2.25672424e-01  5.83205521e-01 -4.94649231e-01 -1.37248248e-01
  2.71740586e-01  1.91771790e-01  1.43268898e-01  3.52248698e-01
  2.58248210e-01 -6.03671372e-01  3.54725391e-01 -6.76566124e-01
 -4.38275337e-01  4.48752232e-02 -6.32838964e-01  9.65863824e-01
  2.95597851e-01 -4.53616470e-01  4.55907583e-02  1.16707087e-01
 -4.53558147e-01 -1.90691963e-01  8.19033861e-01 -4.69342530e-01
 -1.26384541e-01  4.84015971e-01 -3.18053514e-01 -3.54662597e-01
  4.17958498e-01  3.84567499e-01 -1.17151245e-01  1.18549073e+00
 -5.98949552e-01  4.14049864e-01  3.31434339e-01  4.17121530e-01
  1.97724313e-01  2.48643070e-01  3.47716659e-01  2.76961979e-02
  4.11643386e-01  6.32825419e-02  1.18790403e-01  1.04815269e+00
  6.59482360e-01 -1.55564593e-02  6.94226623e-01 -1.47756666e-01
  1.06589071e-01  9.08275247e-01  5.21017790e-01  6.92718804e-01
  2.86959380e-01 -8.05722103e-02 -1.43041581e-01  5.36922634e-01
  1.05046320e+00  4.52052206e-01 -3.81556600e-01 -1.08431470e+00
  4.24223900e-01  4.42889363e-01  7.72779524e-01 -1.12714835e-01
  5.96364141e-01 -5.33625722e-01 -4.14586544e-01 -9.30271968e-02
  4.22243088e-01  1.92764640e-01 -4.03500378e-01 -4.11044836e-01
  1.08263455e-01 -2.98586348e-03  5.24127074e-02  1.66703388e-01
  1.68479487e-01  3.49166006e-01 -1.20710939e-01  3.30856562e-01
  5.55051029e-01 -1.82412248e-02 -1.45895436e-01 -9.32063878e-01
 -1.46862078e+00 -5.85870445e-01 -5.39659746e-02  1.87197924e-01
  1.99310929e-01  6.86297357e-01 -7.20427871e-01 -1.59490690e-01
  1.60043836e-01 -4.50078696e-01  8.95096779e-01  4.83115405e-01
 -3.66250455e-01 -1.39857665e-01 -7.72723109e-02 -4.02719527e-02
  1.94887012e-01 -6.46153808e-01  3.49651247e-01  1.92998335e-01
 -2.92580247e-01  8.70890141e-01  5.92843413e-01 -9.52753246e-01
 -5.80048859e-01  2.99438626e-01 -7.09566295e-01 -3.87702137e-01
 -1.41489968e-01 -1.18763022e-01 -2.26882517e-01 -9.62506711e-01
 -6.21627271e-01  1.76975623e-01 -3.72060448e-01  6.18373096e-01
 -2.94424206e-01 -2.43675172e-01  3.91376376e-01  3.01522762e-01
  3.71793747e-01  2.27553472e-01 -1.13737024e-01 -4.07382041e-01
 -9.31951523e-01 -1.59475222e-01 -6.82427824e-01 -4.46774662e-01
 -2.98469603e-01  5.49641788e-01  4.08855259e-01 -3.41720372e-01
  3.42265159e-01 -8.26678753e-01 -2.16926455e-01 -9.44948673e-01
  3.00152451e-01 -2.17595428e-01  4.51044381e-01  2.43331358e-01
 -5.62678635e-01  1.60341650e-01  3.20326388e-01 -2.13534370e-01
 -4.06488061e-01 -1.03091255e-01  1.62412778e-01  1.53968409e-01
  3.97691995e-01 -4.14722145e-01 -4.98390198e-02  1.03123114e-01
  6.80415213e-01  1.05989110e+00 -1.46921188e-01 -6.75565481e-01
 -4.15622860e-01  7.21889496e-01 -8.20095241e-01 -5.11177719e-01
  8.52808803e-02  1.03799796e+00 -4.34150070e-01 -9.35805589e-03
 -9.31151360e-02 -2.13160783e-01  1.91886798e-01 -6.06915236e-01
  5.88084161e-02  1.08633958e-01 -1.04977202e+00 -5.27109094e-02
  4.00129139e-01  2.34819949e-01  3.81599426e-01 -1.05606109e-01
  2.87341863e-01 -2.64762312e-01  5.89905195e-02  1.70946449e-01
 -1.00497715e-01 -5.17471313e-01 -1.42846733e-01  6.44447267e-01
  2.66576797e-01 -8.47026348e-01 -1.11494452e-01  6.19632423e-01
 -1.26149130e+00 -3.06786031e-01  4.95160431e-01  4.62523967e-01
 -8.06296706e-01  3.06060970e-01  7.66430736e-01  5.97837329e-01
 -3.23574483e-01 -4.80345666e-01  4.36190069e-01  6.80817723e-01
 -3.46220940e-01 -7.66511083e-01  4.46574271e-01  1.41370684e-01
 -1.02980293e-01 -5.40488064e-01 -4.22592521e-01  2.65439659e-01
 -9.56962928e-02 -2.44895786e-01 -4.19214696e-01 -1.64666414e-01
 -3.06633502e-01 -1.86299354e-01  2.45105460e-01 -3.18525545e-02
 -4.67939153e-02  6.95682168e-01 -4.29805338e-01  2.94353485e-01
 -7.33016968e-01 -4.37277049e-01  2.66561896e-01  1.27512980e+00
  4.79947448e-01  6.53741300e-01 -7.52601027e-01 -1.44520000e-01
  5.73795199e-01 -2.82812655e-01  7.84134388e-01 -7.08252609e-01
  3.59551996e-01 -2.24990100e-01  4.48699862e-01  1.16294272e-01
 -3.12129945e-01  2.35679686e-01 -7.60837853e-01 -6.73935056e-01
  2.67290294e-01 -1.21579804e-02  5.65718532e-01  1.67689368e-01
  5.01080379e-02  1.14676392e+00  9.60680321e-02  2.76987255e-01
 -2.71636963e-01 -1.22291183e+00 -2.89872140e-01 -8.18493664e-01
 -6.62508532e-02 -1.92694157e-01 -1.40860051e-01  6.37988448e-01
 -5.30418992e-01  1.86866343e-01 -1.20204642e-01 -4.11263764e-01
  2.44287238e-01 -3.00013542e-01 -6.34748220e-01  7.67916441e-02
 -5.25389146e-03 -5.00541568e-01  9.10909593e-01 -7.81153853e-04
  5.73917747e-01 -3.62056822e-01 -6.39089048e-01  5.51906526e-01
 -2.96102375e-01  4.11931053e-03 -1.62997516e-03  1.26707420e-01
 -2.28781044e-01 -2.66635448e-01 -1.43769935e-01  7.04218075e-02
 -1.01175630e+00  5.35757422e-01 -4.32021618e-01  6.75554797e-02
 -8.48605037e-02 -2.45917618e-01 -7.83925593e-01 -2.14090332e-01
  6.49926662e-02 -1.52617112e-01  1.47238150e-01  3.65546376e-01
  1.92785159e-01 -4.59866107e-01  4.44740862e-01  5.81870079e-01
  7.73893416e-01 -2.91641772e-01  6.76422954e-01 -2.63343096e-01
  1.17030136e-01  3.80716622e-01 -6.36992872e-01 -5.00421047e-01
  4.08815056e-01  2.97089845e-01 -4.51088995e-01 -2.04766601e-01
 -3.11228544e-01  1.16950512e+00 -2.77644664e-01 -4.54189658e-01
  9.02678370e-01 -3.50255519e-01  3.74343127e-01  1.03486288e+00
  7.54888535e-01 -3.30618560e-01  8.13705385e-01  2.18930379e-01
  4.16463256e-01  4.81533222e-02 -4.06268418e-01 -2.30281323e-01
  8.68297458e-01 -6.90934286e-02  6.66430816e-02  7.24653006e-01
  2.38760859e-01  2.06386119e-01  3.04114431e-01 -5.26445173e-02
  9.19842198e-02  3.20594013e-01 -1.03994980e-01 -3.44978005e-01
 -9.09045413e-02 -1.85921431e-01 -3.08676630e-01 -1.10416561e-01
 -4.00955886e-01  3.75517428e-01  1.05863655e+00 -6.94070578e-01
  3.78207475e-01 -9.08133805e-01 -5.52755296e-01 -1.38808548e-01
 -1.92001596e-01  8.75670761e-02 -8.22129548e-01 -3.54723066e-01
  4.55889665e-02  1.00279652e-01 -4.14493322e-01  1.08850069e-01
  3.55072469e-01 -2.15982288e-01 -3.15951049e-01 -8.13616157e-01
  1.16831638e-01  7.96491444e-01 -5.83824217e-01 -3.93423349e-01
  6.02574646e-02  1.43868119e-01  7.51962185e-01 -8.37876320e-01
 -4.99396086e-01 -3.88970673e-01 -1.63934782e-01 -7.29858518e-01
 -7.74035156e-02  1.87464610e-01 -6.80498838e-01  2.74432480e-01
  2.74815336e-02 -2.77334094e-01 -6.96903944e-01 -2.62158155e-01
 -1.01872317e-01 -5.72798729e-01  2.52303690e-01  1.73197880e-01
 -2.32819691e-01  1.08727254e-01 -1.14598490e-01  3.01972538e-01
  7.32996821e-01 -3.82890403e-01  8.87310505e-01  1.18421558e-02
  3.52819413e-01 -8.10456395e-01  5.46011448e-01 -7.75444210e-01
  2.38731921e-01 -7.29404271e-01 -6.84348583e-01 -7.15870261e-01
 -5.92095733e-01 -4.44831431e-01  6.94105983e-01  1.41565049e+00
  5.82514405e-01 -6.70187950e-01  2.14604646e-01 -1.19992949e-01
 -4.59861130e-01 -5.14126062e-01  7.87957609e-02  2.87131276e-02
 -1.56250954e+00 -1.51050702e-01  1.10962011e-01 -5.99425375e-01
  1.38390613e+00 -1.81464463e-01 -5.51844716e-01 -2.03921989e-01
  4.20286179e-01  3.99480015e-01 -4.89688039e-01  5.79875633e-02
  6.39865458e-01  2.55382061e-01  8.10141325e-01 -2.74228573e-01
  9.06463787e-02  1.43677816e-01  1.23314664e-01  9.46904346e-02
  4.15143430e-01  4.98303205e-01  8.01388994e-02  8.77618074e-01
 -6.99887455e-01 -6.97887897e-01 -6.23159766e-01  3.57088059e-01
  1.52939767e-01  6.89155638e-01  2.19663188e-01  7.95781195e-01
  6.50093913e-01 -1.51333585e-01  5.73428571e-02  8.89968514e-01
 -5.97225539e-02  1.22493303e+00 -5.51827133e-01  1.37401536e-01
 -7.72205174e-01 -2.06141174e-02  9.32204127e-01  7.35337436e-01
 -8.95386338e-02 -1.53636605e-01 -3.05787884e-02 -5.36286592e-01
  6.01685405e-01  3.55800867e-01 -1.03232712e-01  3.82544249e-01
  2.98963398e-01 -4.40684706e-01  1.03710151e+00 -3.41293402e-02
  2.65880525e-01 -6.53926969e-01 -6.79441914e-02  7.28975594e-01
  4.15084481e-01  9.39821303e-02  7.79341817e-01 -2.90805787e-01
 -6.84835374e-01 -1.62706956e-01  4.63800877e-01 -5.89522481e-01
  6.39394343e-01 -2.95108021e-03 -5.35931289e-01  7.10071802e-01
  6.55490518e-01  3.54701787e-01  3.58774036e-01 -5.89766741e-01
  1.17845006e-01 -1.08676121e-01 -1.62910074e-01  3.95880550e-01
  2.95421898e-01  4.05331105e-01  4.14086431e-02 -8.01070631e-01
  4.48301136e-01  1.35899627e+00 -5.21174166e-03 -9.20743793e-02
  3.09572011e-01  4.76359650e-02 -3.68001699e-01  1.13999829e-01
  3.10434073e-01 -2.43526921e-01  2.28980020e-01 -2.65523016e-01
 -3.08441073e-01 -1.91721022e-01 -1.11167714e-01  8.36298406e-01
  1.01698734e-01 -1.07925378e-01 -1.25733867e-01 -4.97482158e-02
 -7.83489943e-01 -9.43723172e-02 -1.25350189e+00 -8.20444703e-01
 -2.28514839e-02  7.94210806e-02  1.26814499e-01 -8.76045674e-02
 -1.05067170e+00 -3.63582850e-01 -3.43650937e-01 -7.80060351e-01
 -2.88844973e-01  2.45602176e-01  4.45047945e-01 -2.33513191e-02
 -6.45122170e-01 -3.19861680e-01  4.66754586e-01  4.40857112e-01
  2.82281876e-01  2.90625960e-01 -4.73927796e-01 -2.05121815e-01
 -6.80044219e-02  5.64762473e-01 -6.96877837e-02 -4.17860806e-01
 -9.23985100e+00  4.85890538e-01 -6.96021855e-01 -3.61793712e-02
 -2.90854603e-01  1.09774433e-01  7.45853484e-01  9.02153552e-01
 -8.39797497e-01  8.33707035e-01 -4.17751402e-01  3.90330076e-01
  6.95094764e-01  6.22927845e-01 -6.64734542e-01  4.40518484e-02
  3.32636237e-01 -1.16694659e-01  6.17951155e-01 -1.33797184e-01
 -4.72347558e-01 -8.30896676e-01  3.33613247e-01 -3.58044833e-01
 -5.38796723e-01  3.51196766e-01  7.18298554e-01  2.11320475e-01
 -3.41110140e-01  7.43181169e-01 -7.08786130e-01  2.28396952e-01
 -4.62522358e-02 -4.46464896e-01 -3.44868720e-01  6.35457754e-01
  4.75096405e-01  5.00575125e-01 -6.28811955e-01 -9.84638035e-02
 -2.70890117e-01  7.00600922e-01  8.04221705e-02  8.24451894e-02
 -1.22166611e-01 -9.91153196e-02 -1.91530034e-01 -4.20115441e-02
  9.88452911e-01 -2.90996104e-01 -7.04822019e-02 -7.77584851e-01
  4.59912896e-01 -9.61031556e-01 -3.41256499e-01  5.53800277e-02
 -5.96617341e-01 -8.16795051e-01 -3.44860584e-01  1.78946048e-01
  4.90690202e-01  3.57918739e-01  6.26448035e-01  1.93165451e-01
  1.91162061e-02  1.54929057e-01  4.83032584e-01  4.93613690e-01
 -3.64377618e-01 -4.92198080e-01 -7.11397529e-02  2.91632563e-02
 -4.73363608e-01 -1.61238447e-01 -1.43021703e-01  1.17001042e-03
 -6.81431472e-01 -2.01734558e-01  7.15143025e-01 -2.83666495e-02
  1.09446359e+00 -1.71665415e-01  2.87442692e-02 -3.10643524e-01
  1.18271388e-01  3.75444852e-02  8.50067377e-01  6.01617038e-01
 -7.22594792e-03 -7.78655231e-01  4.37221348e-01  5.96830487e-01
  6.06789231e-01  6.27070546e-01  1.22048862e-01  3.47596146e-02
  8.28653276e-01 -1.22065932e-01  8.15058947e-01  1.96478128e-01]"
コ,"[-3.40031236e-02  8.18359554e-01  2.43368626e-01 -5.56144714e-01
  2.80287147e-01  6.06937468e-01  6.05787814e-01 -6.49851501e-01
 -5.27460337e-01 -8.74856338e-02  5.27706683e-01 -1.51821449e-01
 -3.97614658e-01  4.72632051e-02  2.96691686e-01 -4.14127946e-01
  2.93983459e-01 -3.02294623e-02  3.46110873e-02 -2.14860544e-01
 -4.73697275e-01 -9.39324856e-01  1.81948498e-01 -6.29787818e-02
  1.37610927e-01 -5.49549222e-01  7.73554146e-02  3.99033368e-01
  2.39412144e-01 -1.20417230e-01 -3.43516842e-02 -6.02576971e-01
 -1.76644072e-01 -5.22153318e-01 -8.69409442e-02 -2.00160295e-01
 -1.84772238e-01  1.02109909e-01 -2.83956826e-01 -4.35639620e-01
  6.91074133e-02 -1.34097770e-01 -4.78954166e-01 -6.77442923e-02
 -7.04328865e-02  5.95569313e-01 -1.12009607e-01  5.03426671e-01
  4.22184706e-01  2.60098368e-01 -2.82476395e-01  2.81704605e-01
  4.87569511e-01  3.00828099e-01  5.40202819e-02 -1.70578212e-01
 -2.20259428e-02 -1.35105759e-01 -2.67725945e-01  6.10149316e-02
 -6.93861961e-01 -1.24004789e-01 -4.49293703e-02  2.43316486e-01
 -3.29383165e-01  2.82415420e-01 -2.80290097e-01 -5.05430140e-02
 -4.80194613e-02 -6.97480559e-01  3.62185657e-01 -1.86056301e-01
 -3.15920144e-01  9.36432481e-02  1.12326097e+00 -3.04470539e-01
  3.98620695e-01 -6.24346495e-01  4.29722220e-01 -9.46053937e-02
 -4.32018876e-01  4.25306380e-01 -2.56495237e-01 -5.73162973e-01
 -1.99533135e-01  5.59410453e-01 -8.60556006e-01 -8.51772189e-01
  7.52198517e-01  3.16954106e-02  1.14665784e-01  1.72239348e-01
  2.20329762e-01  3.43912691e-01  1.82003394e-01 -3.97315234e-01
  2.98139691e-01  7.17239156e-02 -4.53803241e-02  6.21352911e-01
 -5.47691822e-01 -3.27000111e-01  1.19758427e-01  1.09058693e-01
  2.52100050e-01  6.00410700e-02 -5.94386935e-01  5.30175269e-01
  1.43666342e-01  3.56762558e-01 -1.05631933e-01 -5.69109857e-01
 -5.39138019e-01  1.87002212e-01  2.95804799e-01 -1.87213555e-01
  9.66304690e-02  3.55871528e-01  1.03556737e-01  6.96730435e-01
 -1.13138989e-01  5.10706186e-01 -4.45971303e-02 -2.87576199e-01
 -1.72110781e-01 -1.58677682e-01  6.38342798e-01 -5.43034673e-01
 -2.40154698e-01 -6.30624294e-01 -1.48481414e-01  3.84620756e-01
 -8.77233505e-01  1.54931769e-01 -3.26643914e-01  6.34937525e-01
 -2.28713498e-01  5.75828850e-01 -5.07465661e-01 -6.15215182e-01
 -1.73314512e-01  1.26228094e-01  7.10624158e-01 -8.49522948e-01
  2.33728122e-02  1.52235493e-01  7.95869157e-04 -1.54659331e-01
  7.76271522e-01  4.53313589e-01 -2.08476968e-02  6.05333745e-01
 -7.55394220e-01  1.84092343e-01 -1.23584218e-01 -9.77719277e-02
 -4.35410231e-01  6.22624338e-01  7.95721710e-02  9.35803592e-01
  1.79002583e-01 -3.63964587e-01  2.90543884e-01  8.88212323e-01
  1.02122009e-01  3.86993051e-01  6.23167455e-01  2.50698775e-01
  5.90187073e-01  8.35399806e-01 -2.45349072e-02  6.25492156e-01
  3.34949374e-01 -4.87716913e-01  1.49089679e-01  5.92454612e-01
  5.16888976e-01 -3.16922404e-02  1.87372908e-01 -3.48076105e-01
 -3.00012857e-01 -1.27463996e-01 -3.67748946e-01 -5.24430752e-01
  5.27959585e-01 -6.38387740e-01  3.31762694e-02  2.40299806e-01
  6.82033598e-02 -7.42740110e-02 -1.41142756e-01 -3.52961153e-01
  2.40099296e-01 -6.40367925e-01 -4.44272518e-01  2.43649393e-01
 -4.15564120e-01  1.55024424e-01  2.12862402e-01  2.95139313e-01
 -1.17131069e-01 -1.79158852e-01 -4.97405112e-01 -1.40239155e+00
 -1.11215949e+00  2.01140746e-01  2.42208958e-01  9.74566042e-02
  1.29909083e-01  1.41460180e-01 -2.57268578e-01  2.15118565e-02
 -6.11172756e-03 -8.77538472e-02  3.59233856e-01 -7.25206137e-02
 -8.13828826e-01 -6.57663122e-02  4.47233528e-01 -9.12438035e-02
  3.20160508e-01 -3.82249147e-01  2.72036731e-01  5.85039780e-02
 -4.54798758e-01  3.14509869e-01  2.30412364e-01 -4.06691968e-01
 -8.03591907e-02  4.82664675e-01 -2.94177324e-01 -5.43042421e-01
 -9.27678406e-01  1.45620689e-01 -3.89038861e-01  2.60894358e-01
 -3.13992769e-01  3.50613832e-01 -2.99503386e-01  4.87678289e-01
 -1.00990638e-01 -5.68887115e-01 -2.37294547e-02 -2.46849686e-01
 -1.60343610e-02  4.77189988e-01  9.60796624e-02 -2.20960200e-01
 -7.21571147e-01  1.23716027e-01 -8.58770967e-01 -3.70252162e-01
  2.08493829e-01 -1.25054270e-01  8.56157601e-01  3.54532540e-01
  9.82189476e-02 -1.30364999e-01 -9.67959985e-02  3.54307964e-02
 -4.85871285e-01 -5.66526175e-01  7.79870674e-02 -2.44835049e-01
  2.38737687e-01 -1.70298427e-01 -8.43780786e-02 -7.32693553e-01
 -7.16245770e-01 -3.56674522e-01 -5.07580563e-02 -1.11444421e-01
 -3.71584117e-01 -3.26895833e-01 -3.95800918e-01  3.83227199e-01
 -1.37553915e-01  6.40039444e-01 -3.32488269e-01  4.13617432e-01
  3.78613770e-02  5.31190574e-01 -1.22279990e+00  2.42338732e-01
  2.64373302e-01 -9.07766521e-02 -2.55535871e-01 -1.07908785e+00
 -3.85602087e-01  4.62247461e-01  1.39149040e-01 -3.34768414e-01
 -1.34344980e-01 -7.55908713e-02 -3.67132366e-01 -1.54725164e-01
 -1.53716981e-01  1.45521075e-01 -3.18582170e-02  4.83611882e-01
  2.97614813e-01  1.73670217e-01  2.58747071e-01 -4.89936024e-01
 -5.40043533e-01  1.29702212e-02  1.32869467e-01 -1.38940036e-01
  6.00982368e-01  7.74345845e-02 -4.95811133e-03  1.19829559e+00
 -7.53678024e-01 -1.69955209e-01  1.04749227e+00  2.15753168e-02
 -1.37812638e+00  2.43046731e-01  5.06793678e-01  1.91017538e-01
 -1.75383016e-01  8.41663301e-01  1.72287852e-01  2.55304694e-01
 -4.19848680e-01 -4.21023011e-01  1.15853453e+00  2.63974041e-01
 -5.31793594e-01 -2.44952932e-01  7.17396021e-01 -1.82570085e-01
  4.60462362e-01 -2.99816877e-01 -4.18125063e-01  3.80264372e-01
 -3.56573641e-01 -9.74904448e-02  2.03913953e-02 -3.03174943e-01
 -7.90582418e-01  4.33789790e-01 -1.92611724e-01  5.28056026e-01
 -7.42500722e-01 -2.97957629e-01  4.02795643e-01  1.20531130e+00
  6.39519632e-01  6.79526448e-01 -2.82252878e-01  2.15375517e-02
  7.73160398e-01  6.30646646e-02  4.17632610e-01  1.84704646e-01
  1.45980671e-01 -4.25112963e-01  9.14489031e-01 -1.27254620e-01
 -4.63717103e-01  3.19115907e-01  5.11827409e-01  6.51170254e-01
  1.09212166e-02 -2.18484193e-01  4.71887678e-01  8.35557431e-02
  7.72223771e-01  9.56755221e-01  6.26986265e-01  6.76405504e-02
  2.78371871e-01 -2.52559930e-01  7.70499945e-01 -5.13050497e-01
  4.04873602e-02  1.69144586e-01 -5.06784245e-02 -4.09605026e-01
 -7.89666891e-01 -9.51197669e-02 -1.90251738e-01 -4.23296779e-01
 -4.16331172e-01 -9.04510736e-01 -8.18772376e-01  2.47665361e-01
  4.80200946e-01 -7.86351085e-01  1.25358924e-01  2.82301158e-01
  3.99951339e-01 -5.53323090e-01 -2.05699444e-01  2.42023602e-01
 -4.31606293e-01  1.18376680e-01  1.86674267e-01  4.33183640e-01
 -4.52770084e-01  8.33026096e-02 -4.70022619e-01 -2.19578043e-01
 -9.30724025e-01 -6.14590228e-01 -4.82733667e-01  8.83011818e-02
  2.60424078e-01  4.40565169e-01  1.60905376e-01  4.12852436e-01
 -2.53472418e-01  6.70503825e-02 -1.84876829e-01 -4.45384949e-01
 -1.38996065e-01  4.67279851e-01  2.47606084e-01  6.31031334e-01
  1.70158848e-01  5.18903196e-01  3.59810628e-02  1.59394083e-04
  6.37744069e-02 -4.33488116e-02 -3.50952476e-01 -3.59039009e-01
  6.87483430e-01 -1.52769506e-01 -1.09389797e-01 -3.22362743e-02
 -4.38390486e-02  7.21520543e-01 -6.34018928e-02 -1.10090613e+00
 -1.57892734e-01  3.41296405e-01  8.62532109e-02  3.65873307e-01
  3.95502239e-01  1.09564686e+00 -2.06748605e-01  2.04002485e-01
  5.86377323e-01 -7.85374492e-02  7.58567274e-01 -3.16875279e-02
 -2.84819245e-01 -3.17162216e-01  1.47566512e-01  6.65841460e-01
  6.79170862e-02 -1.07560135e-01  2.48768359e-01  4.16045189e-01
 -2.99391717e-01 -1.97558269e-01  3.30075651e-01 -9.90340039e-02
 -6.71737075e-01 -3.46156269e-01 -5.35025001e-01 -6.36352241e-01
 -1.34762287e-01  3.77500027e-01  2.80994862e-01 -4.31473274e-03
  4.33102727e-01 -6.10811472e-01 -6.75711572e-01 -4.98841137e-01
 -9.49790061e-01  3.83423924e-01 -2.04540879e-01  5.66437304e-01
  5.67321777e-01  5.19686155e-02 -5.26067436e-01  2.73315936e-01
 -1.19956948e-01  4.37942624e-01  8.92815590e-01 -3.02216083e-01
 -1.61841691e-01  4.91000712e-01 -1.36516541e-01  6.80396140e-01
 -2.31352121e-01  1.73795685e-01 -3.02254379e-01 -3.17599215e-02
 -8.61420557e-02  1.39808625e-01  3.32722031e-02 -5.36412954e-01
  8.43076706e-01  1.15854286e-01 -3.74888450e-01 -4.09248322e-01
 -6.42643034e-01 -1.10807993e-01  4.49589521e-01 -7.45605767e-01
  2.17578318e-02 -6.09686315e-01  1.93664342e-01  6.53223693e-01
  8.42315733e-01 -6.93938136e-01  4.56017166e-01  1.89332709e-01
  7.64791220e-02 -1.87673971e-01  2.29304031e-01 -3.87045652e-01
 -3.21306914e-01  4.00711372e-02  5.27030945e-01  1.77018955e-01
  6.84628606e-01 -5.61532855e-01 -8.35055828e-01 -5.50360084e-02
 -2.28319854e-01 -6.27835453e-01  3.52906764e-01  7.03449324e-02
  2.99848020e-01 -5.31550109e-01  2.19050184e-01 -7.14979172e-01
  5.29027820e-01  3.57724875e-01  1.50618061e-01  9.88623574e-02
 -7.47942328e-01 -1.62821457e-01 -4.41728026e-01 -9.56836641e-01
  4.63358998e-01  4.12965864e-01 -8.09680045e-01  2.92298663e-02
  4.38703060e-01  5.18194199e-01 -6.92168474e-01 -5.76343417e-01
 -3.93741280e-01  9.18499455e-02  4.85231012e-01  2.01218501e-01
 -2.92095225e-02  1.40590826e-03 -3.01596671e-01  1.65906876e-01
  5.81577837e-01  6.98478281e-01  6.66153252e-01  9.39693525e-02
 -2.94664018e-02  1.55121654e-01 -7.05009222e-01  5.15378006e-02
 -2.03845084e-01 -1.34968176e-01 -5.61633892e-02  9.25351322e-01
  5.31623602e-01 -4.03094798e-01 -1.51008889e-01  9.34486568e-01
  4.13570940e-01  8.28534424e-01 -4.16184038e-01 -1.79562360e-01
 -4.56801862e-01  4.43943411e-01  1.18514307e-01 -2.82733023e-01
 -1.11502949e-02 -1.11879811e-01 -3.39961082e-01 -2.81307280e-01
 -3.18983853e-01  2.75723249e-01  6.29651472e-02  2.88141757e-01
  1.76223144e-01 -2.62073815e-01  4.36531037e-01 -2.49325544e-01
 -4.77575183e-01 -1.89346969e-01  4.37821686e-01  1.73898518e-01
  7.86911190e-01  2.15352759e-01  2.70626277e-01 -3.22856337e-01
 -9.98281896e-01 -3.61847103e-01  3.10712487e-01  3.70376438e-01
  7.74248183e-01 -7.68168449e-01 -5.58015406e-01  1.15990505e-01
  2.89381862e-01 -5.41180037e-02  9.31880623e-02 -9.02059972e-01
 -3.80132139e-01  1.89359561e-01 -6.94767594e-01  3.49366009e-01
  2.77846783e-01  1.84967622e-01 -2.18699008e-01 -4.49166149e-01
  6.59638345e-02  5.69992125e-01 -1.78454325e-01 -5.48816741e-01
  3.58918577e-01 -4.75102440e-02 -5.17831855e-02  1.53852642e-01
  1.20168254e-01 -5.57288192e-02 -3.42426635e-02  1.67805642e-01
 -4.46234524e-01  5.53899184e-02 -2.60110736e-01  3.95022452e-01
  2.41767475e-03  2.88103372e-01 -1.59017786e-01 -1.04087019e+00
  8.51010457e-02 -1.17336260e-02 -4.97439772e-01 -3.01034570e-01
 -2.17571869e-01 -3.18164945e-01 -1.54365450e-02 -1.19722486e-01
 -2.46728197e-01  3.23862582e-01 -3.17559153e-01  5.85205019e-01
 -1.22650959e-01 -6.32888436e-01  3.05619657e-01  3.99862498e-01
 -3.82739812e-01 -8.35300505e-01  3.57702881e-01  4.12165910e-01
  4.39000070e-01 -3.57071832e-02  5.17107286e-02  1.34083614e-01
  3.38933468e-01  4.90094960e-01 -6.08103216e-01  5.32438278e-01
 -9.79601955e+00 -3.71066123e-01 -6.01284325e-01 -3.19527388e-01
 -3.20709139e-01 -5.82566969e-02  1.07630455e+00  6.74293786e-02
 -1.24784179e-01 -1.62956342e-01 -8.72951075e-02 -1.50995729e-02
  4.90367979e-01  8.81763518e-01 -6.94205523e-01 -5.37462115e-01
 -7.15912804e-02 -3.04488838e-01 -4.26196158e-01 -1.00694515e-01
  4.00756449e-02 -2.51404136e-01  1.06191254e+00 -6.17653802e-02
 -3.38840127e-01 -3.50596279e-01  1.02015689e-01 -1.28545742e-02
 -2.46737078e-01  8.90286267e-01 -7.34142900e-01  1.49080098e+00
  1.81100830e-01 -9.58405361e-02 -2.63732672e-01  7.83888251e-02
 -8.42657387e-02  3.83993536e-01 -6.18537843e-01  5.44169486e-01
  1.76882356e-01  1.02944911e+00 -2.23442614e-01 -1.23551995e-01
  5.35986066e-01 -1.85154695e-02  4.37277973e-01  1.87122524e-01
  2.56300658e-01 -1.69576496e-01 -1.90561801e-01 -4.08345729e-01
  1.47109717e-01 -1.90664619e-01  1.80475160e-01 -1.62386492e-01
  6.50650859e-01 -6.85634136e-01  2.07714401e-02  8.01436305e-02
  5.25141239e-01 -1.48999259e-01  5.69961369e-01  6.55263126e-01
 -4.02973682e-01  7.19710812e-02  2.27081656e-01  1.52651006e-02
 -5.92391968e-01 -2.47420773e-01  2.75155902e-01  5.59971444e-02
  9.35863703e-02  3.79527777e-01 -3.10469508e-01  5.26294708e-01
 -1.55469045e-01 -3.09055030e-01  7.42112637e-01  3.24877620e-01
  1.00749028e+00 -1.15901396e-01 -6.03499189e-02  1.92686677e-01
 -8.88719261e-01  4.23133701e-01 -1.65509388e-01  3.20394248e-01
  5.79544723e-01 -6.26762092e-01  1.00056088e+00  5.16397581e-02
 -5.61918616e-02  2.78020412e-01 -2.57949438e-02 -1.43004343e-01
  6.82184458e-01  5.56321383e-01  5.35772443e-01  1.37304470e-01]"
ド,"[ 4.55315076e-02  1.11755431e+00  2.32576534e-01 -3.21958840e-01
  7.47614861e-01  5.10799587e-01  1.95131972e-01  1.09812263e-02
 -3.30355972e-01 -9.02393982e-02  3.31177711e-01 -1.54019962e-03
 -4.19891864e-01 -3.24253827e-01  4.57445800e-01 -4.27364469e-01
 -4.09955829e-01 -2.05799937e-01  1.01997025e-01 -6.08689785e-01
 -4.50045049e-01 -3.54958773e-01 -2.98420668e-01  3.72499108e-01
  3.64646375e-01 -5.11211693e-01 -6.15701936e-02  3.22499931e-01
  2.21713856e-01 -7.51865923e-01 -1.30349007e-02 -9.61925447e-01
 -2.46155307e-01 -1.08344562e-01 -6.16706371e-01  2.94032812e-01
 -6.27324879e-02 -5.04684746e-02  3.31844389e-01 -1.41736478e-01
  8.70209858e-02 -2.00183123e-01 -1.66388154e-01  1.27112284e-01
 -1.48712769e-01  4.60621148e-01  2.23002717e-01  7.75551081e-01
  3.53919744e-01 -2.19537035e-01 -2.51669526e-01  5.80110431e-01
  1.61497131e-01  3.06547046e-01  4.12699491e-01 -1.15309440e-01
  6.86840415e-01 -6.64283693e-01 -1.21976562e-01 -8.32865089e-02
 -6.72163188e-01 -4.82379436e-01 -4.39141989e-01  8.09119865e-02
 -3.53929341e-01  4.28402811e-01 -4.96427208e-01  5.20951271e-01
  3.44881773e-01 -4.05663490e-01  1.55628294e-01  1.56816673e-02
 -5.53560495e-01 -3.53899628e-01  5.10631382e-01 -2.07908258e-01
  7.81936526e-01 -5.40003359e-01  1.52715027e-01  1.54920578e-01
 -3.53737354e-01  4.76619989e-01  1.14100963e-01 -6.12415135e-01
 -2.85712719e-01 -1.47426501e-01 -9.43577528e-01 -9.65062380e-01
  4.60504442e-01 -2.85127997e-01 -2.08443001e-01  4.80536312e-01
  2.70960107e-02  4.44375545e-01  1.24381810e-01  2.16947019e-01
  2.40557224e-01 -4.31803942e-01 -1.26883090e-01  1.47686675e-01
 -2.15708569e-01  1.00079574e-01  5.20579934e-01 -1.78711131e-01
 -8.07533786e-02  4.91405994e-01 -3.10902685e-01  5.69681883e-01
  9.87765864e-02  3.43720943e-01 -1.40485406e-01 -6.20470226e-01
 -3.93896937e-01 -5.63206486e-02  1.12670824e-01 -5.25189005e-02
 -1.38906091e-01  7.54071414e-01 -4.68264878e-01  4.74120319e-01
 -1.11972459e-01  2.14550972e-01  2.40050629e-03 -5.45545578e-01
 -1.41890496e-01  4.55065876e-01  3.62888277e-01 -3.00867315e-02
 -2.49312203e-02 -3.26199740e-01 -2.32995838e-01 -2.68152356e-01
 -4.81540672e-02  3.38615149e-01 -6.89116299e-01  3.89741987e-01
 -1.61175877e-01  2.85428584e-01 -1.87231809e-01 -3.44847232e-01
 -3.35158765e-01  1.14251338e-01  5.94641566e-01 -5.95182776e-01
 -2.75190800e-01  4.20189559e-01  9.40943956e-02 -5.69419980e-01
  2.70485938e-01  3.65358621e-01  5.51536679e-03  1.10252082e+00
 -7.91772962e-01 -2.90080994e-01  4.76526469e-01  2.50107318e-01
 -3.62200499e-01 -4.11701538e-02 -1.45468544e-02  8.14491689e-01
  8.68468266e-03  3.47299082e-03  2.12257862e-01  4.26737428e-01
  7.06742406e-02  5.32699704e-01  7.06891656e-01 -1.88672602e-01
  2.34730989e-01  5.82557380e-01  3.37686628e-01  2.60598183e-01
 -1.75097615e-01 -3.82202417e-01  1.76600382e-01  2.46852100e-01
  7.39481926e-01  1.87200159e-02  5.61777055e-01 -3.73308599e-01
 -3.51623416e-01  8.32774639e-02  4.02914912e-01 -9.02503908e-01
  7.07336664e-01 -1.21645108e-02  1.55199617e-01  2.90937871e-01
 -3.79981339e-01  4.20105718e-02 -1.06332853e-01 -1.20890453e-01
 -2.27990746e-01 -5.23127377e-01 -3.76971304e-01  1.65440127e-01
  3.23129207e-01  3.30207705e-01 -5.13428986e-01  3.67783904e-01
  1.65996119e-01  2.96532631e-01 -4.66203213e-01 -8.11758876e-01
 -8.01783025e-01 -3.27615887e-01  2.71572620e-01  4.00009006e-01
  3.10397416e-01  1.14281438e-01 -6.72237575e-02 -6.80930614e-02
  3.73996586e-01  3.51493619e-02  1.08186889e+00 -2.29946718e-01
 -1.18893516e+00 -7.12735474e-01 -1.95729826e-02 -3.28347147e-01
 -1.62485942e-01  5.81881218e-02  4.63397473e-01 -9.89036635e-02
 -7.56534711e-02  4.22470033e-01  7.58683860e-01 -1.31244631e-02
 -1.83842465e-01  4.14778352e-01 -2.77423561e-01 -7.32342899e-01
 -8.95318925e-01  1.46392554e-01 -5.18827260e-01  2.32696503e-01
  5.14056608e-02  5.12724996e-01 -2.08409391e-02  6.26272440e-01
 -1.19962409e-01  2.50342011e-01  4.02904928e-01 -4.22562242e-01
  2.43577808e-01  9.15516540e-02 -3.76591474e-01 -9.26035866e-02
 -1.81203380e-01 -3.65991503e-01 -7.28313625e-01 -5.40764391e-01
  8.18124115e-02 -1.25387013e-01  3.47557366e-01  6.98478580e-01
 -9.86943245e-02 -1.26807429e-02  1.13970272e-01 -1.94940314e-01
 -5.87723672e-01 -8.35766017e-01 -2.66215324e-01  3.99192363e-01
 -2.62882616e-02  6.98470846e-02  2.77764142e-01  5.45241572e-02
 -2.32588381e-01 -5.78888476e-01 -9.45299026e-03 -5.43452561e-01
 -5.66882491e-01 -2.20999479e-01 -5.42185545e-01 -1.01815611e-01
  2.53356725e-01  5.66718996e-01 -1.35609865e-01  2.61967599e-01
 -2.85428762e-02  8.78275096e-01 -5.51714778e-01 -1.46154299e-01
  9.40372497e-02 -9.41233486e-02 -2.54329860e-01 -7.30964303e-01
 -9.44521666e-01  2.08244026e-01  1.72847524e-01 -1.89614311e-01
 -3.16914916e-01 -7.17748180e-02 -7.12906182e-01  4.76904511e-01
  2.16579884e-01 -2.84142941e-01  2.91102529e-01  1.10423535e-01
  6.53563321e-01  4.11990315e-01  4.19668168e-01 -1.48836583e-01
 -7.21823514e-01 -4.04432923e-01 -2.54182786e-01  5.50036788e-01
  7.90183246e-02 -2.65042305e-01  3.59886646e-01  8.03833663e-01
 -3.30285639e-01 -1.55856267e-01  9.20703411e-01  2.73477077e-01
 -1.48055542e+00 -2.09883302e-01  9.85985279e-01  4.44575518e-01
 -3.68259370e-01  5.19403994e-01 -5.20439781e-02  1.65162355e-01
 -1.76043898e-01 -5.38102150e-01  7.42182672e-01 -2.75989711e-01
 -2.50312060e-01 -2.47410357e-01  1.03768818e-01 -3.15879211e-02
  2.60065556e-01 -3.54988128e-01  4.37795639e-01  3.69109482e-01
 -9.82329965e-01 -4.29556705e-02  3.37161660e-01 -5.54540642e-02
 -7.80307949e-02  3.29323262e-01  3.20045799e-01  3.08395505e-01
 -5.04183650e-01 -2.36765802e-01  1.19650744e-01  1.21294975e+00
  4.74753708e-01  4.97335583e-01 -8.21120068e-02 -3.80508482e-01
  5.10926187e-01 -1.98383629e-02  1.54334888e-01 -2.96208054e-01
  1.67447347e-02  8.60470682e-02  1.68188468e-01 -1.64839566e-01
  4.23358232e-01  1.43127264e-02 -2.77433157e-01  2.30011255e-01
  3.62777293e-01  2.59514451e-01  6.91717684e-01 -1.10888518e-01
  2.75709212e-01  4.16298300e-01  2.54351974e-01  9.60005894e-02
  3.29575539e-02 -5.81822544e-02  2.16672763e-01 -2.64051408e-01
  2.54324041e-02 -3.62642407e-01 -1.78867087e-01  3.10761034e-01
 -1.03068270e-01 -2.65651405e-01 -6.60433024e-02 -2.03510582e-01
 -2.60204136e-01 -6.52118623e-01 -1.96432471e-01  5.02503626e-02
  1.16004296e-01 -5.46934724e-01  2.83550560e-01  5.81880987e-01
  3.76488566e-01 -1.37686104e-01 -2.11970657e-01  2.32429311e-01
 -2.80458689e-01  5.17517217e-02  5.40854037e-01  6.81786314e-02
 -1.12886243e-01 -2.36835539e-01 -2.43052214e-01 -2.80264229e-01
 -8.58571768e-01 -6.98700964e-01 -7.87719667e-01  1.54490083e-01
  3.78914960e-02  5.91637850e-01 -2.83047676e-01  2.72194564e-01
  3.83623183e-01  6.06366396e-01 -4.16234672e-01 -6.45413041e-01
 -3.70604008e-01  1.32641703e-01 -1.51656121e-01  6.30757306e-03
  2.56741434e-01  3.21171314e-01  2.61879623e-01  2.72517830e-01
 -3.00316364e-01  3.72765511e-01 -2.79667705e-01 -2.64698863e-01
  6.81614459e-01 -2.63181955e-01  2.82554533e-02 -5.06602563e-02
  4.60825600e-02  7.93179989e-01 -4.62586552e-01 -8.16000760e-01
 -5.75939119e-02  3.32432054e-02 -3.44895184e-01  8.19839478e-01
  1.98205397e-01  7.84979701e-01 -9.80474949e-02  1.96167499e-01
  8.87225568e-02 -3.44812065e-01  7.09101081e-01 -6.76544905e-01
  1.67844206e-01 -7.21417516e-02  5.22601664e-01  3.86695564e-01
  5.43839037e-01  1.67074978e-01 -2.05198348e-01  7.63194114e-02
 -8.17956388e-01  1.87827051e-01  5.14328301e-01  4.63790357e-01
 -2.11256728e-01  2.53326654e-01 -3.81755769e-01  2.92500407e-01
 -7.36772045e-02 -5.82855567e-02  3.24584484e-01  5.38300097e-01
  3.77806067e-01 -3.39343131e-01 -5.89413226e-01 -1.95186347e-01
 -8.90896559e-01  2.95145035e-01 -1.33885816e-01  1.02199644e-01
  2.98054338e-01  3.32502574e-01 -5.38739681e-01  2.91222364e-01
  1.38280317e-01  3.08557600e-01  5.49443625e-02 -4.47300941e-01
 -3.00204694e-01  5.77725112e-01  1.79659590e-01  3.94515619e-02
  2.07430467e-01  7.31396675e-01 -5.12926519e-01 -2.86403358e-01
  3.72885615e-01 -1.20520540e-01 -1.17090791e-02 -3.28241348e-01
  5.40440321e-01  2.35907137e-01 -4.13057894e-01 -1.63695458e-02
 -2.38099456e-01 -4.49655086e-01  3.90577495e-01 -1.54896393e-01
 -3.61666262e-01 -6.32753456e-03 -1.75133988e-01  3.90436858e-01
  7.49638200e-01 -5.30076683e-01 -2.81725585e-01  3.07649881e-01
  1.62358254e-01 -2.88051724e-01  2.39426330e-01 -3.19162458e-01
  7.56315142e-02 -2.80314852e-02  5.38301647e-01 -5.84745072e-02
  2.68732280e-01 -7.35778585e-02 -1.08876824e+00 -1.72088996e-01
 -2.88106650e-01 -9.14527535e-01  1.73389897e-01  2.12015688e-01
  7.23597109e-01 -7.80504167e-01  1.40555725e-01 -4.63976711e-01
  1.71863347e-01 -4.03306484e-02  2.07838729e-01 -1.13437563e-01
 -8.72646987e-01 -2.70157754e-01 -4.01931971e-01 -9.18276191e-01
  5.21984398e-01  1.07134497e-02 -5.95794141e-01  3.51455957e-01
  4.69397217e-01  2.18168497e-01 -2.67468423e-01 -2.59960651e-01
 -1.19215600e-01  2.92843878e-01  3.06437872e-02 -9.15895998e-02
  4.08497691e-01  5.22224009e-01 -4.91925776e-01  2.04182178e-01
  8.30911100e-01  5.28829277e-01  7.85694003e-01  4.86160666e-01
 -1.92168981e-01 -7.58914277e-02 -5.12657225e-01  2.84515560e-01
  1.90621048e-01  4.56086755e-01 -3.04732233e-01  1.79097265e-01
  1.96817890e-02 -1.62735179e-01  2.57049859e-01  9.36145365e-01
  2.20835879e-01  8.45273614e-01 -9.66596529e-02  5.99004067e-02
 -9.07098830e-01 -7.08995610e-02  2.59755291e-02 -4.93510127e-01
 -2.28941545e-01 -2.77773470e-01  1.58618689e-01  3.68444510e-02
  3.46885145e-01 -4.76304442e-02 -1.03774622e-01 -1.64152473e-01
  3.50193560e-01 -2.02909589e-01  5.38882077e-01  5.21877825e-01
 -7.19965875e-01  3.78570318e-01 -1.83089614e-01  3.52429897e-01
  7.73001313e-01  1.21438175e-01  4.32219416e-01 -2.50856370e-01
 -6.10104203e-01  4.24617618e-01  5.48097901e-02 -7.75216753e-03
  4.32025224e-01 -3.00250858e-01  1.31285414e-01  3.74121040e-01
  3.56966496e-01 -1.18624613e-01 -3.93697172e-02 -8.00083280e-01
  2.20604897e-01 -3.44235264e-02 -8.08074474e-01  2.06579664e-03
  4.73022535e-02  1.75712317e-01 -2.06864432e-01 -5.54128766e-01
  3.28743756e-01 -2.38005370e-02 -3.47273163e-02 -2.26674736e-01
  3.85114431e-01  1.62571698e-01  1.18773490e-01  3.42263758e-01
  6.19489729e-01 -1.83380139e-03 -1.32681713e-01  5.43957651e-01
 -1.22049332e-01 -3.73058021e-01  3.41446698e-01  4.07545894e-01
 -9.99799445e-02 -3.87736112e-01  1.99082986e-01 -3.44607979e-01
  2.38866389e-01 -3.22737634e-01 -4.21933740e-01 -1.51335597e-02
 -6.28197342e-02  2.55022407e-01  3.45618248e-01 -6.63866028e-02
 -4.38629985e-01 -4.68990803e-01 -1.89684182e-01 -1.88217252e-01
 -7.86879897e-01 -2.48291731e-01  4.73972648e-01 -2.76552647e-01
 -2.79158682e-01 -1.24078703e+00  3.88753533e-01  1.73638493e-01
 -1.92997756e-03 -4.55608934e-01  5.01871288e-01  2.57328432e-02
  1.03665382e-01 -1.63757652e-01 -5.17868936e-01  4.33847964e-01
 -1.01105719e+01  6.14515953e-02 -5.47154248e-01 -5.84152520e-01
  1.62509561e-01  1.76520169e-01  9.39229727e-01  4.49118584e-01
 -2.85923094e-01  6.45708069e-02 -3.96921039e-01  1.57889232e-01
  2.04660401e-01  6.15660787e-01  5.76042719e-02  1.88562404e-02
 -2.82132745e-01  1.88882127e-02 -4.06774879e-01 -3.25595215e-02
 -1.90356180e-01 -3.47908974e-01  8.18647087e-01  3.50688815e-01
 -1.97529286e-01 -4.10449266e-01 -1.66400269e-01 -3.63952190e-01
 -3.62812459e-01  1.20507255e-01 -1.09540057e+00  1.14383745e+00
  2.03297228e-01  5.98883107e-02  5.53371534e-02 -1.91985965e-01
 -1.52093470e-02  1.45486668e-02 -5.30895233e-01  4.76681203e-01
  1.70698315e-01  8.38994563e-01  1.97993353e-01 -5.24232805e-01
  3.74485224e-01 -2.77686659e-02  3.91069680e-01  1.95419136e-02
  1.71389148e-01 -3.36142689e-01 -2.95087099e-01 -1.16306106e-02
  2.42438808e-01 -2.21141651e-01  2.98136950e-01 -6.06329441e-01
  1.60945356e-01 -9.52497661e-01  3.12873840e-01  8.50829706e-02
  4.78727728e-01 -1.17156260e-01  6.27334356e-01  3.14706266e-01
  8.76415819e-02  6.82443798e-01 -1.28832281e-01  2.48414695e-01
 -3.20647269e-01  1.92922726e-01  3.81642669e-01 -1.73503876e-01
  5.88144362e-02  8.53994191e-02 -4.15856063e-01 -7.12278336e-02
  2.57334232e-01 -5.90681285e-02  6.68320715e-01  7.81078488e-02
  3.00986588e-01 -2.35781461e-01 -9.86617357e-02  2.43246689e-01
 -7.73735046e-01  3.72999050e-02  2.21975390e-02 -6.01805151e-01
  4.07343268e-01 -4.90831435e-01  3.36940438e-01 -2.12287992e-01
 -3.89651537e-01  1.25789598e-01  3.83134156e-01 -6.11753874e-02
  4.56875890e-01  6.00942850e-01  3.94244462e-01 -4.95429456e-01]"
モ,"[ 9.75756943e-01  6.74968064e-01  9.16028261e-01 -5.77044547e-01
  1.01051219e-01 -9.59448740e-02  2.26067886e-01  2.38940507e-01
 -3.94376129e-01 -3.93854789e-02  4.40192848e-01 -6.59103453e-01
 -1.60127982e-01 -3.06484461e-01  1.34465992e-01 -4.57465112e-01
  6.25317022e-02 -3.29531997e-01 -2.20506415e-01 -3.12297016e-01
 -8.91977012e-01 -7.59420753e-01 -1.85379893e-01  2.18892097e-01
 -1.91052616e-01 -9.85809565e-01  1.00717939e-01  5.94954073e-01
  2.63505816e-01 -5.72512209e-01 -2.78642088e-01 -6.29119799e-02
  7.36200577e-03  2.45850340e-01 -7.45445311e-01  7.58118555e-02
  3.32646593e-02 -3.87177259e-01 -5.06983623e-02 -6.29001185e-02
  1.15248241e-01 -4.26904887e-01 -4.45393384e-01  3.78535211e-01
 -2.07151383e-01  3.53713900e-01 -3.12234648e-02  3.14299732e-01
  2.18358800e-01  2.20113158e-01 -4.03873801e-01  4.04152155e-01
  4.25471693e-01 -1.67482823e-01  2.16524035e-01 -4.73079473e-01
  3.04925293e-01 -5.63924611e-01  1.72000855e-01  6.03202701e-01
 -2.39325076e-01  6.90906048e-02  1.04558468e-01  2.97801018e-01
  4.70392890e-02  1.19282149e-01 -1.33763209e-01 -1.66622251e-01
 -1.56889483e-01 -1.52239352e-01 -5.15811257e-02  9.41227525e-02
 -2.16425091e-01 -1.37162372e-01  1.00719404e+00 -2.37038448e-01
 -2.47733034e-02  3.81082952e-01 -2.73000360e-01 -4.65392202e-01
 -1.04133949e-01  5.72119951e-01  3.50106955e-02 -7.76564717e-01
 -7.09255859e-02  4.56337154e-01 -7.20024168e-01 -1.20204258e+00
  3.91197801e-01 -2.85273641e-01 -1.57026455e-01 -1.53400451e-01
  4.71417196e-02  4.68172938e-01  9.70913321e-02  7.30906948e-02
  1.13217592e-01 -2.42391884e-01  1.72794551e-01  6.40255153e-01
 -5.81529774e-02  1.23432353e-01  3.32456678e-01 -3.27588230e-01
 -1.58526704e-01  1.39141724e-01 -1.20074511e-01  1.88875139e-01
 -2.06046715e-01  2.48143405e-01 -5.33352196e-01 -9.79328156e-01
 -6.88660085e-01  9.63836759e-02  2.44003639e-01 -2.30065510e-01
 -4.47376162e-01  4.72928554e-01  2.12813565e-03  3.37137491e-01
 -1.65512025e-01 -1.43981827e-02 -1.76517293e-01 -1.01098940e-01
  1.61820054e-01 -5.56167122e-03  6.63326532e-02  1.36193978e-02
  1.68533176e-01  6.54277857e-03 -5.12389958e-01 -2.53454000e-01
 -6.64819181e-01 -7.51880705e-02 -3.03985417e-01  7.24541545e-01
 -2.33443547e-02  2.93645322e-01 -1.28709808e-01 -2.57544398e-01
 -5.93218543e-02  7.96478987e-03  4.46497977e-01 -4.08153176e-01
  8.56433883e-02 -3.51947904e-01 -2.40995690e-01 -5.75999856e-01
 -1.14033759e-01  2.87822306e-01 -3.48379582e-01  7.43765354e-01
 -7.31770277e-01  4.01932627e-01  1.30682692e-01  3.69663775e-01
 -5.71694314e-01 -3.28275979e-01 -2.15784669e-01 -7.82648250e-02
  2.43225262e-01 -3.28131378e-01  2.56691664e-01  1.04505682e+00
  7.64662586e-03 -1.52338579e-01  5.65812945e-01  2.98285365e-01
 -5.25276735e-02  6.84965968e-01  8.82208467e-01  1.98411062e-01
  2.87016392e-01 -1.00689851e-01  1.93329796e-01  1.89386025e-01
  8.50188017e-01  3.37181091e-01 -3.32229108e-01 -2.92867750e-01
  5.19032896e-01 -1.70811027e-01  1.53685227e-01 -5.71572185e-01
  4.33035403e-01 -3.45900953e-01  4.60724950e-01 -1.27980530e-01
  8.52313116e-02 -5.38889356e-02 -9.31285992e-02 -2.02121451e-01
  2.72034287e-01 -2.63615966e-01 -4.52254832e-01 -3.66570055e-01
  1.06261671e-01 -1.38138950e-01 -9.66908224e-03  1.83407143e-01
  1.18935563e-01  1.15183294e-02 -1.24982841e-01 -1.11115003e+00
 -5.00522316e-01  5.14432371e-01  3.94202143e-01  7.60498405e-01
  6.16024315e-01  5.86320996e-01 -1.09442897e-01  3.09486777e-01
  4.32984173e-01  1.04367785e-01  8.11539590e-01 -4.40365411e-02
 -4.80497122e-01 -5.23110986e-01  7.59973377e-02 -1.08470641e-01
  7.26266563e-01 -2.27150992e-01  6.68463856e-02  8.28060210e-02
  1.15788266e-01  1.25667065e-01  1.84345484e-01 -2.01199964e-01
 -1.00434795e-01  5.57638109e-01 -8.03869545e-01 -1.89767078e-01
 -7.07880676e-01  2.98724417e-02 -6.93244994e-01 -2.61894196e-01
 -5.14877379e-01 -4.96751964e-01 -6.16010129e-01  1.88669384e-01
 -4.89765257e-02 -4.23200309e-01  1.86805829e-01 -3.49718541e-01
  1.50179312e-01  9.87772346e-01 -1.09773397e-01 -2.37123445e-01
  9.14276391e-02  4.76601198e-02 -3.57734174e-01 -6.22891903e-01
 -5.40060876e-03 -8.36046338e-01  9.03699875e-01  3.56498003e-01
  6.08864725e-01  1.14167936e-01  4.40646946e-01 -5.34560680e-01
  4.14428338e-02 -6.76720977e-01 -4.21978444e-01  1.22960560e-01
  4.71838892e-01 -1.21195711e-01  1.57498479e-01 -6.38704654e-03
 -1.72513649e-01 -4.32172120e-01  1.80459872e-01  2.94286340e-01
 -1.64544433e-01 -3.27110797e-01  1.31196156e-01  1.47378817e-01
 -3.85553062e-01  8.93880427e-01 -5.58604300e-01  2.72626013e-01
 -4.53839451e-01  4.36329752e-01 -2.73097903e-01 -2.56797582e-01
  5.40732443e-02  1.25018120e-01 -5.10649979e-01 -5.04771173e-01
 -1.30520776e-01  6.16267204e-01  6.88133061e-01 -5.19388735e-01
  1.17315287e-02  6.07722402e-01 -8.10673274e-03  7.22132921e-02
  1.19690754e-01  2.17490271e-01 -2.39255548e-01 -6.11079276e-01
  7.40555227e-01 -2.35992167e-02  2.67330259e-01 -1.85644493e-01
 -2.91665681e-02 -4.45930660e-01  6.73999786e-02  1.88850015e-01
  4.03667629e-01 -1.06779128e-01  6.40957832e-01  9.84383523e-01
 -2.14936167e-01 -2.97908306e-01  4.48539019e-01  6.62284076e-01
 -1.85383260e+00 -2.04166040e-01  2.17079163e-01 -2.74829008e-02
 -8.25949192e-01  2.28522256e-01  1.90947369e-01  1.92611486e-01
  9.97032691e-03 -9.48241591e-01  8.18393350e-01  2.44650051e-01
 -5.02013490e-02 -1.03988327e-01  4.77635205e-01  2.16019705e-01
 -2.53480315e-01 -6.50396943e-01  4.11745727e-01  2.58943468e-01
 -2.84033716e-01 -3.75125498e-01  2.73473114e-01 -2.65557736e-01
 -2.80286700e-01  1.45842060e-01 -1.91887021e-01  3.02558094e-01
 -3.03958714e-01 -1.21705011e-01  2.76422441e-01  7.83196688e-01
  4.91666734e-01  7.06509292e-01 -6.34209216e-01 -2.03523695e-01
 -3.06122266e-02 -9.17494483e-03 -2.11075135e-02 -6.47863090e-01
 -1.48485035e-01 -1.50659442e-01 -9.09792185e-02 -3.54387581e-01
  1.11416332e-01  3.38380963e-01  1.93474129e-01 -7.97038078e-02
 -3.86703074e-01  3.04047644e-01  7.62456954e-01  8.77795219e-02
 -1.76154941e-01  3.12930256e-01  6.99005008e-01  2.82450676e-01
  8.29887539e-02 -3.93003374e-01  3.22351485e-01 -5.01899779e-01
  1.58990815e-01 -4.64529961e-01 -2.61761118e-02  5.80502450e-01
 -5.00478089e-01  3.03107202e-01  4.08559829e-01 -3.42500538e-01
 -5.25531471e-01 -4.40891773e-01 -1.82147145e-01 -1.56982869e-01
 -9.16477069e-02 -9.25133228e-01  1.03032446e+00  3.31162781e-01
  2.69111991e-01 -2.45103046e-01 -6.22783124e-01  2.37553380e-02
 -1.31810039e-01 -1.16003782e-01 -3.74749526e-02  4.02593404e-01
 -1.92658752e-01 -3.36723179e-01 -2.79729724e-01 -1.73724949e-01
 -1.00987244e+00  7.88132772e-02 -9.57037628e-01 -3.98487628e-01
  2.79314090e-02  7.08143413e-01 -9.27544758e-02 -1.72958806e-01
  1.13585949e-01  2.98995584e-01 -4.36409116e-01 -4.13961112e-01
 -4.06709574e-02  8.01093638e-01 -2.46902779e-01  5.33362431e-03
  5.76893270e-01  1.95790127e-01  6.38142884e-01 -1.39802992e-01
  1.97150528e-01  5.49620390e-02 -5.68130672e-01 -4.31033552e-01
  5.81697464e-01 -3.64178747e-01  5.21148562e-01 -2.23251134e-01
 -2.18383417e-01  4.44451243e-01 -1.78330109e-01 -7.22008049e-01
  1.84738278e-01  2.72115499e-01 -3.10775101e-01  3.59497964e-01
  1.72973111e-01  8.99496853e-01  1.83706060e-01 -4.43672910e-02
  6.32839277e-02  1.43633142e-01  6.97289407e-01 -3.16822886e-01
  6.05561957e-02 -2.85712421e-01  5.43934762e-01  7.67478049e-01
  4.27803457e-01  3.16206157e-01  8.60169053e-01  8.03180635e-02
 -5.94487429e-01  2.44134888e-01 -4.35755886e-02 -3.62314433e-02
 -2.40085989e-01  3.82260740e-01 -4.05005336e-01 -1.82815194e-01
 -1.84448600e-01 -8.29601735e-02  5.22892416e-01 -3.19916070e-01
  1.16957471e-01 -3.03725988e-01 -4.51095074e-01 -5.25262773e-01
 -8.41379523e-01  2.39417598e-01 -6.01539612e-01 -1.30529795e-02
  3.04487944e-01 -1.64826587e-03 -1.08015411e-01  4.33767915e-01
  1.29922524e-01  4.14362848e-01  5.14305085e-02 -3.37300867e-01
 -1.61128163e-01  4.99034375e-01 -1.00654393e-01 -2.74118006e-01
 -6.80951476e-02  1.90677673e-01 -3.96453470e-01 -6.87705278e-01
  1.04857959e-01 -2.47327670e-01  8.35115761e-02 -5.91364205e-02
  6.53218031e-01  2.37732813e-01 -4.45876837e-01 -2.61527929e-03
 -1.47708476e-01 -1.99250475e-01  1.10435672e-01 -8.35794449e-01
 -1.47008628e-01 -1.41196800e-02 -2.87028980e-02  1.59210831e-01
  4.54539329e-01 -4.36360747e-01 -3.17184240e-01  5.32982767e-01
  2.85133958e-01 -2.11249247e-01  1.74937937e-02 -2.14189082e-01
 -5.69875062e-01  4.22087908e-01  2.38896459e-01  1.04245665e-02
  1.95125759e-01  5.91490567e-02 -6.78799510e-01 -4.57350433e-01
 -3.31151128e-01 -1.00045502e+00  4.20969158e-01 -6.00189678e-02
  2.49949247e-01 -4.99759823e-01  1.24455346e-02 -1.19838819e-01
  3.08549792e-01 -6.11564983e-03  5.10685816e-02 -1.34130463e-01
 -2.49842823e-01 -1.00819819e-01  1.87229618e-01 -9.02981460e-01
  9.03473139e-01  3.63518655e-01 -6.41335428e-01  1.06524393e-01
  8.73376489e-01  5.53631246e-01 -2.26671502e-01  3.44685197e-01
  1.92849245e-02 -2.07043499e-01  1.27179891e-01 -1.30400658e-01
  3.51154655e-01  6.05747521e-01 -1.67865202e-01  1.97754920e-01
  7.21139491e-01  3.17692220e-01  3.47689509e-01  5.29764034e-03
 -9.84115303e-02  4.31212746e-02 -2.44405538e-01  3.46200198e-01
 -1.86165012e-02  4.39985573e-01 -2.94718832e-01  8.13968420e-01
  7.10666835e-01 -4.17012125e-01 -1.65732443e-01  9.04951274e-01
  5.78546524e-01  3.50277632e-01 -4.79523577e-02  4.23387319e-01
 -6.42379820e-01  1.00579653e-02  7.96366513e-01  4.84119318e-02
  8.74627978e-02  2.31978774e-01 -2.54809856e-01 -1.38683587e-01
  2.29974285e-01 -3.60155731e-01  3.68518621e-01  7.43602589e-02
  1.44925699e-01  1.21415272e-01  9.47496355e-01  1.29447609e-01
 -1.17219828e-01 -2.82986999e-01  2.72374991e-02  9.70702469e-01
  4.00325179e-01  1.16124138e-01  4.18478996e-01 -5.23989677e-01
 -7.16021240e-01  2.88488418e-01  2.39597335e-01  4.18102741e-01
  3.31413150e-01 -3.17122430e-01 -8.33709836e-01  3.32334369e-01
  5.15629649e-02  2.66288996e-01 -2.18733370e-01 -6.29638433e-01
  3.68710220e-01  1.32643223e-01 -7.11184084e-01  1.60705224e-02
  1.20414972e-01  7.22823858e-01  2.05795262e-02  4.81191635e-01
  5.41338146e-01  3.80557954e-01 -2.81528473e-01 -1.49994627e-01
  2.98053592e-01 -6.21722750e-02  5.82227483e-02 -1.64368331e-01
  7.19732270e-02 -1.20018378e-01 -4.78173792e-01  2.56337136e-01
 -1.52921036e-01 -7.30245486e-02 -4.62291181e-01 -8.72256756e-02
  4.06261057e-01  3.69172613e-03 -1.31576091e-01 -4.31925088e-01
 -1.21737868e-02  1.15828618e-01 -6.25078797e-01 -2.70632744e-01
  2.24060372e-01 -2.30924860e-01  5.54384403e-02 -1.03726916e-01
 -8.49404931e-01 -6.62601829e-01 -1.64915770e-01  2.19853163e-01
 -7.17615008e-01 -5.07914841e-01  5.16055882e-01  1.80120438e-01
  2.22618803e-01 -1.57521641e+00  3.35209727e-01 -7.14263171e-02
  5.81639290e-01  1.29725963e-01  3.13245296e-01  5.55768237e-02
 -6.98352838e-03 -3.70092154e-01 -3.03186119e-01 -1.25534832e-01
 -1.01181898e+01 -2.47398734e-01 -7.39145637e-01 -3.91312301e-01
 -4.69169885e-01 -1.83402270e-01  8.87967527e-01  6.41996503e-01
  5.25713973e-02  4.37591374e-01 -2.92742819e-01  8.74848306e-01
  2.37339988e-01  1.89436138e-01 -2.89359599e-01  2.63220668e-02
 -3.25541675e-01 -3.56066167e-01 -2.38994747e-01 -2.28842035e-01
 -1.80810183e-01 -2.93628931e-01  2.54836857e-01  1.99712306e-01
  4.18225050e-01 -4.88089263e-01  1.85437247e-01  2.55253643e-01
 -4.02128786e-01  4.13817585e-01 -4.68402892e-01  5.11424839e-01
 -3.04983795e-01  4.36678261e-01 -2.62591958e-01  5.39095467e-03
  1.75157309e-01  2.32889175e-01 -3.69778842e-01  4.63871032e-01
  5.12973905e-01  2.72680879e-01 -2.39656381e-02  1.50434777e-01
  5.09492636e-01  2.26622492e-01  3.75436485e-01  3.67631376e-01
  5.87722421e-01 -1.10685807e-02  2.66385466e-01 -1.60942242e-01
  3.62809390e-01 -4.39754725e-01 -1.68709964e-01 -2.62978792e-01
  8.34632099e-01 -7.00718164e-01  2.63439059e-01  3.40358019e-02
  3.74540716e-01  1.81333557e-01  4.82449085e-01  8.31015587e-01
  3.25197726e-01  4.92981166e-01  3.22527528e-01 -2.37648040e-02
 -7.49128282e-01 -4.80870128e-01  3.46692681e-01  4.03109431e-01
 -1.92122817e-01  1.64627969e-01  2.25998834e-01  5.87944798e-02
 -1.39586627e-01  6.41438961e-02  7.50380039e-01 -2.59752363e-01
 -1.16587151e-02 -4.07802224e-01  7.86360428e-02  3.92059207e-01
 -6.43795907e-01  3.94785225e-01  2.51510859e-01 -3.72777879e-01
 -1.55958086e-02 -2.17491854e-02  6.76865876e-01 -1.40609026e-01
 -6.46511436e-01  2.86207646e-01 -4.59172344e-03 -4.35084671e-01
  1.67312413e-01 -2.95110762e-01  3.18316787e-01 -3.20817232e-01]"
ノ,"[ 1.23113811e-01  4.49260980e-01  3.88404280e-01  4.12229039e-02
  7.58494586e-02  5.55812836e-01  2.30610564e-01  1.55199990e-01
 -4.04612541e-01 -4.64430183e-01  3.74848321e-02 -1.54315770e-01
 -2.07908779e-01  6.23014152e-01  7.49955997e-02 -3.30402814e-02
 -2.26855040e-01 -1.62437931e-01 -3.13676387e-01 -2.00981289e-01
 -4.48760957e-01 -3.97047579e-01 -4.97110158e-01  4.76455122e-01
 -2.80899405e-01 -7.96614587e-02 -1.04049891e-02  1.68051675e-01
  2.50054508e-01 -1.14886917e-01 -9.53003466e-02 -4.02071178e-01
 -5.61126232e-01  1.01643596e-02 -6.13143682e-01 -8.41822997e-02
 -4.24341589e-01 -1.15477450e-01  2.67024755e-01  2.16015093e-02
 -1.81246996e-02 -1.73579127e-01 -3.49012285e-01 -3.33618551e-01
 -7.02253431e-02  4.09980029e-01  2.20420837e-01  3.00006866e-01
  2.42361739e-01  4.48936149e-02 -3.21125537e-02  3.01297307e-01
  1.92337692e-01  8.26527849e-02  4.47368920e-01 -5.93059182e-01
  8.80979478e-01 -8.07471931e-01  2.13088438e-01  5.51424801e-01
 -6.56773627e-01 -3.90758187e-01  1.43242121e-01  2.11935133e-01
 -9.31481495e-02 -2.19872966e-01  3.20592284e-01 -2.26815380e-02
  1.36021286e-01 -7.62172818e-01  2.12349832e-01 -1.27141982e-01
 -6.43603504e-02 -1.57820612e-01  2.64960796e-01 -7.73804367e-01
  3.08751792e-01 -1.34795398e-01 -9.22530517e-02  4.32345748e-01
 -6.07732952e-01  8.60530555e-01  1.02429159e-01 -4.22151029e-01
 -2.94526704e-02 -1.23188280e-01 -6.46335602e-01 -8.16068292e-01
  4.59982216e-01 -2.75368243e-01  2.81266272e-01  3.78872514e-01
  1.45803541e-01  7.60105848e-01  1.65413618e-02  4.40185964e-02
  3.51011038e-01  3.87873113e-01  8.99581686e-02  3.23933095e-01
 -4.62004006e-01 -5.34325987e-02  5.84278762e-01 -8.37862790e-01
 -1.35014057e-01  4.42395322e-02 -4.43261951e-01  4.66958582e-01
  1.38552159e-01  4.95200753e-02 -2.71311730e-01 -2.95672476e-01
 -3.43964279e-01  2.89145172e-01  2.78231651e-01  3.83880287e-01
 -2.12855288e-04  3.52657884e-01 -2.96841830e-01  4.20441896e-01
  1.40269235e-01  6.62803769e-01  1.09529132e-02 -2.49316245e-01
 -7.61166990e-01 -1.78450748e-01  2.51341045e-01  2.48560891e-01
  4.15656120e-02 -8.78526211e-01  1.42715305e-01 -3.67501788e-02
 -5.65640450e-01 -1.95349798e-01 -3.72287840e-01  6.86625242e-01
 -3.80434580e-02  1.79914564e-01 -1.07767247e-01 -4.58080381e-01
 -6.97997212e-01  2.59056240e-01 -1.68051690e-01 -4.91655879e-02
 -2.13580102e-01 -9.60002318e-02 -1.39121320e-02  1.98626667e-01
  6.02209568e-01  5.10934234e-01 -1.99028850e-01  1.08309150e+00
 -4.65114534e-01  3.38232853e-02  3.89487773e-01  1.73709512e-01
 -5.13961792e-01 -8.78164452e-03  2.31831729e-01  5.93233228e-01
  5.72017312e-01 -4.90951926e-01  3.55887771e-01  9.36181843e-01
  4.92500840e-03  2.35442325e-01  4.68925864e-01 -1.16490021e-01
  3.04736435e-01  5.32806814e-01  5.97709119e-01  5.41073382e-01
  5.92143834e-02 -2.41891831e-01  1.00824591e-02  5.17738283e-01
  7.23901451e-01  8.04607421e-02  1.66189998e-01 -5.36121488e-01
  7.83840641e-02 -6.55987710e-02 -9.39969718e-03 -8.04161727e-01
  2.19759196e-01 -3.05725276e-01  1.52500451e-01 -8.31784010e-02
 -2.19059780e-01  4.82337968e-03 -2.45514527e-01 -1.42656997e-01
  1.65396035e-01 -1.80536762e-01  2.26214379e-02  2.52815306e-01
  1.00860395e-01 -7.36695156e-02 -3.12549770e-01  2.79089343e-03
 -2.68920720e-01  9.18744355e-02 -8.30516815e-02 -1.10109758e+00
 -9.53852296e-01  1.03881106e-01  5.31826556e-01  4.94676471e-01
  3.65183890e-01 -9.52106789e-02 -2.39994168e-01  2.04554543e-01
  7.21654952e-01  1.95283428e-01  4.75211233e-01  4.69315678e-01
 -5.75710177e-01 -1.04978181e-01  1.77905098e-01  3.13063949e-01
 -9.79202688e-02  8.28086808e-02  4.22740579e-02 -8.02398846e-02
 -9.45495218e-02  8.08014631e-01  1.93626329e-01 -1.15061909e-01
  5.42823086e-03  7.24072158e-01 -7.91777432e-01 -2.52511680e-01
 -5.10340989e-01 -2.52442151e-01  4.33612178e-04 -1.39367178e-01
 -5.12304783e-01  5.12993574e-01 -8.56382102e-02 -2.78315190e-02
 -4.14654672e-01 -2.26634517e-01  5.57317138e-01 -5.89458108e-01
  2.18611151e-01  2.76710242e-01 -1.29829556e-01  3.41493078e-02
 -5.82733810e-01 -1.07430205e-01 -4.65020955e-01 -5.12474656e-01
  9.52655450e-02 -2.72701353e-01  8.77055287e-01  3.07052471e-02
  7.11751580e-01 -1.73607394e-01  1.39930546e-01 -2.33707801e-01
 -1.70010328e-01 -4.66006249e-01 -3.89308721e-01 -3.20064992e-01
  3.61925870e-01  2.42260829e-01  5.45590460e-01 -2.52547652e-01
 -1.68000793e+00 -8.29514936e-02  9.01246294e-02 -5.90021551e-01
 -1.16623260e-01 -1.34414792e-01 -1.57002702e-01 -3.50256592e-01
 -7.30955303e-02  7.53961086e-01 -6.83084846e-01 -1.34672865e-01
 -2.11008042e-01  4.07173544e-01 -4.59838241e-01  6.23786785e-02
  1.15388535e-01  4.10698295e-01 -1.90829471e-01 -6.96349680e-01
 -3.93040687e-01  1.79575663e-02  1.43006444e-01  1.85511503e-02
 -4.81871307e-01 -1.48434574e-02 -4.17085320e-01  2.82912433e-01
  1.63787574e-01 -4.43290174e-01  3.41521949e-01  3.08568865e-01
  6.14660859e-01  5.54905236e-01  5.43033540e-01 -1.67243108e-01
 -6.71458781e-01  2.20170617e-01  1.89688981e-01 -3.02759826e-01
  5.59830368e-01 -5.56518137e-01  3.51618409e-01  3.42310756e-01
 -3.35783273e-01  2.90837556e-01  6.45881951e-01 -3.10758837e-02
 -1.57252991e+00 -2.52801150e-01  3.62301499e-01  2.08795875e-01
 -3.81751925e-01  1.31960496e-01  1.57625541e-01  3.44234735e-01
 -5.06384075e-01 -2.88007140e-01  5.49816430e-01  1.96436539e-01
  2.62163132e-01 -1.87219411e-01  5.82617044e-01 -5.04882991e-01
  3.97969894e-02 -6.78749979e-01 -1.71617232e-02  4.86107826e-01
 -2.34532297e-01 -1.44409791e-01  2.65208751e-01 -3.78248841e-01
 -2.67185420e-01  4.09802943e-01 -1.96832940e-01  5.28481901e-02
 -2.97440588e-01 -4.00130190e-02  2.80279517e-01  1.49727285e+00
  5.00847161e-01  6.12199247e-01 -3.23981762e-01 -3.65001798e-01
  2.64122099e-01  1.23170167e-01  3.43326449e-01 -3.92052352e-01
 -1.27428100e-01 -3.56435657e-01  2.99845319e-02 -6.09694757e-02
  1.71967726e-02 -1.90320536e-02 -2.85898656e-01  1.66258633e-01
 -4.61461455e-01  2.69408196e-01  4.63846594e-01  3.98641117e-02
  2.29337320e-01  6.74637556e-01  5.30179381e-01  2.00344041e-01
 -2.47796908e-01 -5.39353251e-01 -6.30355719e-03 -5.17817616e-01
  3.77795935e-01  3.54310274e-02 -2.08152793e-02  3.71635914e-01
 -3.01368773e-01  1.76991686e-01  3.63877625e-03 -2.82759398e-01
  3.79030369e-02 -5.90867937e-01 -3.02749813e-01 -1.49082586e-01
  7.98156932e-02 -3.84007663e-01  2.99143672e-01  4.65351671e-01
  5.44371367e-01 -3.98653477e-01 -3.92270029e-01  9.72675309e-02
 -9.83534157e-02  1.27100050e-01  7.17663020e-02  2.14128464e-01
 -4.05843407e-02 -1.31443769e-01 -5.32420456e-01 -4.54500645e-01
 -6.07447386e-01 -9.98709500e-02 -4.86487567e-01 -2.52065331e-01
  2.66220659e-01  6.39294863e-01 -6.12208340e-03 -2.62565445e-04
  2.04694018e-01  2.40642652e-01 -4.27702397e-01 -5.29126644e-01
 -2.38432959e-02  3.13135058e-01  5.64491034e-01  3.77767503e-01
  5.96675158e-01  1.17585137e-01  3.22405636e-01 -3.39446403e-02
  1.58558324e-01  3.65950882e-01 -3.81578386e-01 -2.99306184e-01
  1.03000677e+00 -4.18948561e-01 -1.96306072e-02 -1.87338233e-01
  1.94606170e-01  7.99240828e-01 -2.15115011e-01 -7.93520927e-01
  4.18662280e-01  4.26677354e-02  2.31191576e-01  6.34077966e-01
  4.24195170e-01  1.04574716e+00  2.88774312e-01  4.17648017e-01
  3.80794793e-01 -2.01076746e-01  1.47980750e-01 -3.86171550e-01
 -5.57927750e-02 -1.40444979e-01  3.92957896e-01  7.64117658e-01
  3.73838156e-01  2.85865635e-01  3.53921093e-02  4.45983082e-01
 -5.20824790e-01  1.52594760e-01  3.83240670e-01 -2.02982485e-01
 -5.34681618e-01  2.18737781e-01 -9.72753882e-01 -8.20762157e-01
 -1.42118096e-01 -1.54181104e-02  4.62866515e-01  8.17298517e-03
  3.94206733e-01 -5.85130751e-01 -7.57343411e-01 -4.78797048e-01
 -9.84368324e-01 -6.97788373e-02  5.17299473e-02 -1.90207765e-01
  5.90698004e-01  3.00529271e-01 -9.81938839e-01  4.61364597e-01
  3.21069539e-01  4.84507680e-01  1.78513914e-01 -3.84794921e-01
 -3.21662426e-01  8.44351947e-01 -5.01440942e-01 -4.16651845e-01
  7.50177801e-01 -7.43482336e-02 -6.99120983e-02 -3.65538716e-01
 -2.01956391e-01  1.56544775e-01  4.73310828e-01 -1.82083428e-01
  2.54827708e-01 -2.31193323e-02 -4.22174037e-01 -2.79205352e-01
 -2.62507737e-01 -3.16567719e-01  2.97977895e-01 -8.84693801e-01
 -2.04450682e-01 -2.52627939e-01 -1.21887743e-01  6.88534558e-01
  6.42952502e-01 -2.15195671e-01  9.18591321e-02  7.15314806e-01
  1.78813905e-01 -2.66066790e-01 -3.31308916e-02  7.55949542e-02
 -3.62432927e-01 -2.60648489e-01  1.19486786e-02  3.90239060e-01
  2.84600645e-01  3.44783872e-01 -7.18457520e-01 -3.53507429e-01
 -1.42467782e-01 -7.82932281e-01  4.00694132e-01  1.92137603e-02
  5.24908721e-01 -9.15139794e-01  1.73386246e-01 -1.48684144e-01
  3.27598691e-01  1.39680013e-01 -2.00174563e-02 -7.63090774e-02
 -1.40753603e+00  5.34817576e-02 -4.91853833e-01 -7.90289640e-01
  5.31877756e-01 -2.84822911e-01 -6.91955984e-01  2.17893630e-01
  1.76820919e-01 -9.17976275e-02  9.21580791e-02 -3.85496318e-02
 -4.90076423e-01 -4.22873162e-02  4.48101699e-01 -1.26145676e-01
 -1.06432103e-01  4.72065836e-01 -3.87865245e-01  3.98647003e-02
  6.03585422e-01  5.24963677e-01  1.71705201e-01  1.21528871e-01
 -7.35646188e-02  5.01642190e-02 -7.86901593e-01  1.55635715e-01
  8.70108232e-02  4.39944237e-01 -3.94597560e-01  2.23512560e-01
  6.52563274e-01 -3.68132114e-01 -5.19896671e-02  8.49521458e-01
  1.55818611e-01  6.38476849e-01  1.11140544e-02 -2.35162959e-01
 -8.81849945e-01  4.97459799e-01  4.13625896e-01  2.62266725e-01
 -3.03950429e-01  2.89349884e-01 -1.05225965e-01 -4.88278657e-01
  2.41197437e-01 -6.67811558e-02 -6.48341775e-02  4.65491861e-01
  4.32802051e-01  1.59918487e-01  7.77037919e-01  6.60133779e-01
 -3.09938699e-01  4.00959253e-01  1.44314617e-01  2.56775558e-01
  9.15910959e-01 -6.73000142e-02  5.17660499e-01 -3.36589038e-01
 -7.84148991e-01  2.95045078e-01  1.96931988e-01  3.56830567e-01
  1.17378509e+00  1.39682159e-01 -3.98816109e-01  5.46224952e-01
  8.05906475e-01 -7.51746744e-02  1.15499027e-01 -4.92774248e-01
 -5.36334105e-02 -8.12551901e-02 -2.03518867e-01 -7.50195608e-02
 -6.83854148e-02  8.23175758e-02 -1.19391821e-01  1.93659291e-01
 -2.46352330e-01  4.71951336e-01 -4.20903563e-01 -3.07816327e-01
  3.75900447e-01 -2.96159741e-03  3.02026123e-01 -5.33858947e-02
  4.79073226e-01 -3.20880771e-01 -2.08250985e-01  4.28363711e-01
 -4.07904178e-01 -4.38894421e-01 -5.32719642e-02  3.54732394e-01
 -3.68370116e-02 -5.23723802e-03  9.40156654e-02 -3.61226708e-01
 -2.11391807e-01  2.54273117e-01 -5.56930721e-01  3.65894824e-01
 -6.42438754e-02  2.67786860e-01  1.88380986e-01  4.71253060e-02
 -4.17745918e-01 -2.76442826e-01 -5.47187746e-01  1.43008962e-01
 -3.96871269e-01 -6.32258832e-01  4.64212120e-01 -1.83759145e-02
 -3.48539829e-01 -1.56650519e+00  6.56196892e-01 -1.74322262e-01
  3.85934293e-01 -1.87943995e-01  1.42567590e-01 -5.21857180e-02
  2.90188640e-02  1.42841697e-01 -4.49915349e-01 -3.34871858e-02
 -1.01067724e+01  3.11617330e-02 -7.10338235e-01 -5.03866792e-01
 -2.64388956e-02  1.03408713e-02  8.33916724e-01  5.29698193e-01
 -3.99114966e-01  1.70718711e-02 -4.22287047e-01  2.25666061e-01
  2.73504108e-01  5.72039843e-01 -4.24214043e-02 -3.59833062e-01
 -3.35964322e-01 -5.06882787e-01 -9.67234299e-02 -3.82920861e-01
 -6.20862655e-02 -6.16059639e-02  8.08233559e-01  1.75922617e-01
 -1.41766801e-01 -4.45674956e-01 -3.42614204e-01  3.71506095e-01
 -1.45561367e-01  1.72550425e-01 -1.12354136e+00  9.02729630e-01
 -3.65799874e-01 -3.82174015e-01 -4.52700913e-01  2.52111197e-01
 -1.03344508e-02  2.84253508e-01 -5.91973849e-02  6.01249099e-01
  2.94511944e-01  6.63701892e-01 -1.59801975e-01 -3.01804602e-01
  1.33111045e-01  4.78138477e-01 -1.13877743e-01  2.86380202e-01
  2.44580165e-01 -1.81336150e-01  1.40264288e-01 -3.99034947e-01
  2.80913800e-01 -1.46982849e-01 -1.33303432e-02 -1.94240063e-01
  7.76720881e-01 -7.87925303e-01  3.11534498e-02  1.07299186e-01
  2.39278749e-01 -1.93022102e-01  4.25227582e-01  2.08171546e-01
 -3.23789686e-01  4.72927004e-01  1.39993340e-01  2.36181840e-01
 -7.69515574e-01 -2.41971061e-01  3.64501327e-01  1.33696809e-01
  1.55698970e-01  1.74356505e-01 -2.46817935e-02  5.74505568e-01
 -1.88891619e-01  4.66608964e-02  7.75435716e-02  2.81894326e-01
  4.17148203e-01 -4.69411433e-01 -6.45520866e-01  1.39159366e-01
 -1.64156571e-01  4.06951696e-01 -1.34477422e-01  3.28823775e-01
  7.53167793e-02 -4.62564290e-01  3.39626253e-01 -4.55998957e-01
 -6.29896760e-01 -1.37135521e-01 -4.55033481e-02 -3.14345300e-01
  2.21978888e-01  2.28932858e-01  3.69276494e-01  4.94382977e-01]"
ガ,"[ 4.87102926e-01  3.11243832e-01  6.41896725e-01 -2.55658299e-01
 -2.65800506e-01  4.89918888e-01  4.23613012e-01 -1.52509168e-01
 -7.58007944e-01  5.26193194e-02  8.78986001e-01  1.58182885e-02
 -6.48951292e-01  4.87012928e-03  1.28733128e-01 -9.17625278e-02
  1.06653929e-01 -2.34214693e-01 -2.32696757e-02 -1.29869543e-02
 -5.89991927e-01 -2.12751880e-01 -2.25817293e-01  6.77580535e-01
  2.99185868e-02 -1.01807162e-01 -2.57883817e-01  5.04817069e-01
  1.95891991e-01  5.71742505e-02  1.50267839e-01 -3.04121487e-02
 -1.19789757e-01 -1.16197348e-01 -4.10967320e-01  2.94807196e-01
 -5.72437160e-02  5.08057140e-02  3.51844072e-01  1.74906567e-01
 -3.35266627e-02 -2.32654914e-01 -5.39196789e-01 -1.53322414e-01
 -1.20861731e-01  2.53205359e-01 -3.15593332e-01  1.97897702e-01
  4.16663513e-02  3.15873295e-01 -4.19974297e-01  2.47631639e-01
  5.25173724e-01  2.76362062e-01  8.60089436e-02 -1.84508413e-01
  8.09439600e-01 -7.50835657e-01 -7.39435246e-03  6.53295815e-01
 -1.12950766e+00  2.26271987e-01 -2.96407342e-01 -4.52189259e-02
 -8.16813260e-02 -1.67574599e-01 -9.04666558e-02 -1.34454355e-01
  6.22959554e-01 -6.75826013e-01  1.66561082e-01 -3.04991782e-01
 -4.26511496e-01 -4.62691098e-01  1.61378220e-01 -4.63635921e-01
  2.19851434e-02  5.47964334e-01  9.30253208e-01  3.34874988e-01
 -5.61325312e-01  3.77667874e-01 -6.95181713e-02 -7.27690876e-01
 -4.35756534e-01 -4.83368058e-03 -9.61649895e-01 -6.33571684e-01
  6.30200267e-01 -2.44495586e-01 -3.73210102e-01 -7.22561300e-01
  2.58134335e-01  1.18708104e-01  7.05392420e-01 -2.53477916e-02
 -2.43883505e-01  2.70567611e-02 -3.36368196e-02  2.74582863e-01
 -7.68600881e-01  3.54108483e-01  7.19083607e-01 -7.18512163e-02
 -2.06512079e-01 -1.81876216e-03 -1.87226936e-01  3.97638738e-01
  4.30907458e-01  5.46827078e-01  2.21992701e-01 -8.01890850e-01
 -9.75964725e-01 -4.73407269e-01  2.08316132e-01 -3.77684906e-02
 -1.18580699e-01  2.88550228e-01 -1.79840237e-01  6.87829077e-01
  1.89707786e-01  6.30121589e-01 -2.09169060e-01 -7.22944438e-01
 -3.67359072e-01  4.42403853e-01  3.75250220e-01 -1.67699128e-01
 -4.45971876e-01 -4.43130046e-01 -7.77075946e-01 -6.73386604e-02
 -3.17144930e-01 -4.29443687e-01 -5.21790266e-01  8.09447527e-01
 -2.51292497e-01  1.07509039e-01 -4.02591705e-01 -4.01843041e-01
 -4.66763973e-01  2.77931184e-01  4.54577282e-02 -6.54930830e-01
 -4.47751172e-02  1.82618666e-02 -1.46186337e-01 -3.53450954e-01
  3.65551651e-01  4.58576322e-01  3.83030809e-02  1.15077615e+00
 -7.05161870e-01  5.01098812e-01  1.11437701e-01 -1.24031894e-01
 -6.37571394e-01 -1.16458729e-01  1.03160486e-01  2.92469934e-03
  2.76314765e-01  4.90697436e-02  3.06794971e-01  1.14732182e+00
  2.20069811e-01  1.14685535e-01 -5.42340055e-02  9.31418501e-03
  2.35789567e-01  7.93124497e-01  9.28854406e-01  2.65765101e-01
  7.83144653e-01 -5.17836809e-01  1.42908663e-01  3.79758269e-01
  5.70825636e-01  1.89598482e-02 -2.14401141e-01 -2.80106753e-01
 -5.26373684e-02 -3.25409532e-01  2.34065682e-01 -5.05458832e-01
  6.04711890e-01  2.00704515e-01  4.48527634e-01 -1.53408259e-01
 -1.05654262e-01 -2.11676490e-02  4.89759520e-02 -5.36264181e-01
  2.35504940e-01 -5.77372491e-01 -3.04202884e-01 -2.59778798e-01
  4.16109085e-01  4.37170476e-01 -1.98232874e-01  2.00957581e-01
  1.16632193e-01 -2.99597561e-01 -1.53533630e-02 -8.52346659e-01
 -2.52352655e-01 -2.51293719e-01  6.04821183e-02  4.70658660e-01
  1.50551990e-01  8.46910700e-02 -1.78496465e-01 -3.23285073e-01
 -2.10635960e-02 -1.85596377e-01  6.92743003e-01 -6.86029613e-01
 -7.52128541e-01 -6.00426733e-01 -1.78169087e-01  1.76661879e-01
  5.30058563e-01 -2.94614315e-01  4.18475419e-02 -3.43066841e-01
  3.03220630e-01  3.98076743e-01  5.03547430e-01 -1.45327166e-01
 -6.16286635e-01  1.14175066e-01 -4.64864165e-01 -6.51364386e-01
 -5.74836969e-01  1.39019296e-01 -6.86530650e-01 -7.18855500e-01
 -1.62003525e-02  2.56190926e-01 -1.57868505e-01 -2.49113645e-02
  5.58117688e-01 -4.45236683e-01  5.37131071e-01 -4.22934502e-01
 -5.33883691e-01  3.80867422e-01 -4.37793344e-01 -7.93895796e-02
  1.63957864e-01 -1.22851722e-01 -7.34448314e-01 -1.51064739e-01
  2.86140591e-02 -3.42519619e-02  9.11681950e-01  6.52216673e-01
  9.04354215e-01 -3.60261589e-01  2.94997424e-01 -7.33624399e-01
 -2.37593725e-01 -5.25563180e-01 -2.72787124e-01 -6.93399534e-02
  1.87732786e-01 -1.90736473e-01 -4.59045589e-01 -1.07583833e+00
 -1.03320360e+00 -4.22039717e-01  3.44428681e-02 -9.79672968e-02
 -1.53228685e-01 -2.95765638e-01  1.62366420e-01  5.44586360e-01
 -5.72979867e-01  6.52360082e-01 -3.40823948e-01  9.85157251e-01
 -4.81229156e-01  4.01148051e-01 -7.45911956e-01 -2.72951245e-01
 -2.08285823e-02  5.04634142e-01 -7.04863131e-01 -5.09969354e-01
 -4.51653063e-01  5.08494616e-01  7.07686424e-01 -7.81175137e-01
  1.91884879e-02  7.66404271e-02 -6.47989988e-01  3.43551278e-01
  2.79196143e-01 -1.82792485e-01  1.73138395e-01 -2.43612807e-02
  4.02659476e-01 -4.16874498e-01  4.06860799e-01 -7.95387328e-02
  4.87347171e-02 -3.54602754e-01  3.98236811e-02  3.16585839e-01
  3.39974403e-01 -3.07458758e-01  6.74966514e-01  4.79050040e-01
 -4.88953501e-01 -7.36426562e-02  6.04643524e-01  4.84294802e-01
 -1.68717945e+00  1.72572300e-01  4.86988902e-01  7.63374567e-02
 -4.58339840e-01  3.84485513e-01  5.82558215e-01  5.67464590e-01
  1.39527276e-01 -8.92349124e-01  1.38178408e+00  1.11770689e-01
 -5.03181100e-01  1.96331054e-01  2.76365191e-01 -1.24078147e-01
  2.28829496e-02 -6.27416313e-01  6.66640177e-02  5.14796913e-01
 -1.71295613e-01 -6.22882098e-02  1.01601094e-01 -3.97314727e-01
 -3.47880386e-02  6.59143984e-01 -7.94553995e-01 -3.30902576e-01
 -6.23083949e-01 -1.47895947e-01  3.65183175e-01  1.67670977e+00
  1.52352259e-01  5.25753498e-01 -7.20292032e-01 -2.38409936e-01
 -4.74726677e-01 -8.77086222e-02  5.77413626e-02 -4.95049238e-01
  3.59099135e-02 -4.44957197e-01  2.49648958e-01  2.66159117e-01
  1.78566054e-01 -1.27892867e-01  2.91438788e-01  2.75978565e-01
 -9.63191763e-02 -2.77525536e-03  6.35804117e-01 -7.95160532e-02
  3.34968567e-01  1.78161725e-01  7.12979853e-01  8.59439433e-01
  1.29124030e-01 -1.74191177e-01  2.29232401e-01 -9.37118471e-01
  4.22426820e-01  5.19556165e-01 -3.88682097e-01  4.20554668e-01
  8.07774588e-02 -4.75782640e-02 -4.32050042e-02 -5.15965760e-01
  4.31924939e-01 -5.30254841e-01 -6.94619775e-01 -2.55624413e-01
  3.96445721e-01 -2.18339581e-02  7.94128895e-01  6.02789223e-01
  5.55866838e-01 -5.52847505e-01 -4.49416786e-01  4.72039253e-01
 -2.78069116e-02  6.45434022e-01 -3.10274422e-01  4.74136442e-01
 -1.93098858e-01 -8.16230103e-02 -3.30630004e-01 -1.10169291e+00
 -1.13280618e+00 -3.52735966e-01 -8.43716204e-01  8.83318409e-02
  1.66179333e-02  5.26093543e-01 -3.56828183e-01  3.08924347e-01
  4.33942318e-01  8.85413289e-02 -1.92443833e-01 -8.67350101e-01
  1.52217718e-02  9.92809236e-02  1.53158471e-01  1.44698232e-01
  3.81255835e-01  4.37904656e-01 -2.32859179e-01 -5.45465410e-01
  3.18789572e-01  2.32400820e-01 -2.12542072e-01 -7.39846110e-01
  2.90166646e-01 -1.75499260e-01 -2.76845038e-01 -7.00312927e-02
  2.61328429e-01  1.22521937e+00 -9.07525071e-04 -6.64439201e-01
 -6.06603697e-02  2.54310548e-01 -1.09296091e-01  1.08313107e+00
  5.47250509e-01  4.56077576e-01 -2.52092749e-01  7.64947459e-02
 -2.58932501e-01 -1.01815470e-01  4.55579013e-02 -1.34167776e-01
  6.16688550e-01  1.23469651e-01  3.93703103e-01  1.07308948e+00
 -7.08035752e-02  4.18296814e-01  1.89480096e-01  5.41648686e-01
 -5.78362405e-01  4.31199521e-01 -6.22014344e-01 -3.88963670e-01
 -4.04560477e-01  2.73272306e-01 -6.44837677e-01 -4.88343865e-01
  7.48318881e-02 -5.59296608e-02  3.65558594e-01  9.47508067e-02
  3.34743351e-01 -4.86705512e-01 -7.51668096e-01 -6.94775105e-01
 -8.65111053e-01 -1.33149996e-01 -7.60113299e-01 -7.70404860e-02
  1.18197012e+00  1.87574059e-01 -6.37452304e-01 -2.22108066e-01
 -2.06482261e-01  4.50286150e-01  2.12032590e-02 -2.14349162e-02
 -4.26329583e-01  4.19664890e-01 -5.26169300e-01 -6.16239272e-02
  2.19854400e-01  2.90658865e-02 -4.52168137e-01 -7.93602288e-01
 -7.37201929e-01  2.36092298e-03  2.14386970e-01 -5.86620867e-01
  4.46115047e-01  2.37375095e-01 -4.82349604e-01  2.23666042e-01
  1.76527977e-01 -4.17226076e-01 -1.36192858e-01 -5.13982534e-01
 -1.69208318e-01 -2.42283970e-01  8.09249952e-02  4.38421555e-02
  5.07420957e-01 -4.11537796e-01 -2.90060192e-01  9.95623589e-01
  8.85742232e-02  6.95859119e-02  5.98578572e-01  3.09065189e-02
 -5.30822277e-01 -3.20099927e-02  5.52023709e-01  5.25248706e-01
  5.48582077e-01  1.85407206e-01 -7.00361907e-01 -5.91181457e-01
 -8.54389668e-02 -7.71633446e-01  6.79493964e-01  1.72312722e-01
  8.22359025e-01 -8.29587638e-01  2.44997725e-01 -6.35278821e-02
  4.55855787e-01 -1.47618756e-01  5.59244454e-01  3.89434427e-01
 -1.01204860e+00 -7.71505952e-01 -3.53402346e-01 -4.53035712e-01
  5.87937951e-01  5.10177433e-01 -6.03639901e-01  1.73932269e-01
  7.94981360e-01  3.54230553e-01 -6.28021598e-01 -4.55308780e-02
 -4.54213530e-01  7.79537261e-02  8.99411857e-01  2.59792469e-02
  3.64872545e-01  6.61783457e-01 -8.72354567e-01  4.20550346e-01
  6.46677837e-02  7.14213789e-01  1.11260369e-01 -1.35064004e-02
 -3.33639950e-01  1.85249746e-01 -9.36810434e-01 -4.13559973e-01
  2.35341579e-01  1.02262273e-02 -4.04132396e-01  5.86309910e-01
  6.87199056e-01 -4.46733892e-01 -1.71096385e-01  1.19632244e+00
  6.93441391e-01  1.17275608e+00  6.93421215e-02  2.63220608e-01
 -6.31223857e-01  5.04677773e-01  9.99296308e-02  1.13816246e-01
 -4.36114192e-01 -4.96457182e-02 -3.17858234e-02 -5.10294259e-01
  2.84287542e-01  3.04703057e-01 -4.71303798e-03  1.99713781e-01
 -2.32942969e-01 -4.44165878e-02  1.13874626e+00  1.27944246e-01
  9.08200592e-02 -1.36128470e-01 -8.36950764e-02  7.81595886e-01
  3.87852669e-01  1.13653108e-01  2.87332624e-01  1.16083063e-02
 -5.78344226e-01  1.75072759e-01 -3.80622298e-01  4.01899815e-01
  5.45887649e-01 -6.93964660e-01 -8.11438859e-01  5.98314643e-01
  5.78667760e-01  2.32014835e-01 -1.50028467e-02 -6.39318228e-01
 -1.01939127e-01 -5.47196604e-02  2.05331877e-01 -8.08889270e-02
  2.01290622e-01  2.76928246e-01 -1.14401348e-01 -4.04419929e-01
  2.06725106e-01  3.96473378e-01 -7.10416734e-02 -6.28069341e-01
 -1.21564813e-01 -1.57631814e-01  3.05762708e-01  1.28870085e-01
  3.10597092e-01  4.82357899e-03 -2.38377333e-01  4.69483793e-01
 -1.85609758e-01 -3.79555434e-01 -2.56590217e-01  8.33581448e-01
  2.38814473e-01 -5.74004231e-03  2.24772781e-01 -4.34586316e-01
 -4.82878760e-02  1.45668969e-01 -7.98618555e-01 -8.86615664e-02
  3.91872108e-01 -3.64762038e-01 -2.86167711e-01  3.89739692e-01
 -6.75868332e-01  2.99784631e-01  1.21098742e-01  5.83182991e-01
 -6.07244790e-01 -4.77152824e-01  4.59966838e-01 -1.51549010e-02
 -2.35751390e-01 -1.48351049e+00  5.75333118e-01  1.72610536e-01
  3.98239195e-01  7.32976347e-02  3.29162300e-01  2.27515206e-01
 -2.97334611e-01  3.33437324e-01 -3.54394078e-01  2.68682569e-01
 -9.62337112e+00 -3.36690634e-01 -2.50004083e-01 -3.44363868e-01
 -3.09751272e-01 -1.92816377e-01  1.17885637e+00  7.91099310e-01
 -3.51741403e-01  1.09298572e-01 -5.06483197e-01 -5.39910555e-01
  4.72893506e-01 -1.59490675e-01  3.44220502e-03  3.76025468e-01
 -8.66629839e-01 -5.09394169e-01 -5.06559193e-01  2.62557805e-01
 -1.96012110e-01 -7.77080804e-02  8.86441767e-01  8.80405903e-02
  2.78712120e-02  2.87945390e-01  4.37858135e-01  1.46378219e-01
 -6.59997091e-02  7.54593849e-01 -5.52720547e-01  4.25995737e-01
 -7.24203587e-02  5.26358068e-01 -3.62492770e-01  1.43278226e-01
  1.11451164e-01 -3.98030970e-03 -9.82244492e-01  7.61471212e-01
  4.78391171e-01  6.14347816e-01  1.77219689e-01  3.31757545e-01
 -1.94949806e-01 -4.19891298e-01 -9.06330422e-02  2.13685602e-01
  2.22917244e-01 -7.46719539e-02  7.28704548e-03 -5.78665972e-01
  4.51801211e-01 -3.77995819e-01  4.56797719e-01 -2.50311732e-01
  6.14805400e-01 -4.80902761e-01  6.73477471e-01 -1.68807562e-02
 -3.96499373e-02  4.69478190e-01  6.35107517e-01  2.96951056e-01
 -8.25255752e-01  5.72971702e-01 -2.36644641e-01 -1.97643682e-01
 -6.04832292e-01 -4.43856090e-01  9.19528723e-01 -1.17217293e-02
  3.22073817e-01  5.44641279e-02  4.76709872e-01  3.85126144e-01
 -5.30833416e-02  2.26926416e-01  4.39385384e-01  1.78381726e-01
  8.09423387e-01 -4.46282804e-01 -6.75133988e-02  1.70631260e-01
 -7.23487198e-01  1.87262089e-03  5.20968497e-01 -2.99509287e-01
  1.36904612e-01 -6.00550413e-01  1.13538408e+00  5.05654335e-01
 -8.69104207e-01 -4.20394316e-02  3.11608732e-01 -8.70124400e-02
 -4.16175537e-02  2.89624840e-01  3.13185215e-01 -1.62926763e-01]"
ク,"[ 2.60196477e-01  7.71667540e-01  1.15915453e+00 -2.49042720e-01
  6.24289572e-01  5.12441337e-01  2.77206957e-01  1.34479376e-02
 -6.32550001e-01 -3.89576465e-01  5.36901891e-01 -4.04379666e-01
 -3.96104485e-01 -9.10567492e-02  5.37040867e-02 -2.77782798e-01
 -3.01277161e-01 -4.78483737e-01  8.34780931e-02 -1.90985441e-01
 -8.34200382e-01 -4.67917681e-01 -5.02063334e-01  9.45692837e-01
  2.10563377e-01 -6.25866890e-01 -1.73195958e-01  2.51730055e-01
  5.08832633e-01 -4.24505442e-01 -1.45944238e-01 -4.04359847e-02
  1.67103887e-01  1.44281045e-01 -6.58120692e-01  2.51528233e-01
 -7.88288265e-02 -1.90069541e-01  4.83775437e-01  5.08098722e-01
  2.04168811e-01 -4.52791840e-01 -1.88183084e-01  2.09518597e-01
 -2.64447480e-01  6.20810509e-01  2.29791299e-01  1.75227195e-01
 -8.29321966e-02 -6.43036485e-01  1.22299418e-02  3.86009783e-01
  2.55788594e-01  3.05051744e-01  1.44909874e-01 -4.55426246e-01
  7.61219859e-01 -1.02945411e+00 -4.80309963e-01  7.94955969e-01
 -7.31621802e-01  5.13282716e-02 -2.11315244e-01  1.32065058e-01
 -6.68505192e-01  2.89209127e-01 -5.87130487e-02 -5.32485366e-01
 -7.73560256e-02 -4.11173642e-01  7.18304276e-01 -1.96817085e-01
 -9.62654725e-02 -5.99820912e-01  9.33791459e-01 -5.39041102e-01
  1.82269812e-01  3.39249074e-01  1.85224816e-01  4.01392989e-02
  2.88879070e-02  3.59316379e-01  4.71389621e-01 -3.88554811e-01
 -1.48425534e-01  1.46239236e-01 -8.08907568e-01 -9.69410181e-01
  6.65670335e-01 -1.96126923e-02  1.64390244e-02  4.29009683e-02
 -4.78490174e-01  8.78115371e-02  1.02738869e+00  1.29321292e-01
  3.39726508e-01 -3.99778217e-01  1.17319323e-01  4.92487997e-01
 -2.66723335e-01  1.41569048e-01 -3.21172267e-01 -3.36155087e-01
 -3.84912230e-02 -8.82785022e-02 -5.77941060e-01  1.52294010e-01
  2.69674301e-01  3.35416138e-01 -3.32557946e-01 -1.02678645e+00
 -5.03105819e-01 -2.53836393e-01  7.98321426e-01  6.43799454e-02
 -8.85188282e-01  3.56509835e-01 -8.11012924e-01  2.15516776e-01
 -1.01303294e-01  1.71427011e-01 -3.54856551e-01 -6.91939950e-01
 -1.87597312e-02  1.37199327e-01  3.80942136e-01 -4.75458890e-01
 -1.68571845e-01 -7.14127839e-01 -7.25221217e-01 -4.96220887e-01
 -6.80423439e-01  3.39686513e-01 -6.46927834e-01  9.90753114e-01
 -1.21850763e-02  1.51878700e-01  9.80211049e-02 -4.14505720e-01
 -8.67651820e-01  2.86146924e-02  4.15253222e-01 -6.41819835e-01
 -1.38866324e-02  2.56266773e-01  7.87621960e-02 -1.17486507e-01
  4.66612220e-01  1.27499774e-01 -9.28182714e-03  1.06915653e+00
 -7.10630357e-01  1.17086895e-01  5.02184629e-01  2.51902968e-01
 -4.76722002e-01  4.21703368e-01  3.18808138e-01  4.16269988e-01
  3.25423926e-01 -2.51908023e-02 -3.73780966e-01  6.91607773e-01
  3.37154418e-01  4.90053803e-01  5.34252763e-01 -2.97585707e-02
 -9.11524445e-02  3.34360361e-01  3.27062726e-01 -3.91871557e-02
  2.24272966e-01  2.60772314e-02 -2.71033406e-01  6.89779446e-02
  5.18383563e-01 -9.16298181e-02  5.55247515e-02 -1.15310907e+00
 -2.77596325e-01  1.01725347e-01  6.64962888e-01 -6.38902664e-01
  8.36057544e-01  8.76204371e-02  1.32206365e-01  3.17080975e-01
  3.77422303e-01 -1.90548643e-01 -3.84610891e-01 -4.60340023e-01
  6.85780585e-01 -5.97081840e-01 -4.96161640e-01 -1.13449566e-01
  5.19355297e-01  3.19341213e-01 -5.31963587e-01  4.34350431e-01
  4.53911424e-01  4.17395145e-01  1.00020379e-01 -7.70497501e-01
 -5.92647076e-01 -3.24892133e-01 -1.04639553e-01  3.54579598e-01
  4.35823560e-01  1.67298168e-01 -1.97595075e-01  1.50724456e-01
  2.21246392e-01  3.73520732e-01  1.18857217e+00  2.57620484e-01
 -1.09462726e+00 -3.11310410e-01  6.79983139e-01 -4.02263820e-01
  4.39367473e-01 -6.53211415e-01 -4.15239483e-01 -1.70145988e-01
 -5.68780862e-02  7.39843071e-01  4.84301865e-01 -7.10323036e-01
 -1.64201856e-01  4.48254466e-01 -7.39771307e-01 -7.21781135e-01
 -3.26136202e-01  4.18436497e-01 -3.65296811e-01 -1.91747487e-01
 -5.45055151e-01  5.88369071e-02 -1.16988504e+00  5.66035032e-01
 -6.71023667e-01 -4.89876390e-01  3.79558384e-01 -4.55694169e-01
  4.75119874e-02 -1.22610174e-01 -4.22688961e-01 -4.26232070e-01
 -5.74466348e-01 -4.52838689e-02 -1.62322640e-01 -3.00680399e-01
  1.42582208e-01 -4.81973827e-01  6.33945286e-01  8.74134958e-01
  4.00109023e-01 -6.72254413e-02  2.55788207e-01 -5.25393307e-01
 -1.78439245e-01 -7.80938387e-01 -2.09622815e-01 -1.42761976e-01
  1.98840335e-01  8.01732898e-01  1.15420438e-01 -1.52391896e-01
 -1.15732360e+00 -3.84558022e-01  5.94755054e-01 -1.39125869e-01
 -1.82271883e-01  2.09486306e-01 -2.73280323e-01  3.06655675e-01
 -3.46677810e-01  1.17022288e+00 -1.48817450e-01  5.59621215e-01
 -4.77354765e-01  8.75140429e-01 -1.02524400e+00 -2.38219202e-01
 -2.59711951e-01  5.17503500e-01 -3.03702414e-01 -5.81907749e-01
 -2.99463689e-01  6.06716096e-01  9.38427448e-01 -5.27760506e-01
  1.93660334e-01 -4.49289024e-01 -3.76345366e-02  2.78360784e-01
  5.02227485e-01  4.47737277e-02  4.64513227e-02  6.30439296e-02
  5.36792159e-01  3.56679291e-01  3.20338339e-01 -5.04708707e-01
  2.09250271e-01 -5.42144775e-01  3.40330973e-02  3.84686559e-01
 -2.01655403e-01 -3.67166102e-01  2.50027627e-01  6.09812081e-01
 -6.00838006e-01  3.78953218e-02  1.31855834e+00  1.70417026e-01
 -1.24256361e+00  1.16679840e-01  2.19755962e-01  6.59569144e-01
 -7.38492250e-01  2.44466171e-01  1.44839466e-01  6.15730703e-01
 -6.25522733e-01 -6.87185228e-01  1.28101611e+00  4.09541160e-01
  1.44494966e-01  1.71817765e-01  3.21048886e-01 -4.71158475e-01
  1.56625211e-01 -5.00887752e-01  3.02410334e-01  2.65326619e-01
 -8.69952261e-01 -6.63931593e-02 -8.14085379e-02 -9.16087747e-01
 -8.88345838e-01  4.66942877e-01 -2.87551850e-01  4.95985806e-01
 -7.72244811e-01 -1.44079551e-01  6.31329477e-01  1.44879150e+00
  7.45965004e-01  6.29451931e-01 -1.08065534e+00 -3.68878633e-01
  1.75455838e-01 -6.57195598e-02 -3.38567831e-02 -1.75555855e-01
  2.04769939e-01 -2.75788248e-01  6.18297011e-02 -1.67478338e-01
  3.57894868e-01  5.02398275e-02 -1.18345246e-01  2.16492161e-01
 -2.38235712e-01  2.44437262e-01  3.55245978e-01 -2.94780675e-02
  2.63764203e-01  5.59274077e-01  1.11651146e+00  1.10024966e-01
 -1.90357361e-02 -6.45922363e-01 -3.45478244e-02 -8.43630016e-01
  3.67620945e-01  6.51250482e-02 -3.25354546e-01  4.78100061e-01
  7.18282461e-02 -3.29701662e-01 -4.54442315e-02 -5.06226778e-01
  8.44847709e-02 -4.01085615e-01 -5.09675443e-01  3.12748045e-01
  2.10587740e-01 -4.52464521e-02  4.97682780e-01  4.91972715e-01
  4.29130912e-01 -5.23398757e-01 -9.43262815e-01  3.37992162e-01
 -2.42254227e-01  1.42103694e-02  1.51191473e-01  3.45418483e-01
 -5.32907963e-01 -1.07836612e-01 -5.05534708e-01 -4.69458580e-01
 -5.39652586e-01  2.90536303e-02 -6.77014768e-01  3.59861106e-02
  1.31933063e-01  7.23980308e-01 -6.60355330e-01  2.53243953e-01
 -1.37367636e-01  1.34533048e-01 -3.99792165e-01 -7.69085348e-01
 -2.51957566e-01  5.19851387e-01  2.31317863e-01  5.03291965e-01
  4.87517953e-01 -1.25676438e-01  5.17343819e-01 -1.47013992e-01
  4.80350733e-01  6.58685863e-01 -3.87927145e-01 -3.43823940e-01
  7.23245561e-01 -7.87359700e-02  4.00748879e-01  1.85286164e-01
  2.03268722e-01  6.85592830e-01 -3.86888564e-01 -7.17055082e-01
  7.49049410e-02 -2.59809315e-01 -4.25441772e-01  8.18724394e-01
  8.23091447e-01  4.54958767e-01 -3.32271695e-01  5.20878553e-01
  1.17112041e-01 -2.20070049e-01 -1.44655019e-01 -7.64782548e-01
  4.55233365e-01  1.71499237e-01  1.06702626e+00  8.11798751e-01
  2.60668337e-01 -1.06650785e-01  2.76012033e-01  2.93348551e-01
 -6.36377275e-01  3.15974593e-01  5.01814663e-01 -2.12537661e-01
 -4.41121399e-01  4.28492039e-01 -4.84221518e-01  1.77771356e-02
  4.30639803e-01  1.17921154e-03  5.70151746e-01  1.19020715e-01
  2.97816396e-01 -9.60047662e-01 -5.82479179e-01 -8.00320089e-01
 -7.15108752e-01  3.54776591e-01 -3.09542835e-01 -5.87472739e-03
  5.37807643e-01  1.71904802e-01 -6.09015703e-01  7.10887253e-01
  1.42351780e-02  2.61312068e-01  1.11308493e-01 -1.25418329e+00
 -6.23344928e-02  4.32842255e-01 -5.13861537e-01 -5.94785810e-01
 -1.97942659e-01  7.50741437e-02 -5.79480052e-01 -4.51544970e-01
  5.02276599e-01 -4.55630541e-01  1.86423019e-01 -3.65054220e-01
  4.55969542e-01 -1.44015074e-01 -8.31836879e-01 -1.59967721e-01
 -1.75264433e-01 -4.15147617e-02 -6.44078195e-01 -3.74031246e-01
 -1.74108475e-01 -1.47157490e-01  2.32844487e-01  5.37898242e-01
  5.30961573e-01 -2.83032179e-01  5.26342273e-01  1.69117317e-01
  6.70935035e-01 -5.53865135e-01  7.67803378e-03 -4.52748328e-01
 -3.90837908e-01 -1.00022458e-01  8.30071330e-01 -6.19895235e-02
  1.63474083e-01  1.63734183e-01 -1.01566780e+00 -6.25840664e-01
 -9.60905924e-02 -7.74562359e-01  5.63766956e-01  2.98217446e-01
  1.09654462e+00 -1.02314508e+00  2.11841241e-01 -3.16810966e-01
  3.21508616e-01  3.13719809e-01  2.70627022e-01  3.07801425e-01
 -1.26975477e+00 -3.48826021e-01 -1.98647827e-01 -9.02320564e-01
  1.37463939e+00 -1.14572458e-02 -6.70178413e-01  8.00737679e-01
  9.20693398e-01  4.08773750e-01 -3.79571021e-01 -2.17764173e-02
 -9.64465961e-02  8.28632116e-02  1.04742326e-01 -8.40235054e-02
  3.95069957e-01  3.74082595e-01 -1.13686979e-01  2.49935627e-01
  1.85602710e-01  9.28186417e-01  5.36824763e-01 -1.60520747e-01
 -1.50707915e-01 -3.41460466e-01 -4.61574882e-01  1.23866030e-03
 -7.76219368e-02  3.67366791e-01 -1.01367176e+00  1.13972795e+00
  5.71146488e-01 -2.25763306e-01  6.36152327e-01  8.22552145e-01
  1.15193307e-01  8.86490822e-01  6.29400238e-02 -4.61571455e-01
 -4.16148603e-01  3.11542004e-01  3.70331734e-01  5.37033498e-01
 -3.26771885e-01  3.60597335e-02 -5.36019683e-01  1.43773690e-01
  7.08063781e-01 -2.59699434e-01 -5.79656251e-02  4.79259342e-02
  4.65667576e-01 -3.29204112e-01  6.09754086e-01  1.79529428e-01
 -3.87241751e-01  1.67559227e-03  3.52180332e-01  9.32618499e-01
  1.38038504e+00  1.61499083e-01  5.33876479e-01 -1.91541761e-01
 -4.73391414e-01  7.01276958e-02  3.29782329e-02  1.64330885e-01
  8.21374059e-01 -1.89902112e-02 -6.16416156e-01  7.61721373e-01
  1.76582426e-01  1.81489289e-01 -3.07503104e-01 -7.29253232e-01
 -1.65629014e-01 -1.36620641e-01 -6.08190000e-01  2.07964644e-01
  5.84343374e-01  4.70226049e-01 -1.50611907e-01 -6.72256291e-01
 -2.11675853e-01  5.79976618e-01 -2.92512588e-02  1.26929972e-02
  2.70023257e-01 -4.33915347e-01 -5.12646418e-03  9.01865363e-02
  3.13582599e-01 -3.70747238e-01  5.41979559e-02  1.98627293e-01
 -6.52126193e-01  1.68179527e-01 -1.14617638e-01  7.38644719e-01
  2.63390869e-01 -4.81293015e-02  2.82820523e-01 -8.68178606e-01
 -4.64074522e-01  4.13243659e-02 -5.05540252e-01  1.55961841e-01
 -2.02982709e-01 -6.60738170e-01 -5.91162503e-01 -3.49203020e-01
 -8.14115644e-01 -3.05605114e-01 -1.34271696e-01  4.94431645e-01
 -8.59795272e-01 -1.58057362e-01  1.36916444e-01 -2.23080181e-02
 -4.80614156e-01 -1.49327302e+00  1.74037933e-01  2.44806185e-01
  4.47381139e-02  6.10779345e-01 -1.47978896e-02  1.62881717e-01
 -1.63374379e-01  2.24744484e-01 -3.93657357e-01 -5.35556972e-01
 -9.42827606e+00  1.91608816e-02 -4.04879361e-01 -6.88787878e-01
 -2.45647371e-01 -1.07350171e+00  1.00933969e+00  1.07252038e+00
 -4.29164678e-01  3.82226914e-01 -3.42212766e-02  6.32764585e-03
  7.39865422e-01  3.31105530e-01 -6.66051954e-02 -1.16073944e-01
 -2.62341887e-01  4.28433120e-02 -4.00852531e-01  1.41275957e-01
 -9.65386927e-01 -2.79744625e-01  3.08860540e-01 -1.53477848e-01
  2.84446985e-01 -4.53707576e-01  3.94372523e-01  1.08914584e-01
 -9.97073874e-02  2.90245742e-01 -6.19374752e-01  3.79822284e-01
 -1.24716699e-01 -3.62564065e-02 -6.95575774e-01  6.29854262e-01
  6.80021524e-01 -6.90756813e-02 -2.16799468e-01  5.42277098e-01
  3.44773203e-01  6.13334835e-01  4.27318476e-02 -9.81976166e-02
  8.67847726e-02 -3.29649568e-01  4.41367328e-01  4.50058460e-01
  6.73288584e-01  3.53333429e-02  1.05393771e-02 -6.36611283e-01
  1.80604786e-01 -4.35551256e-01  2.91910708e-01 -3.82140160e-01
  4.18005466e-01 -4.95882511e-01  2.79781282e-01  1.08730979e-01
  4.24488872e-01  1.69686437e-01  8.88563931e-01  4.11826134e-01
 -3.50971788e-01  1.14503670e+00 -1.69630483e-01 -1.65991068e-01
 -3.80303487e-02 -1.43315792e-01  1.41743310e-02  1.36937514e-01
 -3.12920101e-02  3.23201805e-01 -2.91940302e-01  3.64618272e-01
 -2.24745665e-02  3.83081555e-01  2.65610367e-01  1.13500908e-01
  5.03313422e-01 -5.48441112e-01  1.84115872e-01  1.80992588e-01
 -6.59974873e-01  2.86986232e-01  5.20059884e-01 -4.62960571e-01
  2.47530192e-02 -1.95787966e-01  8.47390354e-01 -1.78217053e-01
 -2.31389135e-01 -8.63113534e-03  6.18851855e-02 -5.65403104e-01
  2.22127661e-01  6.00623310e-01 -1.65242597e-01 -5.08115888e-01]"
ヒ,"[ 1.55163929e-01  4.50629085e-01 -1.36361467e-02 -6.37048185e-01
  4.61574614e-01  2.63999641e-01 -7.58199543e-02  1.40095189e-01
 -5.67241669e-01 -4.53650862e-01  9.66921926e-01  2.57813334e-01
  4.37002890e-02 -3.05585284e-02  6.50280416e-01 -1.53807878e-01
  7.64647573e-02  3.03991646e-01  2.62440205e-01 -3.60155612e-01
 -2.74471909e-01 -1.24167049e+00 -1.99216641e-02  2.23058760e-01
  9.38585997e-02 -7.50812292e-02  4.50796545e-01  1.40209436e-01
 -9.56296250e-02  2.89095915e-03  6.83367997e-02 -7.17038512e-01
 -1.06045537e-01 -2.60430574e-01 -2.05409899e-01  5.06551981e-01
 -2.68813431e-01  1.83443595e-02  3.60571563e-01 -2.46378034e-01
  9.43169892e-02  1.75815895e-01  1.80362970e-01 -7.12032676e-01
 -5.48870206e-01  2.45632857e-01  3.94925445e-01  3.63772392e-01
  6.27575293e-02  1.14131294e-01 -4.36373711e-01  2.05967486e-01
 -4.93296571e-02 -1.74354404e-01  6.55324850e-03 -3.94086063e-01
 -2.06686199e-01 -2.97159731e-01 -1.70253396e-01 -6.82727322e-02
 -3.28732699e-01  5.14913090e-02  5.22784114e-01 -1.42666698e-01
 -6.10588014e-01  1.48656294e-01 -1.97922349e-01 -1.56042308e-01
 -5.12634516e-02 -2.41983265e-01 -3.74015540e-01  2.28718683e-01
  3.28783929e-01 -2.56620198e-01  6.18943810e-01 -8.66599083e-02
  1.36227787e-01 -2.02879250e-01  4.39100787e-02 -3.75054777e-01
 -2.60504097e-01  4.77020264e-01  9.09885988e-02 -2.72760630e-01
 -1.42903998e-01 -7.12911412e-02 -4.52535123e-01 -4.56733018e-01
  4.61258918e-01 -1.94647908e-01 -2.38242112e-02  2.89498102e-02
  4.36228186e-01  2.91375816e-01  4.21952419e-02  5.15799701e-01
  2.68361539e-01 -4.03615713e-01 -3.87888849e-01  2.02200457e-01
 -1.92754343e-01 -3.25532615e-01  6.53295755e-01  7.47601092e-02
 -2.38217816e-01  3.40789914e-01 -4.75397438e-01  4.33137864e-01
  1.88607052e-01 -1.85041785e-01 -4.21493024e-01 -6.24684215e-01
 -4.04569626e-01  4.46337909e-01 -2.08164409e-01  5.41237704e-02
  2.79976856e-02  2.27031440e-01 -6.07581615e-01  3.64315808e-01
  1.14184089e-01  2.70614594e-01 -6.24018371e-01 -1.58532515e-01
 -3.57299209e-01 -4.68583182e-02  5.06937690e-02 -4.44966763e-01
  6.83520064e-02 -4.22062635e-01 -6.89848810e-02 -4.34633374e-01
 -2.90032238e-01 -3.25610965e-01 -2.64132112e-01  8.08070838e-01
  9.63991284e-02 -5.15964301e-03 -1.32631928e-01 -9.51043725e-01
 -4.26096201e-01  2.16296852e-01 -2.91372798e-02 -4.33891982e-01
  2.01202966e-02 -4.25894745e-02  4.65102315e-01 -1.42748028e-01
  4.59066302e-01  4.94918764e-01 -5.90072751e-01  1.06250679e+00
 -8.02911043e-01 -2.84239948e-01 -1.89515993e-01  5.08069813e-01
 -6.41799569e-01 -1.67011917e-01  1.23493657e-01  4.37618524e-01
 -8.19468405e-03  5.16502708e-02 -3.45338024e-02  3.24310422e-01
 -1.11839153e-01  5.01318812e-01  7.06172660e-02 -4.24969137e-01
  8.88606161e-02  4.55806434e-01  4.02511805e-01  7.78622508e-01
  9.36259553e-02 -5.45078576e-01 -7.58634061e-02  4.75037634e-01
  2.34685168e-01  1.20429933e-01  3.57523829e-01 -4.71898228e-01
 -6.25396073e-02 -4.08446819e-01  1.51939578e-02 -5.14397085e-01
  8.48657042e-02 -5.99384725e-01 -1.68413773e-01 -4.10153449e-01
  1.57758445e-01  2.50831425e-01  1.99053645e-01 -2.80121088e-01
  8.38920847e-02 -4.26519960e-01  9.67216343e-02 -4.48227534e-03
 -4.43103500e-02 -6.77568257e-01  4.32526857e-01  2.42012173e-01
  1.41927123e-01  2.56105304e-01 -1.63611218e-01 -5.88033855e-01
 -7.51383424e-01  2.44412184e-01  2.21866876e-01  3.72235954e-01
 -5.76323681e-02  1.66755300e-02 -4.48637545e-01  1.02654465e-01
  5.11342824e-01  1.72245428e-01  2.42601782e-01  1.14221424e-01
 -2.05483958e-01 -1.45319790e-01  1.27388850e-01 -7.53499717e-02
  4.73481923e-01 -2.94533759e-01  3.90319228e-01  3.16763639e-01
 -3.26131582e-01 -8.70011002e-02  1.50479972e-01 -3.44834477e-01
 -2.03273565e-01  7.68140376e-01 -9.45703983e-02 -3.77202928e-01
 -5.68017721e-01  2.19685715e-02 -7.39502668e-01  2.86781937e-01
 -7.55594000e-02  5.30850649e-01 -1.51109919e-01 -4.51962613e-02
  4.40692604e-01  2.16043591e-01  1.35101616e-01 -2.54626572e-01
 -4.47163075e-01 -7.11394399e-02 -9.25125852e-02  1.12662524e-01
 -7.48715281e-01 -4.30632651e-01 -2.31216729e-01  8.09345096e-02
  6.15893722e-01 -3.97866182e-02  5.63772202e-01  2.28426918e-01
  3.07951391e-01  8.08858126e-02  4.06194925e-01 -5.81916809e-01
 -1.70844141e-02 -6.82335019e-01  7.06702024e-02  4.93665924e-03
  2.40170732e-02 -1.96219072e-01  7.57161295e-03 -9.28356767e-01
 -6.51742399e-01 -7.02332497e-01  6.91634119e-02 -2.30856463e-01
 -5.22082388e-01 -3.58589552e-02 -1.38229132e-01 -8.13654736e-02
 -2.65871257e-01  9.06672895e-01 -4.70491767e-01  1.47815766e-02
 -8.69449198e-01 -3.77383381e-02 -4.28023994e-01  1.34573698e-01
  2.12339461e-01 -1.39414370e-01 -8.91146064e-02 -5.12437880e-01
 -8.94404948e-02  2.88951904e-01  3.88167769e-01 -7.84830332e-01
 -3.55498701e-01  4.36375022e-01 -1.33846015e-01 -1.20868668e-01
  9.79854073e-03  7.34140277e-02 -2.53417403e-01  4.31749642e-01
  1.82544306e-01 -3.14954251e-01  3.55976433e-01 -2.54518151e-01
  2.58164108e-01 -8.05562511e-02  4.78713326e-02 -3.31465036e-01
  8.82379949e-01 -5.10529459e-01 -1.68392286e-01  5.33858120e-01
 -6.26435280e-01  4.17019473e-03  2.99826205e-01  1.25867471e-01
 -1.54474664e+00  2.51492143e-01  3.82569969e-01  2.85382062e-01
  6.63605258e-02  7.61764869e-02  4.04422492e-01  6.64045587e-02
  1.58098876e-01 -6.74464524e-01  8.37702036e-01  5.64817071e-01
  3.66671570e-02 -2.53508717e-01  6.22234583e-01 -2.58339047e-01
  2.45552316e-01 -4.19432878e-01  7.35396892e-02  5.08377492e-01
  5.92531189e-02 -8.39532986e-02 -7.08200596e-03  1.76741183e-01
 -3.47936511e-01  2.59684741e-01 -1.26191795e-01  9.86007005e-02
 -7.10791349e-01 -1.76534727e-02  4.05083925e-01  6.86374187e-01
  6.63551450e-01 -5.80600500e-02 -8.35014209e-02 -6.63131922e-02
  5.27273417e-01  1.27283067e-01  2.56576747e-01 -5.87564744e-02
  2.04383209e-01 -4.83681768e-01  3.65783691e-01 -3.90339941e-01
  3.07927549e-01 -3.57930332e-01  2.84997731e-01  8.61942351e-01
 -3.33005071e-01  4.61453915e-01  4.30732191e-01  2.07392037e-01
  7.08928779e-02  9.44701135e-01  8.01466763e-01  2.85312265e-01
 -4.48169738e-01 -6.78279042e-01  1.94015458e-01 -2.25725204e-01
  1.71803638e-01 -1.44169882e-01  4.63325083e-01  1.48886472e-01
 -3.33074361e-01 -7.89213032e-02  2.91775037e-02 -1.32490188e-01
 -9.80433747e-02 -5.41558743e-01 -7.65871406e-01 -1.08654514e-01
 -2.47844204e-01 -1.32092848e-01  2.04669625e-01 -2.72427406e-03
  3.52538139e-01 -8.61778855e-02 -8.06340575e-01  1.93819366e-02
 -5.20705044e-01  6.84253201e-02  1.30855769e-01  3.22859138e-01
  4.99389544e-02  3.06585461e-01  1.44938245e-01 -2.46905282e-01
 -3.11935753e-01 -4.58400458e-01 -6.78742528e-01 -1.01515301e-01
  2.73720384e-01  7.85925210e-01 -3.08444083e-01  1.58835396e-01
  1.31683461e-02 -3.12738642e-02 -7.11815715e-01 -2.32666150e-01
 -8.07960153e-01  3.11336339e-01  2.57586055e-02  2.18905821e-01
  1.55648872e-01  5.78007340e-01  1.45363137e-01  2.15496615e-01
  9.68502164e-02  4.64936644e-02  4.28659841e-02 -2.21153677e-01
  7.86692679e-01 -4.56607997e-01  5.22610724e-01 -2.97211036e-02
 -1.36367474e-02  8.40261355e-02 -5.34928739e-01 -4.86498535e-01
  1.68863967e-01  6.86931372e-01 -2.17004329e-01  4.96401712e-02
  3.65440577e-01  1.07659757e+00 -5.10851920e-01  2.69177496e-01
  3.11261594e-01 -1.71334296e-01  3.51037472e-01  2.19495550e-01
  9.01605710e-02 -2.18020290e-01  5.81805669e-02  3.32626134e-01
  2.57871002e-01  1.41513154e-01  3.24529707e-01  1.50253472e-03
 -2.71650404e-01  6.04998827e-01  2.54725128e-01  4.77300942e-01
 -8.95203233e-01  4.30978276e-02 -5.54706931e-01 -5.20927727e-01
  1.19153585e-03  2.07523644e-01  8.72218072e-01  8.75146016e-02
  1.98490322e-01 -5.99608958e-01 -7.44588614e-01 -4.34849083e-01
 -8.67530704e-01 -8.03818256e-02 -1.16991699e-01  3.09220046e-01
  6.05660200e-01  6.07805669e-01 -3.28037232e-01  5.31461656e-01
 -6.24786615e-01  5.95932007e-01  8.60277534e-01 -2.26701826e-01
  2.74459124e-01  4.10082519e-01 -3.31774384e-01  2.44482830e-01
 -2.52417833e-01  3.81982535e-01  1.01557421e-02 -4.98567849e-01
 -2.72047788e-01  2.78722107e-01  1.07037336e-01 -6.73644185e-01
  5.77456355e-01  1.26720607e-01 -4.29499418e-01 -6.08011842e-01
 -4.01772112e-01  2.17029080e-03  1.21820293e-01 -8.57625544e-01
 -2.74419308e-01 -1.03479862e-01 -1.70258656e-02  2.80035347e-01
  4.20093209e-01 -4.40910876e-01  2.41737917e-01  3.88491780e-01
  7.06475675e-01 -4.15072531e-01  4.87671457e-02 -1.96135029e-01
 -1.33028433e-01  7.52157345e-02  1.17836058e-01 -4.08499300e-01
  5.61800420e-01 -3.06004912e-01 -7.19547391e-01 -3.61836702e-01
 -2.82992005e-01 -1.16535485e+00  4.83564794e-01 -5.59975028e-01
  4.08049256e-01 -8.47766817e-01  3.95242006e-01 -3.72934699e-01
 -2.06250772e-01  1.43032685e-01  1.13382675e-01 -4.96458560e-01
 -1.04263818e+00 -1.83790714e-01 -5.24878144e-01 -2.20518589e-01
  5.10982811e-01  6.30161822e-01 -3.60183150e-01  8.02402571e-02
  6.93825722e-01  2.98009187e-01  1.84750017e-02  5.69400154e-02
 -2.59537995e-01  2.16411334e-02  1.97418764e-01 -9.32305604e-02
  4.16574210e-01  1.82040334e-01 -4.91071753e-02 -2.06615701e-02
  8.65200222e-01  5.40902913e-01  6.71835244e-01 -2.06684425e-01
  3.05464715e-01 -1.62903443e-01 -1.22208536e-01  6.97445171e-03
 -1.01039829e-02  5.44657826e-01 -7.69844428e-02  4.26393270e-01
  5.53697228e-01 -2.78907418e-01  9.61661153e-03  1.07729781e+00
 -4.93160225e-02  7.06425428e-01 -1.27718806e-01 -1.90759242e-01
 -1.02204823e+00  2.68568993e-01  1.49569422e-01 -2.48444259e-01
  4.21154164e-02 -3.30538511e-01  6.13698661e-01 -4.45403069e-01
 -1.95231378e-01  1.58312976e-01 -3.32696199e-01  4.22976047e-01
  3.96931797e-01  3.06821018e-01  9.08111751e-01  2.58940876e-01
 -3.61784250e-01 -4.35905546e-01 -5.86334109e-01 -2.46839020e-02
  4.67771649e-01  2.10449740e-01  3.83956939e-01 -5.81724383e-02
 -6.29828155e-01  6.22367859e-01  1.40578421e-02  4.51951265e-01
  5.43520212e-01 -1.82317048e-01  1.04146786e-01  2.17062354e-01
  1.83251232e-01  2.38702267e-01 -3.81185859e-01 -8.37856174e-01
 -1.79612398e-01 -6.53539374e-02 -5.49545884e-01  4.36767302e-02
  2.65382499e-01  3.25376123e-01  3.64917144e-02 -1.46784842e-01
 -7.23554194e-02  6.48796141e-01  8.18063244e-02 -5.43899043e-03
  3.28720808e-01  6.17479086e-02  2.05965899e-02  1.34502634e-01
 -1.01710029e-01 -3.53233278e-01 -3.03001016e-01  5.54798879e-02
 -4.52709526e-01 -2.38955677e-01 -3.90672565e-01 -5.62675484e-02
  1.84820116e-01 -1.85190558e-01 -6.86260998e-01 -8.89159381e-01
  3.08949471e-01  2.31629714e-01 -9.76697385e-01 -1.34674132e-01
 -1.53746948e-01 -1.26249313e-01 -1.08155079e-01  2.32751489e-01
 -5.19888818e-01  1.78478528e-02 -5.44291317e-01  1.38842657e-01
 -5.25458395e-01 -6.47599161e-01  3.03425997e-01  1.54913038e-01
 -4.78464723e-01 -1.40520430e+00  7.11693585e-01  7.00362921e-01
  5.20587921e-01 -1.19312420e-01  1.62330970e-01 -2.87895113e-01
 -1.52476236e-01 -5.40961921e-01 -3.28441054e-01  7.75396079e-02
 -1.01632404e+01  5.43361045e-02 -9.46041226e-01  5.41164353e-02
 -2.53831357e-01  3.98074478e-01  7.79157460e-01  6.33316994e-01
 -1.16882287e-01  1.92258596e-01  3.34070146e-01  4.39619422e-01
  2.55984664e-01  5.16249418e-01 -5.80921888e-01  1.42543659e-01
 -1.03695922e-01 -6.29739702e-01 -2.57934928e-01 -1.71960354e-01
  5.17548084e-01  2.34717101e-01  9.96891737e-01  3.28582019e-01
 -7.29481652e-02 -1.04145363e-01 -1.33318976e-01  3.41159195e-01
  1.25850141e-01  5.16036510e-01 -7.68180728e-01  5.26330531e-01
  9.60212827e-01  3.83135855e-01 -1.76739946e-01 -4.61997204e-02
 -1.81025267e-01  3.00170153e-01  2.55888820e-01  3.72230142e-01
  2.26677626e-01  8.57685983e-01  2.29020014e-01 -1.37798756e-01
 -8.32230151e-02  4.64920878e-01  2.73889661e-01  4.29055780e-01
  7.04821408e-01  3.22564125e-01  6.41271710e-01 -1.89906597e-01
  3.79778862e-01 -2.98611790e-01  8.97846967e-02  9.21912957e-03
  1.05752504e+00 -8.12295437e-01 -1.69563796e-02  3.06675702e-01
  6.40439034e-01 -1.87356651e-01  1.04428542e+00  7.84847677e-01
  3.96177411e-01  4.61309999e-01  4.02995408e-01  7.59478748e-01
 -6.23503029e-01 -4.38056082e-01  2.15441972e-01  2.96034753e-01
  5.71728945e-02 -4.05136868e-02 -2.12904945e-01  1.25589147e-01
  9.45852399e-02 -6.74786046e-02  2.39897564e-01  2.00784802e-01
  4.94554251e-01 -1.01030972e-02 -1.81055412e-01 -9.27843153e-02
 -6.66632771e-01  8.02120566e-02 -7.18905628e-02  1.01309821e-01
  2.95345277e-01 -3.52988124e-01  2.77120382e-01 -3.84134203e-01
 -6.34924948e-01  3.90292704e-01  7.23413706e-01 -5.65826774e-01
 -1.96928889e-01  1.23624243e-01  3.02865267e-01 -1.95817307e-01]"
ニ,"[ 2.39988178e-01  4.98018354e-01  8.95507991e-01  5.04149776e-03
 -2.96980441e-01 -1.28887564e-01  8.37725878e-01 -2.46583581e-01
 -6.96334004e-01 -3.83814514e-01  5.02365887e-01 -2.31945470e-01
 -2.09004536e-01  1.23188756e-02  3.37587237e-01  9.55833197e-02
 -2.99468726e-01 -3.32096785e-01  1.05328545e-01 -3.35621864e-01
 -1.19924712e+00 -4.85773325e-01 -1.45177497e-02  6.03932813e-02
  5.99503107e-02 -7.81361461e-01  1.38590381e-01  7.01314211e-02
  1.48276970e-01 -4.49906230e-01 -5.65768123e-01  9.19201374e-02
 -1.73622057e-01  3.05349496e-03 -4.91009176e-01  6.13108039e-01
  1.52755463e-02 -9.71176624e-02  5.18929482e-01  1.48104697e-01
  3.02371359e-03 -1.04456700e-01  2.00241767e-02  4.10717428e-02
 -1.00732647e-01  4.26466435e-01  1.32814810e-01  4.96850312e-01
 -1.85599312e-01 -1.61219478e-01 -3.43895525e-01  3.89820635e-01
  5.20955980e-01  1.57752603e-01  1.92417175e-01  6.55715242e-02
  8.84710133e-01 -6.20181322e-01  2.48170391e-01  4.45669949e-01
 -4.49268341e-01 -5.54559171e-01  2.07646072e-01  9.06073600e-02
 -3.40903044e-01  4.91930664e-01 -5.97350180e-01 -1.56829968e-01
  4.56269503e-01 -5.39125562e-01  4.92937267e-02 -2.53828436e-01
  1.44734114e-01 -7.69211173e-01  5.15935540e-01 -4.59401578e-01
  1.82134658e-01 -1.12531677e-01 -7.64267743e-02  1.73809811e-01
  2.12652758e-01  2.44235754e-01  5.53750321e-02 -6.86998665e-01
 -3.67736429e-01  6.94059134e-01 -9.10184622e-01 -1.08163643e+00
  8.66368055e-01 -2.36262754e-01 -1.76884800e-01  3.00073773e-01
  1.56975225e-01  8.42565894e-02  6.70451820e-01  6.20414972e-01
  8.54531080e-02  2.57643044e-01  2.82056499e-02  2.92650551e-01
 -3.81049931e-01 -2.81757742e-01  3.63446027e-01 -3.95799786e-01
 -4.15611774e-01  2.61318475e-01 -1.87292680e-01  3.63612592e-01
  9.76108462e-02  4.04498488e-01 -2.06691846e-01 -9.86826599e-01
 -2.26228744e-01  1.46449551e-01  5.39549470e-01  2.33269021e-01
 -1.63488612e-01  3.49314034e-01 -2.61843711e-01  2.53573030e-01
  1.71662539e-01  5.83239615e-01 -3.42006832e-02 -1.10916424e+00
  7.96048045e-02  3.21269304e-01 -8.85724649e-02  2.60915197e-02
 -1.13755137e-01 -1.52995363e-01 -4.82470751e-01 -6.09114051e-01
 -3.28988731e-01 -9.74496305e-02 -6.01261318e-01  6.51743472e-01
  6.65056109e-01  5.21687448e-01  8.27017352e-02 -2.81015009e-01
 -6.03887081e-01 -6.20010272e-02  4.01846975e-01 -3.22541028e-01
  6.03326857e-01 -1.02281785e-02 -4.96304125e-01 -4.26085979e-01
  1.62226528e-01  1.48317486e-01 -1.59876928e-01  8.02332342e-01
 -7.59132564e-01 -6.17249794e-02  1.53783709e-01  4.51979250e-01
 -7.27886617e-01  1.69708714e-01  2.76408553e-01  1.89026684e-01
  7.83275664e-01  3.37716967e-01  1.77055672e-01  7.06372678e-01
  3.58970881e-01  3.68409246e-01  3.85559678e-01 -3.53331655e-01
  1.53440619e-02  4.55874085e-01  3.50383490e-01  2.17953846e-01
  7.68198848e-01  1.38644367e-01 -5.55621028e-01  6.62138402e-01
  1.07146370e+00 -3.01238596e-01 -2.04942793e-01 -5.72211206e-01
 -2.70607501e-01 -2.14417055e-01  5.49105227e-01 -7.79320717e-01
  5.07459939e-01 -6.77689153e-04  2.81504181e-04 -2.34270364e-01
  1.57279626e-01  6.06056094e-01 -4.20353681e-01 -5.84464729e-01
  2.66149670e-01 -5.12387574e-01 -2.07080051e-01 -2.71703005e-01
 -2.05106005e-01  2.20942393e-01 -9.21006858e-01  3.23648512e-01
  4.33096886e-01  7.33364746e-02 -1.98340982e-01 -4.93855506e-01
 -6.89294100e-01  6.02587014e-02 -8.97126719e-02  3.99407655e-01
 -1.87018573e-01  8.92463326e-02 -2.99725264e-01 -1.55441687e-01
  3.47486079e-01  2.82178491e-01  4.19694215e-01  1.55134380e-01
 -1.16505414e-01 -1.75717235e-01  3.27611148e-01  5.51695228e-02
  3.73387218e-01 -1.66614413e-01  1.50819710e-02 -2.42360711e-01
  1.22449778e-01  5.37093580e-01  3.70651454e-01 -6.75179839e-01
 -2.30487987e-01  4.68411744e-01 -6.56977355e-01 -8.94375801e-01
 -5.81995785e-01 -1.02702983e-01 -5.70869088e-01 -5.74259520e-01
 -4.28675741e-01  2.31389746e-01 -5.87648094e-01  5.27140200e-01
 -1.35432541e-01 -3.49061757e-01  2.20525056e-01 -5.16434789e-01
 -2.15833813e-01  1.98885590e-01  1.23256803e-01 -1.67608425e-01
 -6.28982604e-01 -2.82601506e-01 -2.26736084e-01 -2.49921575e-01
  1.01974934e-01 -3.67952704e-01  5.21100342e-01  7.17682838e-01
  8.67065132e-01 -1.78678766e-01  3.08760971e-01 -3.62246484e-01
 -4.94038820e-01 -6.56109869e-01  7.56227598e-02  1.84467956e-01
 -9.68985036e-02  4.71398607e-02 -1.32945165e-01 -2.87313789e-01
 -9.78180587e-01 -3.19053590e-01  3.31853360e-01 -2.46191680e-01
  1.73809994e-02 -1.85013145e-01  4.62290138e-01  1.79328620e-01
  2.59251177e-01  7.66176939e-01 -3.64025652e-01  2.71997869e-01
 -3.02224636e-01  2.61138618e-01 -6.11751914e-01  1.41730681e-01
 -1.54224768e-01  4.24566209e-01 -5.10331392e-01 -5.34509361e-01
 -5.33447266e-01  7.16960073e-01  4.46059614e-01 -6.07499242e-01
  2.07023591e-01 -1.22298248e-01 -5.59150815e-01  4.84924793e-01
  3.39263827e-01  2.01661754e-02  2.77093083e-01 -7.16230199e-02
  6.28801644e-01  2.93567091e-01  8.05922031e-01 -8.94927382e-02
 -2.00201899e-01 -1.22476704e-01  1.70935780e-01  7.12828279e-01
  1.83763400e-01 -8.02681029e-01  6.80369377e-01  3.82238477e-01
 -5.34948111e-01  3.93619537e-01  5.95366955e-01  5.87542713e-01
 -1.38230765e+00 -1.75351441e-01  6.86440587e-01  7.56553888e-01
 -6.60086274e-01 -7.14258658e-06  2.97134340e-01  3.12337548e-01
 -1.88899130e-01 -2.40754262e-01  1.23286712e+00 -9.09240395e-02
 -6.52929991e-02 -2.22514734e-01 -7.49331564e-02 -3.39318931e-01
  2.48290256e-01 -3.78671199e-01  9.35624242e-02  4.35639024e-01
 -5.85079014e-01 -1.83174744e-01 -3.18006545e-01 -2.90594935e-01
 -4.24087793e-01  6.38543367e-01 -5.36976278e-01 -1.30527511e-01
 -1.90998502e-02 -4.49397177e-01 -1.47821322e-01  1.06924582e+00
  1.11024654e+00  1.68292746e-01 -8.28435302e-01 -7.25870073e-01
  1.02730483e-01 -3.82748246e-01 -9.08938646e-02 -5.36572218e-01
  1.47394165e-01 -2.61008650e-01 -2.49914333e-01 -1.99813452e-02
  4.39121537e-02  1.04779318e-01 -2.14180186e-01  1.83400869e-01
 -3.46643627e-01  3.88646126e-01  1.03277528e+00  3.49547789e-02
  3.68846476e-01  6.38868928e-01  6.72288179e-01  3.38695914e-01
  6.50130883e-02 -8.78607035e-01  6.81200475e-02 -5.90404987e-01
  4.95224267e-01 -8.86519551e-02 -7.30560660e-01  9.07346785e-01
 -8.63807574e-02  1.66115239e-01 -3.56405050e-01 -5.11898935e-01
  2.59050071e-01 -4.33588028e-01 -1.34439599e-02  1.83345765e-01
  1.51775464e-01 -1.97776735e-01  7.99921691e-01  4.20220852e-01
  6.37763143e-01 -4.77705687e-01 -7.68992126e-01 -1.67379096e-01
 -3.21367145e-01  1.55838728e-01  3.72185826e-01  5.08289456e-01
 -9.48093012e-02 -1.15304634e-01  1.59989353e-02  2.06453741e-01
 -9.58780050e-01  6.85359314e-02 -6.51793361e-01  7.04318658e-02
  7.30981156e-02  2.11315274e-01  3.15223746e-02  5.27812578e-02
  3.18917871e-01  5.80801547e-01 -7.78379977e-01 -1.61388829e-01
  1.78864390e-01  3.19994479e-01  3.38855326e-01  6.49617970e-01
  5.54922700e-01  5.90652749e-02  5.40966034e-01 -2.23577231e-01
  3.46589625e-01  1.65587157e-01  1.74746141e-01 -5.20546496e-01
  9.49707210e-01 -4.51154590e-01 -8.76128525e-02  1.54448807e-01
  6.02484681e-02  5.61193466e-01 -4.67550218e-01 -8.07605207e-01
  4.19911563e-01 -1.82609066e-01  5.61552107e-01  1.18297470e+00
 -8.05006996e-02  2.96015471e-01 -4.64479625e-02  1.87562793e-01
 -2.05320850e-01  3.64763290e-01 -1.00939989e-01 -6.39843345e-01
  4.27743912e-01  1.48142621e-01  2.72276789e-01  1.41129005e+00
  8.62573981e-02  2.67267913e-01  1.45289376e-01  2.41290808e-01
 -3.22308242e-01 -9.55208763e-02 -3.00914079e-01  1.27816588e-01
 -1.15207039e-01  8.35735679e-01 -6.28821492e-01  5.30882254e-02
 -1.28828391e-01  5.24586625e-02  6.77211404e-01  4.08189178e-01
  1.27430807e-03 -3.65740597e-01 -5.74689567e-01 -4.13478673e-01
 -4.50351298e-01  1.39700668e-02 -6.15269423e-01 -5.08028306e-02
 -2.44748503e-01  4.97177429e-02 -9.58145142e-01  4.67866123e-01
  4.89380181e-01  6.27292097e-02  1.94662705e-01 -5.68079174e-01
 -1.69913232e-01  5.43918490e-01 -6.85943604e-01 -6.36755109e-01
  2.70639420e-01  6.15531914e-02 -3.26060712e-01 -9.57592249e-01
 -1.97490796e-01 -3.58115435e-01  2.89127558e-01 -4.28639263e-01
  1.62303254e-01  1.23498198e-02 -5.65133810e-01 -1.75413221e-01
 -5.32848775e-01 -3.94395769e-01 -7.78370649e-02 -1.52942285e-01
 -4.35021520e-02 -2.34165028e-01  4.55569178e-02  8.60987008e-01
  5.78102887e-01 -3.40484947e-01 -6.78211376e-02  6.00131154e-01
  1.34011349e-02 -3.03174287e-01  1.34680793e-01 -1.44233227e-01
 -5.26163042e-01  4.35550392e-01  5.09154499e-01 -8.33733231e-02
  2.18092039e-01  2.67089635e-01 -7.99122572e-01 -4.18002486e-01
 -3.34506005e-01 -1.05095851e+00  4.23824608e-01 -3.56232166e-01
  8.67233098e-01 -5.95498502e-01  4.30989295e-01 -4.02423292e-01
  3.90986919e-01  1.71622541e-02  4.16390330e-01 -4.85770315e-01
 -1.32328975e+00 -3.38276356e-01 -2.78126150e-01 -6.34211361e-01
  1.08852756e+00 -1.20027043e-01 -7.55029440e-01  2.68978149e-01
  2.81859577e-01  1.83319554e-01 -2.46581674e-01  2.26847857e-01
 -3.90494317e-02 -1.69130769e-02  8.01749900e-03 -1.57665983e-01
  3.53744954e-01  3.58544439e-01  1.78397536e-01 -9.76162311e-03
  8.24940324e-01  3.85430932e-01  1.55031815e-01  1.72671199e-01
 -4.52601820e-01  2.31630221e-01 -8.50178897e-02 -2.92136341e-01
 -1.44215494e-01  4.84172821e-01 -4.87031668e-01  5.14036715e-01
  3.83085430e-01 -8.01923990e-01 -1.51489019e-01  1.19481027e+00
  2.63545394e-01  6.82392240e-01  7.65335336e-02 -9.81333405e-02
 -6.14413142e-01  7.81684965e-02  5.95352292e-01 -1.32365778e-01
 -4.47791576e-01  1.94167018e-01 -1.36386290e-01 -7.82188214e-03
  7.71508753e-01 -3.65745723e-02 -1.18379690e-01  3.81918460e-01
  6.33423403e-02 -3.29495847e-01  9.61151242e-01  9.25962180e-02
 -3.06232810e-01  2.92535964e-02 -5.50469980e-02  4.20026034e-01
  4.79091495e-01  1.94364086e-01  4.59074676e-01 -1.40517382e-02
 -5.84810674e-01  7.21693635e-02  3.96188885e-01 -2.21036226e-01
  8.91806424e-01 -3.36766124e-01 -2.76369184e-01  6.25843644e-01
  3.86376560e-01  1.28298014e-01 -1.49681764e-02 -7.28680491e-01
 -2.71520883e-01 -6.28290713e-01  6.71744421e-02  1.37115344e-01
  4.39225763e-01  3.18459839e-01  1.89389437e-01 -4.35012490e-01
  3.68715554e-01  3.21261317e-01 -1.68234855e-01 -3.00772935e-01
  6.84005171e-02  2.57900000e-01  2.62689501e-01  1.78413033e-01
  2.42349848e-01  8.31109434e-02 -4.74817395e-01  7.60157406e-01
 -2.58183986e-01 -1.07246801e-01 -9.47952121e-02  1.75308958e-01
  5.91599166e-01 -2.41050825e-01  3.20967257e-01  7.49908313e-02
 -4.73887809e-02  5.60566001e-02 -4.47945863e-01  1.06365249e-01
 -2.00239748e-01  2.81386194e-03 -2.55647004e-01  8.40660557e-02
 -6.80085182e-01 -8.13112259e-01 -2.01230571e-02  4.06319648e-01
 -4.02574241e-01 -5.07808864e-01  4.86407310e-01 -1.20434076e-01
 -5.76042056e-01 -1.56621480e+00  5.19383132e-01  8.15850645e-02
  1.06269373e-02  1.05899330e-02 -2.20879242e-01 -2.32655033e-01
 -1.76005363e-01  2.45941177e-01 -6.74645543e-01 -3.29390198e-01
 -9.80719566e+00 -1.24987848e-02 -5.16305089e-01 -1.69034228e-01
 -1.28199637e-01 -4.53296870e-01  1.13936782e+00  8.25395584e-01
 -5.36453128e-01  3.24026257e-01 -5.62829137e-01  2.93635935e-01
  5.91186583e-01  3.53038192e-01  4.28162724e-01 -3.93927336e-01
 -6.78737909e-02  6.66920915e-02  3.08079898e-01  1.39982000e-01
 -1.82690114e-01 -1.62025258e-01  1.01952136e+00  3.14514697e-01
  6.64615780e-02 -6.18861258e-01 -1.65896490e-01  6.42012000e-01
 -2.04370409e-01  2.01991171e-01 -9.69994366e-01  9.67738569e-01
 -1.64439350e-01  5.63455336e-02 -4.27154571e-01  1.41432285e-01
 -8.07258338e-02 -4.51164246e-02 -8.57247651e-01  4.81636137e-01
  3.63676101e-02 -1.15515734e-03  2.12058321e-01 -7.37558529e-02
  4.53648657e-01 -2.47572556e-01 -1.13700464e-01  2.64775455e-01
  3.16004544e-01 -1.87130738e-02 -1.75688401e-01  2.80899644e-01
  6.08626902e-01 -5.37230492e-01  3.72936457e-01 -7.10644662e-01
  3.59981090e-01 -9.49310005e-01  2.19201967e-01 -2.92246699e-01
  5.07802777e-02  1.27202868e-01  5.29527009e-01  7.47220516e-01
 -7.87647441e-02  5.49038589e-01 -2.04139622e-03 -6.29251659e-01
 -6.55556560e-01 -1.58900291e-01  3.97139251e-01  1.71144515e-01
  2.27958634e-02 -2.40527719e-01  1.44262925e-01  4.69414949e-01
 -8.20372067e-03  3.55487317e-01  7.01573551e-01 -2.77191818e-01
  7.40035355e-01 -5.10673463e-01  3.53430718e-01  5.59746802e-01
 -7.75950968e-01  3.75806212e-01  1.69567689e-01 -1.91189870e-01
 -2.10226551e-02 -7.55651236e-01  4.54522610e-01 -2.34404549e-01
 -2.77356386e-01  7.50988349e-02 -1.68514609e-01  1.70134261e-01
 -8.15538764e-02 -1.39744431e-01  9.23962072e-02 -5.64954102e-01]"
ア,"[-8.56139064e-02  3.02740455e-01  3.66918623e-01 -6.81469440e-01
  3.29799533e-01  4.54889685e-02  2.21813381e-01 -7.68228769e-01
 -3.37525725e-01 -5.22257835e-02  1.10155940e+00  2.18479648e-01
 -3.83875251e-01 -2.12393418e-01  4.36723888e-01 -2.45362014e-01
  1.51291087e-01  3.39847654e-02  2.91650742e-01  3.07729185e-01
 -1.98748000e-02 -4.48341548e-01  1.57476664e-01  3.42278816e-02
  4.34476882e-01 -3.80789608e-01  2.59692192e-01  2.77812123e-01
 -9.01101753e-02 -4.18382466e-01 -5.25415778e-01 -5.09669721e-01
 -1.32547200e-01 -6.81952417e-01 -4.68593985e-01  1.07640345e-02
  2.77650476e-01 -9.30416360e-02  3.17752987e-01 -6.70901299e-01
 -2.58810464e-02 -4.02225286e-01 -5.11971354e-01 -8.41182694e-02
 -3.94098788e-01  2.90239781e-01  1.68055609e-01  4.93335187e-01
  3.30769658e-01 -4.81752167e-03 -4.12266999e-01  1.57610234e-02
  1.01749651e-01 -1.69630498e-01  1.77154705e-01  2.15597332e-01
  1.42561227e-01 -2.15666324e-01  4.50630099e-01 -4.19221133e-01
 -4.73264366e-01  1.26632243e-01  2.42408320e-01 -5.34897484e-03
  2.18444109e-01 -3.28550756e-01  1.16647491e-02 -2.45906100e-01
  8.98685306e-02 -3.67957592e-01  1.82659552e-01  2.81845182e-01
 -2.51022309e-01 -5.60812950e-01  7.32178390e-01 -2.87109733e-01
  4.77445535e-02 -1.43804058e-01  2.27447242e-01 -2.07319334e-02
 -3.13366205e-01  5.59108138e-01  9.29709524e-02 -5.19241810e-01
 -3.14470202e-01  2.69096106e-01 -5.87040484e-01 -6.55221283e-01
  2.98218399e-01 -2.15201795e-01 -6.42039478e-02 -1.88823268e-01
  5.24567187e-01  4.59967852e-01  1.04787141e-01 -8.82977992e-02
 -3.79604404e-03 -2.57573754e-01 -4.02461737e-01 -1.43519163e-01
 -1.77037418e-01  2.51689982e-02  4.50256467e-01  9.15600061e-02
 -1.64590672e-01 -1.08144417e-01 -2.30344549e-01  5.03730476e-01
  8.84097815e-02  1.89898282e-01 -3.03039342e-01 -8.20235074e-01
 -7.09428847e-01 -1.77695081e-01  3.02248001e-02  1.11528449e-01
 -2.76109636e-01  3.87872756e-01 -3.57310951e-01  3.06591183e-01
 -4.07336652e-02  4.78101611e-01 -2.27663204e-01 -1.25333056e-01
  1.90807372e-01  6.55695319e-01  3.24717164e-01 -1.45403743e-01
 -1.42536983e-01 -2.75677294e-01  1.70531690e-01  1.50956854e-01
 -4.04435962e-01 -7.06731379e-02 -1.81705147e-01  9.14120317e-01
  7.94043615e-02  3.80747736e-01 -9.16137248e-02 -5.63675821e-01
 -1.96325913e-01 -9.78846774e-02  5.79095542e-01 -7.57808611e-03
  1.14902206e-01  7.90247023e-02  3.83759886e-01 -7.20137954e-02
  4.38300043e-01  4.62301970e-01  1.34851411e-01  8.78886759e-01
 -6.41681314e-01 -7.62286857e-02 -2.14986801e-01  2.27942802e-02
 -7.29105890e-01 -2.22765282e-02  4.02747005e-01  3.65028977e-01
  5.01327038e-01 -4.39956695e-01  8.37064683e-02  2.44141325e-01
  1.86105996e-01  5.45487881e-01 -1.61982447e-01  2.75094926e-01
 -1.06398620e-01  7.18359411e-01  7.30761960e-02  3.48565459e-01
 -1.14014437e-02 -5.47548413e-01  5.88868737e-01  3.47661912e-01
 -1.49831467e-03  4.03633893e-01  6.39072955e-01 -8.60836506e-01
 -1.63063422e-01 -2.41389428e-03  5.42049289e-01 -4.91792589e-01
  3.88116986e-02 -4.08880562e-01  2.65413254e-01  1.94101557e-01
  5.86227290e-02 -1.47086844e-01 -3.21618840e-02 -2.78160095e-01
  1.54328883e-01 -7.50309005e-02 -3.08155745e-01 -2.24371761e-01
 -6.49818452e-03 -1.88379467e-01 -3.11965913e-01  4.97898519e-01
 -8.15924555e-02  2.13608384e-01 -6.05939209e-01 -7.47707129e-01
 -1.01716185e+00 -1.26258329e-01  9.17839110e-02  2.66265988e-01
  4.82101887e-01  6.74710143e-03 -1.68044895e-01  5.66640915e-03
 -2.29208753e-01  5.27327657e-01  5.54585338e-01  2.04365462e-01
 -2.58986354e-01 -7.42352188e-01  3.82943183e-01 -5.31102180e-01
 -2.91173398e-01  1.87991083e-01  6.03350759e-01 -8.18633810e-02
 -5.23401916e-01  2.94640332e-01  1.69834211e-01  4.86966759e-01
  1.03170061e-02 -1.21270552e-01 -8.28623027e-02 -8.57433617e-01
 -9.36667442e-01  2.91541785e-01 -7.28857756e-01 -6.77822232e-01
 -4.59589064e-01  4.07723218e-01  4.29260023e-02  4.98022616e-01
  6.73874617e-02 -1.36200488e-01  4.04502064e-01 -4.72320355e-02
 -5.26768208e-01  4.47045535e-01  9.94912013e-02  1.81415349e-01
 -2.90759742e-01  3.20472836e-01 -3.43134820e-01 -4.20722514e-01
  1.11354925e-01 -3.82795520e-02  6.31180942e-01  1.48698553e-01
  4.46934730e-01 -2.69063503e-01  1.97065026e-01 -2.40176812e-01
 -1.35310635e-01 -1.48509815e-01  7.54585639e-02 -8.79444629e-02
 -4.55608487e-01  8.98625106e-02  2.82745272e-01 -8.55266377e-02
 -1.34380326e-01 -4.57180470e-01  2.40176916e-01 -3.54278564e-01
 -4.31633860e-01 -2.75934428e-01 -1.66673049e-01  2.09935993e-01
 -4.16957796e-01  3.78483385e-01 -2.72529006e-01  4.60734934e-01
 -5.16923487e-01  8.42852071e-02 -5.87346554e-01 -4.67474908e-01
  2.96625346e-01  2.54956167e-03 -4.38164562e-01 -3.57231826e-01
 -6.64146125e-01  4.18148279e-01  9.39948857e-02 -1.42541796e-01
  4.31831516e-02  1.50386924e-02 -4.12402689e-01  6.36208802e-02
  2.24109605e-01  4.81088161e-02  1.76868051e-01  2.55240470e-01
  5.83295286e-01  1.00737080e-01  5.87756157e-01  2.42017712e-02
  4.64593023e-02 -7.67612994e-01 -1.24863394e-01  7.71990493e-02
  6.01087034e-01  2.47266088e-02 -2.71271378e-01  9.44731951e-01
 -7.48981833e-01  2.50659287e-01  1.35953665e-01  4.36797827e-01
 -1.49509811e+00  1.31861279e-02  5.32317936e-01 -1.02852926e-01
 -7.47156501e-01  5.07615328e-01  3.31835240e-01  9.62553546e-02
  3.81212205e-01 -7.55121410e-01  9.60964680e-01  5.20123184e-01
 -5.96139848e-01  5.59463724e-02  3.23554903e-01 -3.74620073e-02
  2.71072298e-01 -3.80279839e-01 -2.10356954e-02  3.32610279e-01
 -1.91518236e-02 -3.09790909e-01 -2.34986767e-01 -6.41908944e-02
 -3.76436681e-01  3.43098909e-01  1.99529663e-01 -3.75200093e-01
 -4.52565044e-01 -2.48875707e-01  1.54740453e-01  8.06137025e-01
  1.62439600e-01  7.06430852e-01 -2.72926569e-01 -1.51162848e-01
  3.32902312e-01  1.86213985e-01  2.00586125e-01  2.55493939e-01
 -3.85046393e-01 -3.09882075e-01  3.34749937e-01  3.61523688e-01
 -8.70125145e-02  1.17123939e-01  1.52848810e-01 -1.03821680e-01
 -1.19236164e-01  2.61777073e-01  5.36394358e-01  1.01695992e-02
  7.22588599e-01  2.97883183e-01  6.40619516e-01  5.19015379e-02
  2.84985006e-01 -1.31650686e-01  3.70109916e-01 -9.69279334e-02
  1.58608243e-01  2.92110205e-01 -5.57724535e-01  2.54637927e-01
 -6.37705743e-01 -3.06318492e-01  9.36555937e-02 -4.70354021e-01
  3.21178325e-02 -7.39066899e-01 -5.06066859e-01  2.07862362e-01
 -2.98199892e-01 -6.95709586e-01  9.93551910e-02  2.61629462e-01
  2.98718721e-01 -4.00396258e-01 -2.96341956e-01  1.06079765e-01
 -9.92017314e-02  2.73635507e-01  5.41966915e-01  3.73985559e-01
 -4.21106696e-01  4.48349603e-02 -5.18124580e-01  8.26670453e-02
 -6.93614185e-01 -2.67721742e-01 -3.83261502e-01  2.16604561e-01
  1.88926756e-01  2.17397884e-01  3.02322477e-01 -2.29302309e-02
  3.30198035e-02  2.85004765e-01 -2.99083650e-01 -2.81243086e-01
 -5.14826715e-01 -1.75399520e-02  4.18958887e-02  4.42850709e-01
  1.68201849e-01  5.86634517e-01 -1.33998007e-01 -2.39505231e-01
 -6.00530207e-02 -1.72021717e-01 -2.59029299e-01 -4.19188201e-01
  5.92540026e-01 -4.99119222e-01  1.70943439e-01 -3.44966531e-01
 -1.87651977e-01  7.56110847e-01  1.84494276e-02 -1.32108629e-02
 -5.95052466e-02  3.45615625e-01 -3.01172704e-01  6.62847996e-01
  3.64247918e-01  6.27003074e-01  1.45101652e-01  4.62624311e-01
 -1.14073336e-01 -3.32137525e-01  3.58932048e-01  1.94102004e-01
  8.49796683e-02 -3.43214631e-01  4.53867286e-01  3.89586151e-01
  6.67229742e-02  1.20623752e-01 -2.70603985e-01  2.27163449e-01
  1.13812014e-01  1.51693612e-01  4.10889089e-01  1.35777727e-01
  2.02523936e-02  2.24383697e-01 -3.03088665e-01  3.55454385e-02
 -1.58732235e-01 -5.16002417e-01  3.77168596e-01  1.29737228e-01
  7.77284861e-01 -3.66578288e-02 -2.61188269e-01 -1.23631619e-01
 -5.13213873e-01  1.70539811e-01  1.74008161e-02  3.70736420e-01
  4.56324667e-01  1.62856147e-01 -1.11642033e-01  9.56767052e-02
 -1.92905162e-02  3.44975829e-01  4.00333405e-01 -6.94940805e-01
 -2.75600433e-01  2.02198997e-01  1.37212574e-01 -2.13618129e-01
  3.50191504e-01  4.66799080e-01  3.65966372e-02 -6.70683146e-01
 -2.83549298e-02  2.13585138e-01 -1.90956563e-01 -2.38711648e-02
  5.53976417e-01  9.50358137e-02 -4.05080497e-01 -4.01607126e-01
 -1.80432171e-01 -4.13534492e-01  3.12788822e-02 -7.74021029e-01
 -1.33451179e-01 -1.44193649e-01 -1.23055346e-01  4.89797324e-01
  6.75720572e-01 -2.64782608e-01 -1.07567139e-01  3.63957763e-01
  1.24347366e-01 -3.40770185e-01 -2.13301599e-01  2.42104992e-01
  1.12090148e-01 -7.88217634e-02  7.01323450e-01  9.39735770e-02
  8.72932374e-02 -2.22011074e-01 -8.72299790e-01 -1.47304488e-02
 -3.31273019e-01 -6.71504796e-01  3.99886400e-01  4.08091903e-01
 -3.14026028e-02 -3.80787462e-01  3.78406078e-01 -2.50835747e-01
 -3.21762450e-02  1.28281906e-01  2.92781174e-01 -1.93143263e-01
 -6.32037699e-01  4.11850065e-01 -5.57355404e-01 -3.57634604e-01
  5.55591941e-01 -1.08105494e-02 -5.60555041e-01 -3.96264046e-01
  8.51229191e-01 -2.70731390e-01 -6.96613312e-01  8.28655660e-02
 -3.44545245e-01  4.07533616e-01  2.90771037e-01  2.49748215e-01
  2.22741384e-02  1.67773202e-01 -4.13716972e-01  4.47412133e-02
  4.01618212e-01  4.78118300e-01  4.18568462e-01  2.43107617e-01
 -2.99902231e-01 -5.38670003e-01 -3.86130273e-01  4.34720397e-01
  4.65777159e-01  4.29787487e-01 -1.84280694e-01  6.43347383e-01
  2.81921268e-01 -5.11567950e-01 -1.57107376e-02  9.06101286e-01
  3.94504458e-01  4.95516092e-01 -2.70964503e-01 -2.35544682e-01
 -6.77909255e-01 -2.07214743e-01  5.64181805e-02  2.72577941e-01
 -3.11586056e-02  1.17610559e-01  1.47219732e-01 -4.70565617e-01
 -9.60212871e-02  4.89034317e-02 -1.84012190e-01 -1.39017120e-01
  2.96243250e-01 -2.82449305e-01  2.17589498e-01  7.27496445e-02
 -3.00563395e-01 -9.62504372e-02 -3.84004265e-02  1.65501267e-01
  6.09464169e-01  6.90211356e-02  6.84956908e-02  2.57181767e-02
 -1.05873454e+00  1.50069386e-01 -2.81789958e-01  1.27591118e-01
  5.40462792e-01 -5.19490123e-01 -4.47396100e-01  3.28666627e-01
  4.84655917e-01  2.46924520e-01 -2.34570742e-01 -9.53014135e-01
  2.12274939e-01 -7.93172978e-03 -2.14523584e-01 -1.39891073e-01
 -1.83867276e-01  2.31527716e-01  1.12296110e-02 -3.76588106e-01
 -3.46077308e-02  5.06906986e-01  1.98409140e-01 -1.76820587e-02
  8.04087520e-02  8.29249993e-02  1.03489473e-01  1.47649035e-01
  5.31235849e-03 -3.20765376e-01  1.42327055e-01  8.27370510e-02
 -4.85530347e-01  1.02021545e-01  3.94010730e-02  1.46850213e-01
  4.40492108e-03  8.56601226e-04 -1.01568267e-01 -4.67095703e-01
  2.22158104e-01  2.19469205e-01 -6.90754354e-01 -3.25084180e-01
  1.75471187e-01  2.45635673e-01 -2.81841874e-01 -1.99431896e-01
 -2.95501709e-01 -3.78937423e-01  2.64950059e-02  4.40769821e-01
 -2.68136352e-01 -6.74465597e-01  1.90524459e-01  2.44256258e-01
 -3.99234086e-01 -1.16663790e+00  1.87954620e-01  1.05167136e-01
  5.22831798e-01 -1.77811161e-01  2.21223980e-01 -2.71224976e-02
  7.88793117e-02 -3.33588451e-01 -2.63842225e-01  3.19792092e-01
 -1.03468761e+01 -2.44539261e-01 -2.15268224e-01 -7.26662159e-01
 -3.72948140e-01  7.42654920e-01  1.01515412e+00  1.85297400e-01
  1.04285493e-01  4.49742705e-01 -6.86010361e-01 -1.76623046e-01
  5.95116198e-01  4.10606623e-01 -2.66310662e-01 -1.01680264e-01
 -3.46687040e-03 -6.64215028e-01  1.79550588e-01  4.61170301e-02
 -1.88490003e-01 -9.31667686e-02  1.00897396e+00  1.81435645e-01
  3.41640562e-01 -6.26424134e-01 -2.70807922e-01  4.26549651e-02
 -2.10851789e-01  6.42809391e-01 -3.69195491e-01  3.57716084e-01
  1.49220973e-01  3.23194772e-01 -3.28726530e-01 -5.56796134e-01
  1.71622813e-01  5.96134722e-01 -3.42921078e-01  4.70570117e-01
  2.97382116e-01  4.09452707e-01  4.12468433e-01 -1.97123662e-01
  3.92018735e-01  7.91536987e-01  2.63753712e-01 -7.32133836e-02
  6.74169123e-01  3.25515978e-02  3.36727239e-02 -3.71825665e-01
  1.80881843e-01 -2.63271689e-01 -1.67755708e-01 -2.32821226e-01
  8.39209139e-01 -6.22108221e-01  6.51988238e-02 -1.92218482e-01
  4.24268603e-01  8.56949948e-03  1.35705626e+00  3.05712700e-01
 -6.72394693e-01  6.03219261e-04  2.60016322e-01  2.27366894e-01
 -6.50889337e-01 -2.39238963e-01  7.52511024e-01 -2.99976945e-01
  7.02338964e-02  1.67935565e-01 -1.01139769e-01  2.99135953e-01
 -4.40396965e-01 -2.15764001e-01  1.89010039e-01  5.47618605e-02
  5.51583588e-01  2.27158129e-01 -1.57137647e-01  2.88989335e-01
 -1.04259169e+00 -1.08805984e-01  5.49033701e-01 -5.28628528e-02
  7.63008773e-01 -4.41817701e-01  4.52982783e-01  1.56099781e-01
 -1.35963276e-01  4.00149263e-02  2.36584485e-01  1.64650276e-01
  7.44567156e-01  7.71074891e-02  3.30137402e-01 -1.20960325e-01]"
テ,"[ 4.86870736e-01  2.07949430e-01  4.88378942e-01 -5.50900400e-01
  4.62613016e-01  1.21281013e-01  9.12269577e-02 -1.81352094e-01
 -4.67244424e-02 -4.79556769e-01  6.88520491e-01 -3.09961975e-01
  1.51986768e-02  2.46261153e-02  3.35060775e-01 -3.56744081e-01
  2.61551470e-01 -2.24953681e-01  8.96363854e-02 -4.71723437e-01
 -6.56762004e-01 -1.28160119e-01 -2.01838806e-01  1.76269755e-01
  8.85178596e-02  9.92065296e-03 -4.73639637e-01 -7.35934898e-02
 -6.85933009e-02 -2.14320689e-01 -6.05719268e-01 -3.40691060e-01
  2.86326915e-01  3.11165720e-01 -1.16717897e-01  2.43090257e-01
  1.07781202e-01 -9.81216654e-02  2.63830036e-01 -3.86727154e-01
  4.54277284e-02 -2.16785278e-02 -2.64894754e-01 -9.70964804e-02
 -2.95700818e-01  8.40678036e-01  2.34042346e-01  3.42162877e-01
  7.34120190e-01 -2.02554300e-01 -4.24992204e-01  3.46906781e-01
  1.50066197e-01 -3.03254034e-02  4.06385630e-01 -1.77121446e-01
  2.07711309e-01 -5.44795811e-01 -2.61468500e-01  3.54316413e-01
 -5.53257108e-01 -2.44943485e-01  7.74652183e-01 -8.99620280e-02
 -5.16972952e-02 -3.42397004e-01  4.41427901e-02 -1.55674368e-01
  1.06326714e-02 -8.26144218e-01 -6.57163501e-01 -5.67122437e-02
 -1.26266837e-01 -2.64056355e-01  1.25148261e+00 -1.53898314e-01
  1.74061313e-01  3.96364719e-01  3.22451234e-01 -1.06579788e-01
  9.97388288e-02  4.76149380e-01  6.83448017e-02 -7.46302903e-01
  7.36038610e-02  3.16988170e-01 -1.34761408e-01 -5.59292078e-01
  3.80752802e-01 -4.06674296e-01 -5.34235477e-01  6.10495150e-01
  6.11758471e-01  2.62865484e-01 -7.87698925e-02 -2.75407988e-03
 -9.94143076e-04 -3.11702967e-01 -4.54210430e-01  1.81202944e-02
 -5.36308810e-02 -1.09382376e-01  2.00402483e-01  4.62064683e-01
  4.10733789e-01  3.81456390e-02 -3.80830348e-01  3.26550826e-02
  1.72061473e-01  9.05015171e-02 -2.24035576e-01 -4.51205432e-01
 -4.16073501e-01  6.14668310e-01 -2.29745373e-01 -1.02816954e-01
 -1.94919139e-01  4.40123342e-02 -1.91246539e-01  6.32244945e-01
  2.10728258e-01  2.03242943e-01  2.74745494e-01 -2.24829391e-01
  1.16396591e-01  6.39822662e-01  1.71352535e-01 -3.83561939e-01
 -3.66873950e-01  8.32146630e-02 -1.86117649e-01  2.87324101e-01
 -8.94091725e-02 -2.02821687e-01 -5.22468567e-01  1.04172766e+00
 -2.00885296e-01 -5.39882369e-02 -3.32165718e-01 -4.50954348e-01
 -3.60283226e-01 -3.57839204e-02  1.27192676e-01 -1.75926208e-01
  1.48783371e-01  9.32709724e-02 -4.87331361e-01 -4.07212526e-01
 -7.94686601e-02 -3.01456273e-01 -1.20119222e-01  1.04052746e+00
 -8.40103328e-01  3.93184461e-02 -7.02311769e-02 -2.06679720e-02
 -9.08705831e-01  9.24965441e-02  3.32125366e-01  2.91529745e-01
  2.18343481e-01 -8.14126730e-01  1.71400368e-01  6.00785971e-01
 -2.18205944e-01  4.35079336e-01  8.48536789e-02  4.53198999e-01
  8.25355202e-02  6.63613617e-01 -1.42151475e-01  4.04944927e-01
  1.52110934e-01 -2.73135006e-01  6.08589649e-01  3.03507745e-01
  2.09735185e-01  4.35281638e-03  1.93951547e-01 -5.53771794e-01
 -3.50065790e-02  4.81672958e-03 -3.19836855e-01 -5.14965653e-01
  3.39626193e-01 -1.16199993e-01  1.42873064e-01  1.77800119e-01
 -2.77932674e-01  1.01555578e-01  1.63913578e-01 -4.18343544e-01
  4.51898187e-01 -5.96767701e-02 -2.37347245e-01 -7.15114295e-01
 -3.10148358e-01  1.56580076e-01 -6.12684488e-01  6.99673772e-01
  1.96058393e-01  6.37141392e-02 -2.73703545e-01 -5.00507236e-01
 -6.06106818e-01 -3.09466451e-01  5.52216768e-01 -6.58937264e-03
  2.29679212e-01  6.12415910e-01 -2.39026293e-01  2.11809710e-01
  4.04511184e-01  2.10045204e-01  2.67534763e-01  2.24807352e-01
  1.85005029e-03 -6.33225963e-02  3.35519850e-01 -7.83334374e-01
  4.63567466e-01 -2.89046407e-01  4.36418623e-01 -1.11633971e-01
  2.69094169e-01  1.87084645e-01 -8.07175133e-03 -2.90080696e-01
 -4.40906994e-02  5.08892298e-01 -5.14312804e-01 -3.16938162e-01
 -9.38935220e-01  2.77556270e-01 -7.69779682e-01  1.34652495e-01
 -4.69939113e-02  5.00614524e-01 -4.95018214e-01  5.21567583e-01
  2.49780580e-01 -1.12179957e-01  2.99326152e-01 -2.91592300e-01
 -9.16415155e-02 -1.37067204e-02 -7.65860900e-02  2.93723177e-02
 -2.95034975e-01  3.77431750e-01 -5.78274190e-01 -4.87826914e-01
  5.25598466e-01 -3.89122099e-01  6.91588402e-01  5.45946360e-01
  3.34485769e-01 -1.86525121e-01  4.37023252e-01 -4.37263608e-01
  3.62589866e-01 -3.91840667e-01 -7.33695477e-02 -3.78590487e-02
 -1.14041343e-01  1.91516802e-01 -2.74605025e-02 -6.74628913e-01
  1.51389450e-01 -7.36378133e-01  5.48430502e-01 -4.28707927e-01
 -1.91778824e-01 -1.97284237e-01 -2.11388275e-01  1.66222468e-01
 -2.98336208e-01  2.06852183e-01 -3.02669615e-01  2.00272545e-01
 -7.44820952e-01  7.99385607e-02 -5.30686378e-01 -2.27033384e-02
 -9.28113163e-02 -2.77631968e-01 -2.21441209e-01  6.60026446e-02
 -2.13015556e-01  4.49215442e-01  1.79988772e-01 -8.85716453e-02
 -4.20023739e-01  9.34969634e-02 -3.71179253e-01 -1.36445314e-01
  3.39112669e-01  4.44526374e-01 -2.26043329e-01  2.08769977e-01
 -3.11610177e-02  4.58298057e-01 -1.26941964e-01 -3.19482386e-02
  1.57447129e-01 -3.84958744e-01 -2.98782378e-01 -3.76474053e-01
  3.07019681e-01 -3.28237385e-01 -1.24994501e-01  7.78701305e-01
 -3.54297012e-01  2.50440724e-02  2.07493708e-01  5.39454341e-01
 -1.31976819e+00  4.87489700e-02 -1.86781194e-02 -2.79504597e-01
 -3.83040011e-01  6.31351769e-01  2.10742410e-02  6.93660304e-02
 -3.49999696e-01 -4.29790437e-01  1.09922886e+00  2.38492936e-01
 -2.42161319e-01 -3.42310816e-01  4.46882904e-01  1.89153165e-01
 -8.47587734e-03 -6.15038514e-01 -1.38385683e-01  3.68392289e-01
 -1.46176308e-01  1.83205694e-01  2.64667034e-01 -2.88714021e-01
 -1.53668270e-01  5.39402068e-01 -1.37265503e-01  5.77667236e-01
 -1.40926734e-01 -1.16187096e-01  2.01383904e-02  9.95134354e-01
  1.16013944e+00  7.90808380e-01 -2.94401437e-01 -7.95457363e-02
  4.86185580e-01  5.65614939e-01  6.66599572e-01 -1.73053473e-01
  5.65650538e-02  2.95314733e-02  4.95661139e-01  4.77846712e-01
 -2.28027090e-01  1.68163374e-01  4.91558105e-01  8.23624015e-01
  3.24497104e-01  1.71048254e-01  2.50162840e-01  3.32636833e-01
  8.66409242e-02  3.80683810e-01  8.05906057e-01  2.98864335e-01
 -3.80589038e-01 -4.38035071e-01 -3.59504759e-01  4.74650366e-03
 -1.66853279e-01 -2.00264648e-01 -2.72379935e-01 -8.04928988e-02
 -4.30613309e-01  9.21047404e-02 -1.81933418e-02 -4.22375113e-01
 -2.11610466e-01 -6.73562229e-01 -4.09595877e-01 -1.94722429e-01
  7.96057954e-02 -1.05414677e+00  4.86203194e-01  3.77001077e-01
  4.29721326e-01 -4.69914138e-01 -5.45828342e-01  1.05630510e-01
 -3.78208369e-01 -7.83784613e-02  8.31684470e-03  3.07626545e-01
 -1.92371115e-01  3.85910720e-02 -3.07302535e-01 -1.76168993e-01
 -4.49075818e-01 -6.04020879e-02 -9.06434596e-01 -4.91103590e-01
  7.82221835e-03  3.15909535e-01 -1.26313761e-01  1.42937720e-01
  1.22101225e-01  5.54507017e-01 -3.26962858e-01  4.38868476e-04
 -6.39667928e-01  4.57862318e-01  7.32912838e-01 -1.58856437e-01
  4.05183554e-01  4.88288969e-01  1.83513328e-01  3.60627532e-01
  3.29953320e-02  3.53134662e-01 -6.65375531e-01 -1.12098195e-01
  7.20381379e-01 -2.60905772e-01  2.89892644e-01  1.10164108e-02
 -4.16402549e-01  2.02763319e-01 -4.26158547e-01 -2.66568601e-01
 -2.81747222e-01  1.15441702e-01 -1.80369794e-01 -2.21825372e-02
  3.61537337e-01  6.95248842e-01 -9.21077654e-02  5.07843256e-01
  9.01524723e-02 -1.61741644e-01  6.47813737e-01  3.50983620e-01
 -5.20194769e-01  1.64731964e-01 -5.46946861e-02  3.94543171e-01
  2.97110975e-01  2.71569580e-01  6.53318584e-01  4.22279656e-01
 -1.56808183e-01  2.98361033e-01  2.89915830e-01  4.20342356e-01
 -2.56765366e-01 -5.78115106e-01 -6.52232766e-02  1.14136701e-02
 -4.72823828e-01 -2.42414594e-01  3.61390471e-01 -2.24036016e-02
  3.36996347e-01 -7.07713841e-03 -8.40031743e-01 -6.16850972e-01
 -6.44645214e-01 -4.74027880e-02 -1.57048404e-01 -2.54752557e-03
  8.25879037e-01 -8.61581787e-02 -7.35335946e-01  6.56368077e-01
  1.82123289e-01  2.81977773e-01  4.43847656e-01 -1.38205960e-01
 -7.79041499e-02  3.11078459e-01  2.43604839e-01  7.47796297e-02
  4.72121507e-01  2.63671298e-02 -2.08745092e-01 -6.66381776e-01
  4.95785475e-01 -5.16476221e-02  1.76061168e-01 -2.93902874e-01
  5.30614972e-01  1.26364399e-02 -6.59676552e-01 -6.31372333e-01
 -1.75144114e-02 -1.02907471e-01  1.85661539e-02  2.08101850e-02
 -1.21669389e-01  7.61394501e-02  3.09686750e-01  3.45534831e-01
  7.77953148e-01 -3.51694882e-01  1.71501324e-01  6.85933232e-01
  6.57720029e-01 -2.24097624e-01 -7.60074034e-02 -4.05994505e-01
 -3.62349927e-01 -3.56441528e-01  2.69671082e-01 -1.86617881e-01
 -2.47191757e-01 -4.58816171e-01 -1.06687164e+00 -5.94184995e-01
  6.88545108e-02 -6.16423905e-01  3.20113122e-01  2.79986352e-01
  1.85047612e-01 -2.90233314e-01 -1.90551654e-01 -4.88676786e-01
  3.71414334e-01 -7.00740435e-04  2.67010272e-01  7.69363791e-02
 -4.73610014e-01  1.33438811e-01 -7.45075047e-01 -4.25966293e-01
  8.52061510e-01  7.53365099e-01 -6.25388563e-01 -1.40557274e-01
  4.06823218e-01 -4.35151756e-01 -5.25170803e-01 -3.28803658e-01
 -5.74375466e-02  3.08558363e-02 -5.77387623e-02 -2.68395454e-01
  2.90498078e-01  1.61290944e-01  2.09991693e-01 -4.57261577e-02
  4.51499283e-01  3.84204865e-01  5.71915090e-01  1.08089730e-01
 -1.36249527e-01  6.70223534e-02 -5.86427093e-01  4.91193891e-01
  2.61366427e-01  4.04793292e-01 -3.85958046e-01  2.09836721e-01
  8.78538132e-01 -5.35625100e-01  4.17565823e-01  5.21707237e-01
  4.87250298e-01  5.05094051e-01 -5.26231825e-01 -1.25313699e-02
 -8.84643614e-01  6.86695278e-02  4.64947000e-02  1.76208001e-02
  4.84792501e-01  6.37591779e-02 -3.19555372e-01 -5.45577586e-01
 -5.25549293e-01  3.50794435e-01  4.24982637e-01  4.17923957e-01
 -8.77870917e-02 -2.20574439e-02  5.46147406e-01  3.95370513e-01
  8.96842107e-02 -4.36755598e-01  1.70456529e-01  2.64189959e-01
  7.81404018e-01 -1.99582472e-01  5.43830276e-01 -7.51701176e-01
 -1.19076812e+00  2.65535891e-01  8.68844390e-02  2.74184700e-02
  3.62259537e-01 -4.81481344e-01  7.94841275e-02  1.42918900e-01
  3.31556380e-01  1.80438329e-02 -4.92835850e-01 -8.23775291e-01
 -7.86128268e-02  9.57009718e-02 -5.68129182e-01  3.64212617e-02
  1.51638845e-02  9.13373888e-01  4.65123206e-01 -1.34123981e-01
 -2.41982758e-01  1.04913783e+00  1.45522848e-01  1.20935209e-01
 -1.44281223e-01 -4.21544015e-02  1.29934892e-01  2.26772994e-01
  1.31560490e-01 -4.52049792e-01 -3.33946019e-01  2.57350594e-01
 -5.29917538e-01  6.13833815e-02 -2.56033361e-01  1.77683309e-02
  1.50968522e-01 -1.13515425e-02 -2.67582446e-01 -3.72143298e-01
 -1.48681670e-01 -1.72459960e-01 -7.15766549e-01  2.66040862e-01
  1.26407612e-02 -2.04727594e-02 -3.71579856e-01 -1.51869971e-02
 -5.96589684e-01 -3.34111661e-01  7.51203392e-03  5.59155583e-01
 -7.13556886e-01 -6.28375888e-01  5.80643237e-01 -2.13782012e-01
 -2.62025416e-01 -7.18983829e-01  1.42495885e-01  8.16798732e-02
  5.32587826e-01 -2.10769907e-01  2.72367030e-01 -3.99312615e-01
 -1.50620993e-02  1.06755324e-01 -1.09015815e-01  5.56852460e-01
 -1.01873598e+01  1.71142861e-01 -4.46446866e-01 -1.13863909e+00
 -6.65484443e-02  1.58886164e-01  4.51073676e-01  3.38424951e-01
 -2.20477492e-01 -8.47415477e-02 -6.01294562e-02  4.05085295e-01
  3.03303510e-01  3.22946548e-01 -9.58641350e-01 -1.25276193e-01
 -3.60988945e-01 -2.08340108e-01  6.64683804e-02 -6.70790434e-01
 -2.60911703e-01 -4.50433105e-01  6.06779873e-01  6.37122393e-01
  3.50347795e-02 -3.59295547e-01 -4.89420116e-01  2.31084332e-01
  8.90985597e-03  2.50889063e-01 -6.30751550e-01  6.52456522e-01
  1.43231973e-01  4.51670110e-01  8.66411403e-02 -9.74258259e-02
 -2.71300703e-01  6.25793517e-01 -3.70002449e-01  3.42485100e-01
  2.64654845e-01  3.65608931e-01 -3.20258260e-01 -7.97861964e-02
  6.59766570e-02  7.07174838e-02  5.85534215e-01  2.20264763e-01
  6.85213625e-01  7.00863302e-02 -1.76350757e-01  2.85056561e-01
 -2.57746279e-01  5.63963056e-02 -2.89305858e-03  7.37100244e-02
  8.30139816e-01 -1.71529815e-01 -2.74008870e-01  1.09150246e-01
  4.21118468e-01 -5.83479963e-02  4.83291119e-01  7.38198519e-01
  2.02137336e-01  6.53232485e-02  4.99131083e-01  5.63167334e-01
 -6.76371276e-01 -1.97998613e-01  2.10409850e-01  2.61923164e-01
 -8.63594115e-02  3.74580890e-01 -3.16290021e-01  5.31469226e-01
  4.36622053e-02 -1.05829358e-01 -7.81411827e-02  2.98099250e-01
  8.34752738e-01 -4.99027908e-01  1.11067981e-01  3.54934752e-01
 -1.29341447e+00  3.75192873e-02 -7.84960836e-02  2.69360363e-01
  2.12021247e-01 -7.35856891e-01  4.59265083e-01 -5.31073213e-01
 -6.01497471e-01  3.06140661e-01  4.00391579e-01 -3.96174520e-01
 -1.14305161e-01  1.39166832e-01  3.90625387e-01 -2.02238992e-01]"
ル,"[ 3.26731980e-01  5.04282534e-01  3.89179349e-01 -6.44690990e-01
  2.49296710e-01  3.91729325e-01  4.88504976e-01  3.53201479e-02
 -2.95425534e-01 -2.60005653e-01  4.70541805e-01 -4.22743052e-01
 -4.30875629e-01  1.58937618e-01  3.83313179e-01 -1.55522630e-01
  6.77125931e-01 -7.02978345e-03 -3.24126095e-01 -3.54961693e-01
 -2.78582033e-02 -4.65597063e-01 -2.77583808e-01  5.84897041e-01
  1.18650407e-01 -6.84032440e-02 -2.16254413e-01  2.65272781e-02
 -2.16688067e-01 -4.53442544e-01 -5.38806081e-01 -4.36871827e-01
 -2.40657032e-01 -6.48179501e-02  2.76409239e-01  5.43523505e-02
 -4.16244775e-01 -1.36538610e-01 -1.51278049e-01 -1.80158168e-01
  6.98311999e-03 -1.98959589e-01 -3.20480049e-01  2.30019782e-02
 -4.74046826e-01  6.39370739e-01 -7.36668287e-03  4.13685113e-01
  4.35360938e-01 -4.21324015e-01 -3.09435934e-01  2.89673388e-01
  3.11005741e-01  3.82635742e-02  4.44521338e-01  2.00360104e-01
  6.65897667e-01 -4.73690152e-01 -2.46517584e-01  2.81183064e-01
 -5.47289431e-01 -2.53186245e-02  5.46053588e-01  3.49573404e-01
  4.61798608e-02 -2.74075150e-01 -2.95972794e-01  2.03966543e-01
 -4.29575682e-01 -1.77129269e-01 -2.26788148e-02  1.84225187e-01
 -1.28756925e-01  1.75223455e-01  1.07239306e+00 -7.10352510e-02
  3.61193985e-01 -1.05660848e-01  2.93012232e-01 -4.51143116e-01
 -1.16987072e-01  2.36134738e-01 -1.73182756e-01 -7.00093269e-01
  2.41694450e-01  4.53051686e-01 -1.84717372e-01 -9.32751536e-01
  1.68312564e-01 -2.97227770e-01  1.01908028e-01  1.78527460e-01
  3.18895251e-01 -1.51043445e-01  2.09509894e-01 -5.62417090e-01
  7.18266591e-02  1.15675360e-01 -1.97896408e-03  1.87925398e-01
  1.07605658e-01  3.65924351e-02  7.73095712e-02 -2.18037307e-01
 -3.06402057e-01 -4.19833474e-02 -5.43883815e-02  9.71352980e-02
 -1.50516331e-01  2.13559851e-01 -1.77606031e-01 -5.53326070e-01
 -3.11462015e-01  1.91556349e-01 -1.11410566e-01  3.97476219e-02
  1.84190124e-01  5.03532946e-01 -3.44909765e-02  6.82116389e-01
  1.47258312e-01  3.25034231e-01  9.81586426e-02 -3.29672366e-01
  7.27170557e-02 -6.20832108e-02  1.22826189e-01  1.79835707e-01
 -2.77418017e-01 -7.47166798e-02 -3.98416430e-01  2.52069324e-01
 -2.92137146e-01 -3.76550853e-01 -6.78034067e-01  6.24375165e-01
 -1.83859810e-01 -1.40309468e-01 -6.80529773e-01  7.87205936e-04
 -3.26239914e-01  4.35296535e-01  2.22362638e-01 -3.20366889e-01
  3.12910974e-01 -3.46749127e-02 -3.26274604e-01 -4.34896141e-01
  1.46123156e-01  3.25375021e-01 -1.08778857e-01  1.30504179e+00
 -8.49389851e-01 -3.52116898e-02 -6.78188950e-02  2.58787692e-01
 -2.11090147e-01 -1.31479591e-01  2.12694481e-01  4.04540539e-01
  4.58943844e-01 -4.96835500e-01  4.67124373e-01  7.62880802e-01
  1.03759758e-01  5.10176539e-01  4.03096735e-01  2.91370243e-01
  3.24705869e-01  1.11068213e+00  4.40338820e-01  3.14902782e-01
 -1.74683452e-01 -4.14885819e-01  2.98893899e-01  3.91862303e-01
  2.47819304e-01  7.48790354e-02  3.69910508e-01 -6.06402218e-01
 -1.21668041e-01  2.07931712e-01 -2.40776300e-01 -2.15098426e-01
 -1.99975483e-02 -2.36678198e-01 -2.01144293e-01 -4.58506823e-01
 -4.12447035e-01 -3.69753391e-02  1.03545308e-01 -2.10558653e-01
  2.10895911e-01 -5.58884382e-01 -1.53098851e-01 -9.27405804e-03
 -3.15667450e-01  1.64822564e-02 -4.31600749e-01  1.98772684e-01
 -1.61918640e-01 -6.56105531e-03  1.62639886e-01 -6.17322028e-01
 -7.65494883e-01 -1.58118457e-02  4.28459227e-01  5.02427697e-01
  3.07586730e-01  4.95009542e-01 -3.03695500e-01 -5.41406171e-03
  4.75791730e-02  1.15872234e-01  1.02787532e-01  3.56453329e-01
 -7.48949885e-01 -4.54489857e-01  6.12788349e-02 -3.92130822e-01
  7.04927385e-01  2.11727977e-01  4.78976309e-01  7.47089386e-02
 -3.11096638e-01  8.81793275e-02 -7.90814012e-02 -4.82506961e-01
  3.20451148e-02  1.15174808e-01 -2.79118031e-01 -1.34067371e-01
 -1.16651750e+00 -3.76560003e-01 -4.25942421e-01  1.87160313e-01
  1.21384233e-01  6.42677188e-01 -1.29195079e-01  5.15407741e-01
  2.10941702e-01 -3.01067352e-01  3.36712182e-01 -7.37029463e-02
 -2.21858900e-02  5.71483336e-02  1.76641405e-01 -3.18243876e-02
 -8.35957155e-02 -4.69673099e-03 -4.82933223e-01 -2.98676103e-01
  1.20417759e-01 -9.69076529e-02  4.43001330e-01  4.86051500e-01
 -4.61407052e-03 -1.71165824e-01  1.25350384e-02 -3.14975202e-01
 -4.68966335e-01 -5.81907511e-01  2.40920403e-04  1.06020242e-01
  6.16700090e-02  1.22737974e-01  2.09246859e-01 -7.46785343e-01
 -3.34490001e-01 -5.02078831e-01  2.29773536e-01 -1.82843193e-01
 -1.58152208e-01 -1.38256559e-02 -6.24823213e-01  3.94642390e-02
  3.44801806e-02  2.15177715e-01 -5.91843367e-01  3.02089006e-01
 -3.63323808e-01  1.19116858e-01 -4.95065391e-01  1.32317036e-01
 -6.89977929e-02 -3.02150905e-01 -4.40863311e-01 -1.59070492e-01
 -4.24963385e-01  2.70467341e-01  2.07506604e-02 -6.47590101e-01
  1.80557817e-01  3.03932071e-01 -2.25398645e-01  1.78431511e-01
 -5.68857836e-03  8.43304694e-02 -2.87452161e-01  1.65928215e-01
  2.62398094e-01  2.79276460e-01  2.43692741e-01 -1.09226018e-01
 -2.07837790e-01 -3.58530879e-01 -1.48477241e-01 -1.49576619e-01
  5.84490478e-01 -9.98776495e-01 -2.21470594e-01  1.24797356e+00
 -7.75828183e-01  6.65553957e-02  4.56156814e-03  8.13340425e-01
 -1.76107228e+00 -1.87327757e-01  2.81074680e-02 -9.07032415e-02
 -3.17724645e-01  1.00657308e+00  1.29056275e-01  1.61709815e-01
 -1.40919134e-01 -2.12608725e-01  5.71361005e-01  3.17417651e-01
 -4.54732984e-01 -3.35984677e-01 -2.14182632e-03 -8.30781087e-02
  3.13399404e-01 -8.41548622e-01  2.69359827e-01  4.74840879e-01
 -1.11340635e-01 -5.63197769e-02  1.99777588e-01 -3.22866291e-01
 -7.41044134e-02  1.75583228e-01  1.07726507e-01  2.82374442e-01
 -4.98763025e-01 -1.88886821e-01  4.28303659e-01  8.30787838e-01
  7.46820629e-01  7.61715949e-01 -2.23476112e-01  5.43698855e-02
  6.19472980e-01  3.15236866e-01  6.47981584e-01 -3.52014393e-01
  5.84369642e-04 -2.89363146e-01  5.85779607e-01  8.54745060e-02
 -1.18804038e-01  4.10134226e-01  5.22956550e-01  2.93756753e-01
 -1.00960694e-01  7.68756494e-02  9.07449305e-01  3.31106216e-01
  2.55146861e-01  2.69178182e-01  1.54338881e-01  2.70305485e-01
  1.07563093e-01 -3.36244673e-01  1.27017170e-01 -3.42480123e-01
 -2.44117584e-02 -1.97265327e-01 -2.00936809e-01 -2.87086606e-01
 -6.07854664e-01 -7.19562694e-02  8.95940661e-02 -7.98127890e-01
 -1.07164662e-02 -4.85267282e-01 -6.45511150e-01 -2.48662785e-01
 -1.73156336e-01 -7.42214918e-01  1.06880695e-01  7.67558157e-01
  3.43075633e-01 -4.88770276e-01 -2.02839851e-01  1.15026280e-01
 -2.65461206e-01 -7.78926164e-02 -1.30000859e-01  1.26661062e-01
 -2.74705529e-01  2.50622928e-01 -4.73668635e-01 -4.54752117e-01
 -6.35390699e-01 -2.73943633e-01 -7.01945782e-01 -4.65927497e-02
  1.59214623e-02  5.70800126e-01 -1.23602904e-01 -1.02641933e-01
 -1.21359482e-01 -3.89390618e-01 -2.69768000e-01 -3.76918197e-01
 -5.60970843e-01  7.75345340e-02  4.28967416e-01  5.75431287e-01
  4.96806800e-01  5.13799250e-01  1.43753052e-01  2.25522980e-01
 -2.15361506e-01  1.00604624e-01 -2.55102217e-01 -5.03013253e-01
  5.30081213e-01 -4.44314815e-02  3.15746456e-01  1.19612217e-01
 -1.53319463e-01  6.16995990e-01  1.20029688e-01 -4.37794000e-01
  1.47731798e-02  5.54076314e-01 -2.37557337e-01  3.86717319e-01
  7.38726258e-02  9.26848650e-01  7.52368420e-02  4.00617838e-01
  7.21965283e-02 -3.29750955e-01  2.45472670e-01 -9.69294235e-02
 -3.82626534e-01 -9.27560925e-02 -9.97589827e-02  5.40426075e-01
  5.49117684e-01 -3.90110910e-02  2.24794716e-01  4.48674202e-01
 -3.62216264e-01  1.87327340e-02  1.12216182e-01  1.53111413e-01
 -3.65989864e-01 -4.39011931e-01 -2.14492276e-01  1.19626202e-01
 -8.90956163e-01 -2.09301546e-01  2.32225031e-01 -4.00293479e-03
  9.86885354e-02  8.67124181e-03 -4.35936451e-01 -3.38632613e-01
 -8.25143337e-01  9.96816084e-02  1.34079263e-01  4.72513020e-01
  3.63602966e-01 -5.16992986e-01 -7.28855729e-01  5.99242210e-01
 -3.29913199e-01  4.72833067e-01 -7.62687996e-02 -3.50804329e-01
 -6.30442798e-01  7.65364528e-01  2.29078755e-02  1.17864847e-01
  3.79287809e-01  3.15160036e-01 -1.22710854e-01 -4.62264746e-01
 -1.61994949e-01 -2.01996639e-01  1.03732049e-01 -1.36164680e-01
  4.49477643e-01  2.58580923e-01 -7.05640733e-01 -7.67430842e-01
 -2.51359105e-01 -2.87411898e-01  4.96895015e-01 -5.69702923e-01
  3.39332640e-01 -3.40686440e-01  3.86174977e-01  2.85663277e-01
  5.92697859e-01 -1.45018309e-01  2.67183512e-01  6.66715324e-01
  7.24128783e-01 -1.69776753e-01 -5.23705743e-02 -1.09975494e-01
 -1.14843168e-03 -1.35756448e-01  6.04691923e-01 -7.98500702e-02
 -8.44370946e-03 -1.23809107e-01 -8.37506652e-01  1.67759806e-01
 -8.95283818e-02 -8.03762794e-01  7.50009000e-01  4.31007385e-01
  4.56083044e-02 -3.19111586e-01 -9.79274064e-02 -8.49491179e-01
  2.52288491e-01  2.02894151e-01  8.11270252e-02  4.39445451e-02
 -6.02434278e-01  2.18413293e-01 -1.97679326e-01 -5.51453829e-01
  3.23571771e-01  3.73921216e-01 -4.45165157e-01 -1.25371009e-01
  2.83009410e-01  3.40264052e-01 -2.05664054e-01 -8.01890865e-02
 -3.71901929e-01 -5.33611663e-02  5.24002194e-01  1.52753934e-01
  4.56986696e-01  7.08453894e-01  3.94307859e-02 -6.13542423e-02
  3.60617101e-01  4.17036146e-01  1.63205743e-01 -1.81056976e-01
  1.01268351e-01 -1.80243641e-01 -6.11877024e-01  1.87917858e-01
  2.43623063e-01  2.82931179e-01 -3.07197813e-02  2.52350539e-01
  7.46279597e-01 -4.73818064e-01  3.79580744e-02  4.38026428e-01
  2.01602429e-01  8.64109397e-01 -3.40107918e-01  6.31332844e-02
 -5.16186953e-01  1.04140639e-01  4.28745635e-02 -1.05449751e-01
  1.41892672e-01 -3.21596153e-02 -3.34140986e-01 -5.86612940e-01
 -3.87395136e-02  4.33665723e-01  1.06825523e-01  8.30003500e-01
  3.17549199e-01 -3.69650096e-01  6.41142607e-01  1.25122562e-01
 -2.38680214e-01 -1.70319840e-01 -1.42622992e-01  1.36037037e-01
  5.61989307e-01  2.19284013e-01  6.94448113e-01 -5.88265836e-01
 -1.00262153e+00  6.99255476e-03 -2.11623237e-01 -1.05338179e-01
  3.48731101e-01 -7.12588489e-01 -1.82200864e-01  3.16459328e-01
 -2.10497499e-01 -2.97002673e-01 -6.77070469e-02 -8.75630915e-01
  1.94796592e-01  2.42244899e-01 -4.07337844e-01 -2.27887943e-01
 -1.37156278e-01  3.72903258e-01 -2.37816684e-02 -2.34828755e-01
  5.00561148e-02  7.95535326e-01 -1.88681930e-01 -4.64284658e-01
  1.19184077e-01  1.42799675e-01  1.30125031e-01  1.00260429e-01
  5.97211942e-02 -6.83070719e-01 -7.00760335e-02 -1.74153373e-01
 -3.72475475e-01 -2.52495259e-02  2.46388674e-01  1.75175875e-01
  2.67403245e-01 -2.06541583e-01 -3.54124516e-01 -2.58650392e-01
 -1.41538203e-01  1.05711669e-01 -5.51557899e-01 -8.18513483e-02
 -1.27420858e-01  6.78899288e-02 -1.41771371e-02  4.27816957e-02
 -6.44277856e-02 -1.67994857e-01 -6.30561054e-01  1.86222821e-01
 -9.47966337e-01 -2.20795214e-01  4.35502350e-01  4.18233089e-02
 -1.43624380e-01 -9.44079041e-01  3.09557438e-01  7.53363743e-02
  4.85951990e-01 -5.91470525e-02  3.89547348e-01 -1.72202796e-01
  4.49586958e-01  2.30775788e-01 -4.45411086e-01  3.09958100e-01
 -1.02713470e+01 -2.25437328e-01 -6.12452269e-01 -3.55642647e-01
  2.08431840e-01  1.76503211e-01  7.55967200e-01  9.92186889e-02
 -4.08505827e-01  5.34823798e-02  3.39387983e-01  7.45455146e-01
  5.64127982e-01  7.99053967e-01 -8.18601966e-01 -2.13489965e-01
 -3.58358473e-01 -2.59496242e-01 -3.55873592e-02 -2.03153551e-01
  2.09404945e-01 -4.16488856e-01  7.31255949e-01  6.76677287e-01
 -4.95485336e-01 -2.23701343e-01 -4.97884452e-01  3.29694927e-01
  5.86513728e-02  7.14083314e-01 -4.45494801e-01  6.51287377e-01
  1.33997332e-02  4.29356217e-01 -8.11167434e-02 -9.07572806e-02
 -1.36388451e-01  5.62977493e-01 -3.57127666e-01  6.43925667e-01
  1.60020962e-01  7.59001911e-01 -2.79123455e-01 -3.06198537e-01
  8.05494040e-02  4.45749491e-01  5.08605242e-01  4.72374022e-01
  6.94038093e-01  2.74019003e-01  1.00266553e-01 -1.79366201e-01
 -2.12832317e-01  7.30151162e-02  1.17137298e-01  1.13979690e-01
  9.57579255e-01  2.90617011e-02  2.05064937e-01  3.39548945e-01
  6.47335231e-01 -3.66952807e-01  3.31816733e-01  7.13600338e-01
 -1.39136806e-01  3.32276076e-02  2.18623295e-01  4.46426362e-01
 -3.21142465e-01 -1.14004754e-01  1.89930186e-01  5.19982874e-01
 -2.16761842e-01  2.22857893e-01 -6.12332702e-01  2.95493633e-01
  2.84136031e-02 -1.34325758e-01  5.20612411e-02  6.00141943e-01
  4.46128637e-01 -2.19194472e-01 -2.63187647e-01  2.70068914e-01
 -6.66370273e-01 -1.92106128e-01 -1.09655857e-01  1.40185669e-01
  4.27181572e-01 -6.18910193e-01  3.42524678e-01  1.05557755e-01
 -4.60060924e-01  1.79553807e-01  6.91560030e-01 -3.03360015e-01
  1.34927630e-01  1.07174411e-01  1.36668816e-01  2.11488659e-04]"
