Mora,Embedding
イ,"[ 2.50548184e-01  4.48937267e-01  1.49297416e-01 -5.58641434e-01
 -1.36049360e-03  9.18458104e-02  3.72122318e-01 -2.34025866e-02
  8.32772255e-02 -4.97295290e-01  9.22433853e-01  7.10767582e-02
 -3.67893755e-01 -5.82557209e-02  4.59260195e-01  4.77102995e-02
  3.02615255e-01 -9.85034108e-02 -3.38973910e-01 -3.08446378e-01
 -4.29474026e-01 -4.62878853e-01  3.21236649e-03  1.25402525e-01
  4.18089509e-01 -4.00412738e-01 -9.11752507e-02  2.27680996e-01
 -1.43591851e-01 -1.56664610e-01 -3.75716507e-01 -3.74419689e-01
 -1.87974006e-01 -2.18470380e-01 -2.78684914e-01  8.27848911e-01
  1.41053796e-01 -2.76184261e-01  4.95626181e-02 -3.05525046e-02
 -2.75077790e-01 -1.03702962e-01  1.34631038e-01 -2.77510285e-01
 -3.40850383e-01  5.33725679e-01  8.50845575e-02  2.99998224e-01
  3.01730722e-01 -2.98516285e-02 -4.11128640e-01  4.12371367e-01
  2.30536029e-01 -5.54429591e-02 -2.61237088e-04 -1.30602717e-01
 -1.06849350e-01 -1.77051768e-01  1.52675107e-01 -1.06077278e-02
 -8.04195479e-02 -2.17927918e-01  1.38151884e-01 -6.45262748e-02
 -4.89816844e-01 -2.55414426e-01  1.58404615e-02  8.91135074e-03
 -1.77109227e-01 -5.93673766e-01 -3.99504185e-01  2.75213420e-01
  1.36441067e-01 -4.09847617e-01  4.42099303e-01 -3.25954139e-01
  3.14410836e-01 -1.61171347e-01 -1.37885913e-01 -1.05943531e-01
 -2.27227271e-01  4.18201625e-01 -1.32867172e-01 -6.18982315e-01
  1.17178842e-01  5.95237687e-03  1.06585197e-01 -4.83482927e-01
  3.78091365e-01 -5.38670719e-01 -3.54409844e-01  2.72403359e-01
  5.72565138e-01  3.44812155e-01 -2.85803229e-01  7.02245161e-02
  1.58337325e-01 -2.32174933e-01 -2.50325263e-01 -1.26444459e-01
  5.01085997e-01 -3.91440392e-01  1.21531844e-01 -1.62783220e-01
 -1.63571373e-01  1.28945395e-01 -4.89772826e-01  5.72921038e-01
 -3.15574333e-02 -1.19167745e-01 -2.01856926e-01 -2.57736564e-01
 -3.56377959e-01  4.04012829e-01 -2.66229004e-01 -1.14951387e-01
 -1.68238834e-01  3.99795383e-01 -2.98424929e-01  1.94822043e-01
  2.34678298e-01  2.92861432e-01  6.76141456e-02  1.55305445e-01
 -9.61431861e-02  5.45691550e-01 -2.27928966e-01 -5.58218956e-02
  6.11917041e-02 -2.34988824e-01  2.70687819e-01  7.24034384e-02
 -3.39391261e-01 -1.39200687e-01 -5.78420401e-01  2.52620310e-01
 -1.55659407e-01  5.99726513e-02 -8.23525488e-02 -5.83877563e-01
  4.79102395e-02 -2.66819984e-01  2.30884418e-01  1.89756200e-01
  4.72326167e-02  3.04461829e-02  4.09246147e-01 -2.07717076e-01
  4.46753055e-01  1.35313988e-01 -5.19040711e-02  7.83359170e-01
 -3.72239619e-01 -2.98980087e-01 -2.79809713e-01  4.24865223e-02
 -3.43452454e-01  4.00078408e-02  6.53272718e-02  4.72722799e-01
  2.74603307e-01 -6.96615577e-01  7.82220960e-02  4.43041563e-01
  2.62496650e-01  7.81520724e-01  1.20959178e-01 -9.58712175e-02
 -2.41772830e-02  5.50421357e-01  2.61897832e-01  4.25607026e-01
  1.25510529e-01 -5.66315174e-01  2.34457389e-01  5.65372288e-01
  1.36234045e-01  1.51190206e-01  2.92226672e-01 -4.61350918e-01
  1.08596943e-01 -4.49336797e-01 -2.26929694e-01 -4.77954000e-01
  5.77559650e-01 -1.59313872e-01 -1.40749946e-01  4.92161028e-02
  4.04408202e-02  6.45688677e-04 -5.78388631e-01  3.01188584e-02
  5.47215581e-01 -4.30748194e-01 -4.94826287e-02 -1.22020781e-01
 -5.79941235e-02 -3.47213954e-01 -1.85375482e-01  5.23390710e-01
 -8.71587992e-02  2.89862871e-01 -2.70354658e-01 -2.00902432e-01
 -1.12464201e+00 -2.22978801e-01  2.93578357e-01  4.99000549e-01
  2.64169604e-01  1.19105786e-01 -4.83888686e-01  2.27860138e-01
  4.43124741e-01  4.85236853e-01  2.13789027e-02  5.02767190e-02
 -2.78068930e-01  1.79585114e-01  3.59902501e-01 -5.64133942e-01
  4.23757136e-02 -1.10955477e-01  7.74233863e-02  3.42142850e-01
 -2.29771048e-01 -1.03759691e-01 -2.96202395e-02  6.09361641e-02
 -1.47232220e-01  7.78218448e-01  2.73346543e-01 -9.64207575e-02
 -5.74971795e-01 -4.45089012e-01 -9.19788301e-01  2.41214693e-01
 -1.61082417e-01  2.24556953e-01  3.09266180e-01  2.97025204e-01
  2.58245766e-01 -2.68003106e-01 -1.42835811e-01 -2.70083547e-01
 -2.40813389e-01  3.36348623e-01  1.93774030e-01 -1.58180520e-01
 -5.90977848e-01  3.31599921e-01 -5.10832071e-01 -2.68380016e-01
  6.35851324e-01 -1.43599451e-01  5.74423790e-01  1.40938282e-01
  4.89772707e-01 -8.53540748e-02 -1.87461779e-01 -9.55950767e-02
  4.36156765e-02 -4.13839400e-01 -1.06972173e-01 -2.34485179e-01
  1.09996134e-02  1.04650222e-01  5.84264323e-02 -6.36326253e-01
 -7.37071559e-02 -3.16342860e-01  1.02464452e-01 -5.68891943e-01
 -7.04476461e-02  2.30291873e-01 -3.56901407e-01  2.50668466e-01
 -1.04109794e-01  3.35607588e-01 -2.99138874e-01 -8.98166895e-02
 -1.03467691e+00  4.62022066e-01 -7.32673287e-01  3.54275584e-01
  1.19880915e-01 -1.02041975e-01 -6.54364452e-02 -1.25603393e-01
 -1.99910551e-01  5.11823535e-01  1.64882660e-01 -2.88099885e-01
 -5.12577772e-01 -3.31790335e-02 -1.48431510e-01  8.92459005e-02
  1.57078892e-01 -2.20352858e-01  7.79311778e-03  1.18221991e-01
  5.48335910e-01  1.16938703e-01  1.51461095e-01 -1.68676421e-01
 -3.16606641e-01 -8.21139872e-01 -1.74249917e-01  1.65940970e-01
  6.09729469e-01 -3.89872491e-01 -1.51548386e-01  1.06592011e+00
 -1.71224177e-01 -2.75369376e-01  2.07378134e-01  4.92522776e-01
 -1.40063012e+00  1.89765319e-01  5.88225245e-01  8.27125367e-03
  5.32373041e-02  3.26102495e-01  3.05587888e-01  3.56416821e-01
 -5.22400737e-01 -3.92370522e-02  3.14461082e-01  3.73597950e-01
 -3.61708365e-03 -3.67071837e-01  3.96332085e-01 -7.00402111e-02
  7.45707527e-02 -6.12056315e-01 -3.19102615e-01  4.11913991e-01
 -8.74440968e-02  8.74632224e-02 -1.70665272e-02 -3.10056239e-01
  6.94663972e-02 -2.88684756e-01  2.69203126e-01 -3.25777143e-01
 -2.06082761e-01 -2.72670299e-01  2.63510078e-01  4.49198842e-01
  6.61635160e-01  5.16491294e-01  3.55158955e-01  2.68697768e-01
  4.47348505e-01  3.80298793e-01  4.60312426e-01  3.10991406e-01
 -1.06315635e-01  1.95352584e-02  5.47567546e-01  3.21961701e-01
  2.60394633e-01 -2.76618730e-02 -2.40978584e-01  6.40438259e-01
 -3.42877991e-02  4.84192222e-01  4.39171344e-01  6.22052073e-01
  3.92522663e-01  2.46110246e-01  4.16232944e-01 -1.99239522e-01
 -1.42119557e-01 -3.44763428e-01  2.17241168e-01 -2.86960572e-01
 -1.59542978e-01 -1.53736860e-01  2.50040978e-01 -1.45809427e-01
 -5.12594461e-01  1.40727222e-01 -4.43835914e-01 -1.36881182e-02
  1.92942649e-01 -2.21435457e-01 -5.87340951e-01 -4.13562387e-01
 -4.07140642e-01 -5.99370241e-01  4.87648457e-01  2.24278212e-01
  1.67591110e-01 -5.40347576e-01  1.19901717e-01  1.17969602e-01
  1.69764191e-01 -1.75971016e-01  1.14829168e-02 -1.52550280e-01
  2.82090437e-02 -1.22996107e-01  9.48477630e-03 -6.52793765e-01
 -4.27664936e-01 -5.18693566e-01 -8.45184565e-01 -1.18298441e-01
  1.16165116e-01  3.92276138e-01 -3.25253829e-02  1.95514411e-01
  1.77094415e-01  2.15909585e-01 -2.99488634e-01 -1.85980365e-01
 -8.11992049e-01 -1.56768765e-02  2.14666843e-01  2.32266650e-01
  2.32969046e-01  1.96242005e-01  1.09963231e-01 -4.82075438e-02
 -2.86134541e-01 -1.21539105e-02 -2.40013272e-01 -2.71101832e-01
  9.78989422e-01 -2.60523081e-01  4.55204725e-01 -1.96337432e-01
  1.22119568e-01  3.16756964e-01 -1.55484170e-01 -1.12817459e-01
 -9.07303840e-02  4.70662534e-01 -1.36885494e-01 -1.00792803e-01
  5.52294701e-02  4.65402246e-01 -3.23762983e-01  1.65308639e-01
 -6.53367415e-02  1.07103758e-01  2.05337912e-01 -7.62300417e-02
 -1.51009575e-01 -2.40501344e-01  1.47733510e-01  2.34147370e-01
  2.86229432e-01  2.51718760e-01  2.90646464e-01  6.03635311e-01
  4.65304367e-02  2.98180014e-01  2.58697182e-01  7.23807216e-01
 -2.89932221e-01 -2.15029269e-01 -4.93934572e-01 -8.92949179e-02
 -4.69449073e-01 -1.57416940e-01  5.62630594e-01 -2.20334351e-01
  2.11852729e-01 -1.33978590e-01 -6.52937293e-01 -6.51318654e-02
  5.19523630e-03  6.90673441e-02  7.03841001e-02  3.64892095e-01
  4.39906210e-01 -1.26997204e-02 -6.32700920e-01  5.94457984e-01
 -3.08315009e-01  5.14515579e-01  3.45945537e-01 -5.75061738e-01
 -2.74261087e-01 -7.64722601e-02  7.89083093e-02  5.09687886e-02
  2.43710428e-01  5.64227998e-01 -3.49140644e-01 -1.05415034e+00
 -1.87589705e-01  2.53937304e-01 -1.90228805e-01 -4.17483807e-01
  2.18119115e-01  1.22731857e-01 -9.40392911e-01 -6.61184728e-01
 -3.90708268e-01 -2.36801296e-01 -7.50048086e-02 -9.41760957e-01
  2.10737124e-01  9.18762311e-02 -6.85869977e-02  4.35755491e-01
  6.55624503e-03  5.23173697e-02  2.63327897e-01  4.12435800e-01
  3.27125221e-01 -5.27841270e-01 -8.82996395e-02  1.80286646e-01
 -1.07608419e-02  7.57314712e-02  4.33559537e-01  2.23505148e-03
  1.34608984e-01 -3.60789821e-02 -6.57026768e-01 -1.32698357e-01
 -3.95163506e-01 -8.62202346e-01  3.90648544e-01 -4.85257804e-02
  2.44066179e-01 -4.38990742e-01  3.58604819e-01 -2.36322448e-01
  4.19668891e-02  1.43683150e-01  1.25273690e-02  7.06452206e-02
 -6.10257745e-01  3.14744920e-01 -4.90727723e-01 -4.11903232e-01
  8.03740144e-01  6.32723987e-01 -2.77031273e-01  2.62137149e-02
  3.44409823e-01  4.50162590e-02 -3.13975930e-01  4.23781313e-02
 -2.82185283e-02 -5.54161631e-02 -1.43077955e-01  2.06894383e-01
  3.07502449e-01  2.10439786e-02 -2.29835853e-01 -2.39742830e-01
  5.74667513e-01  4.28124398e-01  2.77385592e-01 -1.01543844e-01
 -8.49071965e-02 -2.14944541e-01 -3.83535475e-01  1.77746221e-01
  1.37170434e-01  6.50477767e-01 -1.97822720e-01  9.01136279e-01
 -1.24171965e-01 -3.45695406e-01  2.91801929e-01  6.94676459e-01
 -1.00216694e-01  2.65137017e-01  1.18587442e-01  1.11891091e-01
 -8.89651358e-01  1.92576736e-01 -2.56352037e-01  2.20070198e-01
  1.24248847e-01  4.35625374e-01  4.67876673e-01 -6.21459007e-01
 -2.60323167e-01 -1.67298496e-01  1.88351333e-01  6.08341210e-02
  5.43614805e-01 -2.58542933e-02  9.34903026e-02  2.46212676e-01
 -1.92727745e-01 -2.98794582e-02  1.24369562e-01  7.80878812e-02
  8.33908319e-01  2.22439915e-01  8.71190205e-02 -2.11816251e-01
 -8.10535669e-01  3.45863700e-01 -6.89836740e-02  1.86973158e-02
  4.62515622e-01 -2.82231331e-01  1.24969304e-01  3.07149708e-01
  6.09694600e-01  1.46806642e-01 -2.99306214e-01 -7.93890119e-01
  1.00233920e-01 -2.04421189e-02 -9.92076397e-02  2.56079793e-01
 -4.15349118e-02  3.64851028e-01  2.03915536e-01 -1.63459256e-01
  3.52919996e-02  5.44714212e-01 -1.73364803e-01  3.65872378e-03
  3.04246575e-01  1.87192932e-01 -4.30703133e-01  9.28122667e-04
 -2.07629338e-01 -4.05075431e-01 -4.26637322e-01 -2.03930631e-01
 -2.27074519e-01 -5.35288043e-02 -1.84056550e-01 -7.97881931e-02
  2.25498512e-01  1.30450606e-01 -1.00639246e-01 -3.92300665e-01
 -3.50677848e-01  5.15872836e-01 -7.76475906e-01 -1.35777131e-01
 -1.23755664e-01  7.65950009e-02 -1.07487820e-01 -1.10861044e-02
 -3.66661578e-01 -1.66465893e-01 -1.05065398e-01  1.48900092e-01
  3.98935229e-02 -4.16027158e-01  2.04854488e-01  2.29957908e-01
 -1.17511697e-01 -7.88458526e-01  1.99353009e-01 -9.32439640e-02
  6.56968772e-01 -1.90095633e-01  2.81826943e-01 -2.75059789e-01
  2.35864297e-01 -3.13181818e-01 -1.30200773e-01  3.28198932e-02
 -1.05836725e+01 -4.90938015e-02 -4.45158988e-01 -1.26329452e-01
 -4.17215824e-01  4.06702816e-01  6.91445172e-01  2.89368570e-01
 -4.18654144e-01  3.56551111e-02  3.73300225e-01  3.36038560e-01
  2.67772228e-01  3.57701659e-01 -6.44478917e-01 -2.05714375e-01
  1.31649956e-01 -8.91802087e-02 -1.39646545e-01 -2.16188714e-01
  2.65375733e-01 -1.75341463e-03  2.89542437e-01  6.34695351e-01
  7.94324726e-02 -5.25712609e-01 -4.68636990e-01  2.96326786e-01
  3.42756063e-02  2.95155644e-01 -3.47007871e-01  1.42052948e-01
  4.79567125e-02  3.19089413e-01 -3.11677724e-01 -2.71849841e-01
 -1.24731869e-01  3.27666491e-01  1.14261262e-01  1.91989005e-01
  2.59902000e-01  6.57625675e-01  2.85983682e-01  8.54373276e-02
  2.72264183e-01  4.46437061e-01  5.17217338e-01  2.94055164e-01
  6.83405817e-01 -4.87478226e-02  2.03231443e-02  3.26814830e-01
 -1.70927256e-01 -1.00325570e-01  3.27387571e-01  4.90538143e-02
  7.69046783e-01 -6.56353056e-01 -4.45701927e-01  7.36973062e-02
 -4.54915389e-02  7.13259354e-02  9.17894423e-01  5.18121719e-01
  3.08233760e-02 -7.76502043e-02  3.12881738e-01  4.84794885e-01
 -5.00979424e-01 -2.22961918e-01 -3.55613269e-02  2.15073958e-01
  1.17330384e-02 -7.69709051e-02 -5.12711585e-01  2.75899589e-01
 -4.08498105e-03 -2.58596897e-01  3.27946901e-01  2.06794024e-01
  1.48800939e-01  2.20320001e-01  1.59264449e-02  1.42602280e-01
 -5.16741991e-01  1.08714618e-01 -2.09900662e-01  1.72531307e-01
  8.48772973e-02 -4.64440048e-01 -7.00366572e-02 -2.24854469e-01
 -3.09130512e-02  7.70375192e-01  4.16402221e-01 -3.29809636e-02
 -9.87273157e-02  1.02551058e-01  5.01251996e-01  2.52322238e-02]"
マ,"[ 1.05957165e-01  3.40053856e-01  2.30944306e-01 -5.77192426e-01
  3.83870333e-01  2.66647875e-01 -1.73500091e-01  1.95110634e-01
 -8.43930468e-02 -3.14701080e-01  8.02738249e-01 -2.64519364e-01
 -1.71971455e-01 -3.63812029e-01  4.97637272e-01 -5.30947782e-02
  3.92107546e-01  3.44349742e-02  5.71922846e-02  5.35839759e-02
 -2.75518417e-01 -8.96507919e-01 -2.73487687e-01  6.93899989e-01
  3.53704423e-01 -6.10282719e-01  1.34066835e-01  5.53446293e-01
  1.71566695e-01  4.17400822e-02 -7.57106960e-01 -2.75162905e-01
 -5.03255725e-01  2.91730881e-01 -4.60956812e-01  2.65738577e-01
  2.56765664e-01 -2.05743507e-01 -1.63783371e-01 -3.16551626e-01
 -6.15312047e-02 -4.73765144e-03  1.09542795e-01 -1.81805685e-01
  1.13456905e-01  9.92847905e-02 -2.16805995e-01  1.54202685e-01
  5.28823912e-01 -1.70717478e-01  1.93405617e-02  3.25319916e-01
  2.73563981e-01 -2.36297131e-01  9.39831696e-03  1.32594436e-01
  7.68118560e-01  5.70726097e-02 -2.05208629e-01 -2.21674010e-01
 -3.64047945e-01 -2.10808683e-03 -3.83605570e-01  1.15507700e-01
 -3.56452256e-01 -7.04809055e-02 -2.86508352e-01 -6.57990277e-02
 -6.31796122e-01 -3.98595750e-01 -3.28693300e-01  2.19296277e-01
 -1.27181932e-01 -7.50274062e-02  6.58820093e-01 -1.30900472e-01
 -2.62359619e-01  1.57757685e-01  4.83989507e-01 -4.92652655e-01
 -8.46174181e-01  4.43735629e-01 -4.39153254e-01 -2.88346291e-01
  1.82145834e-01 -1.46640660e-02 -3.78790051e-01 -4.05282438e-01
  2.96985716e-01 -5.86355999e-02  9.02661607e-02  3.41056705e-01
  1.27545044e-01 -2.21781507e-01 -3.09059858e-01  3.73055279e-01
  2.87348449e-01 -5.10371983e-01 -3.56207758e-01  1.96990088e-01
 -6.03724737e-04 -3.52663025e-02  2.95113444e-01  1.04806602e-01
 -2.45320108e-02 -8.77516046e-02  1.03533408e-02  2.07940951e-01
  8.81486461e-02 -1.66606069e-01 -5.46726882e-01 -6.68470919e-01
 -7.03691542e-02  5.93598150e-02 -8.70667472e-02 -1.69578403e-01
 -1.78016156e-01  4.33414906e-01 -5.03629446e-01  1.15655400e-01
  4.22711764e-03 -5.27548939e-02 -1.98182821e-01 -7.97740743e-02
 -2.24983748e-02  3.28271925e-01 -9.07857809e-03 -1.14787586e-01
 -2.43491203e-01 -3.86493921e-01  5.51508330e-02 -2.66456269e-02
 -2.53541708e-01  2.47691408e-01 -3.48276973e-01  2.77466804e-01
  8.15193579e-02 -1.00045346e-01 -3.19585800e-01 -6.96167827e-01
 -2.31976286e-01  1.28701478e-01 -1.30604759e-01 -1.08367346e-01
 -3.01263630e-01  1.31706119e-01  1.70345396e-01 -8.21683556e-02
  5.68776667e-01  6.30514443e-01 -3.82644594e-01  7.81347752e-01
 -1.38573289e-01 -6.53119922e-01  2.46690467e-01  1.98378608e-01
 -7.28507817e-01  2.11311817e-01  9.82494056e-02  5.66044509e-01
 -6.44169524e-02 -2.12488081e-02  6.76087365e-02  3.93715203e-01
  2.34017774e-01  6.16712570e-01  2.58654475e-01  9.78830308e-02
  1.97992876e-01  3.84589016e-01 -2.28974625e-01  4.04641986e-01
  1.38317287e-01 -4.62958753e-01 -1.80749148e-02  2.38206998e-01
 -1.63716406e-01  1.79696858e-01  3.80740106e-01 -5.52869439e-01
  4.75718118e-02 -2.81976640e-01  1.35278583e-01 -1.51509032e-01
  1.95112482e-01 -2.23186597e-01  9.69530270e-02 -1.92621306e-01
  1.00161269e-01 -4.01294231e-02 -3.74489397e-01 -2.87725240e-01
  2.85538435e-01 -1.69767588e-01 -1.49769112e-01 -5.79272360e-02
  4.90153432e-02 -2.82619864e-01 -1.90698639e-01  3.47875804e-01
  1.72385961e-01  2.12730661e-01 -2.24217221e-01 -1.31826341e-01
 -9.88284111e-01 -4.85925227e-02  2.98614446e-02  3.79273713e-01
  1.65967345e-01  2.67895252e-01 -2.35104531e-01  1.90647811e-01
  3.10888469e-01  1.77436441e-01  1.67052969e-02 -4.94879894e-02
 -6.71910226e-01 -4.10301358e-01  6.47210777e-01 -4.40321088e-01
 -1.18621714e-01 -2.53080368e-01  1.95757210e-01  4.50105280e-01
 -1.93893686e-01  4.24554236e-02  3.12475890e-01 -4.15839888e-02
  7.57141039e-04  2.26264611e-01 -2.04057455e-01 -2.40007892e-01
 -9.39131737e-01  2.60365382e-03 -4.15258825e-01  3.87633473e-01
 -6.81658924e-01  3.88028920e-01 -3.24342959e-02  1.96527675e-01
  3.46921086e-01  6.34388998e-02  6.41265884e-02 -2.14539126e-01
 -1.03787281e-01  2.77677417e-01 -5.39604910e-02 -1.47925749e-01
 -2.66260952e-01  3.58363539e-01 -6.51794612e-01 -7.17706859e-01
  2.59117603e-01 -5.84375620e-01  3.38262945e-01  1.21803418e-01
  5.25153950e-02  5.11007942e-02  1.03293352e-01 -2.41584033e-01
 -2.41076514e-01 -7.80242145e-01 -1.77497230e-02 -1.79499567e-01
  2.93822959e-02  8.87054056e-02  2.52470911e-01 -4.16575104e-01
 -2.81416863e-01  7.99126253e-02 -1.91104691e-02 -2.91640162e-01
 -1.80306569e-01  1.16429083e-01 -6.93224728e-01 -7.67013356e-02
 -5.29033095e-02  5.94085217e-01 -6.38089061e-01 -9.08126831e-02
 -7.58761466e-01  6.66126370e-01 -6.61527693e-01  1.10324956e-01
 -1.25147805e-01  1.52335942e-01 -2.00906143e-01 -6.52554929e-01
  5.50641119e-02  2.23790824e-01  6.27351522e-01 -4.23082352e-01
 -4.26233560e-01 -3.52253795e-01 -2.91006505e-01 -5.13292328e-02
  4.96032387e-01  1.07720695e-01 -1.66982457e-01 -2.06979569e-02
  2.04361320e-01  2.17916951e-01  2.04150870e-01 -3.38703364e-01
 -2.89210647e-01 -3.30018967e-01 -6.62595034e-02 -2.98706114e-01
  8.42201769e-01  3.22278626e-02 -8.74947980e-02  9.46658313e-01
 -5.45463979e-01  8.70389193e-02  5.81904531e-01  2.00096950e-01
 -2.04716849e+00 -1.03331782e-01  5.84533326e-02  4.85437155e-01
 -3.31417620e-01  3.78426552e-01  3.54712427e-01  5.39702177e-01
 -8.63233656e-02 -3.49074066e-01  6.38827622e-01  7.76102126e-01
 -2.19403177e-01 -4.74667460e-01  2.45324805e-01  6.50144890e-02
  2.69794911e-01 -6.02388024e-01 -1.58004701e-01  1.61861613e-01
  1.44480065e-01  8.32441524e-02 -1.92289025e-01 -5.66956580e-01
  2.92847157e-01 -2.41057962e-01  2.57736593e-01  4.34993714e-01
 -4.43845809e-01 -9.17096362e-02  3.79547864e-01  4.85793233e-01
  5.10392249e-01  1.01240814e+00 -2.78333127e-01  1.55220658e-01
  5.01249969e-01  4.23532277e-01  3.32226098e-01 -3.34758572e-02
  1.60164405e-02 -1.64685592e-01  4.79555070e-01  3.86612624e-01
  4.41303134e-01  1.79122493e-01  6.38835132e-01  9.84200314e-02
 -4.13713120e-02  4.63315040e-01  2.38428026e-01  3.00883234e-01
  5.99202454e-01  4.02950495e-01  4.39857006e-01  9.89842862e-02
 -3.79411668e-01 -2.71601260e-01  3.48731041e-01 -3.22902590e-01
 -2.05262274e-01  2.63429552e-01  3.24977279e-01 -3.10640693e-01
 -4.34983581e-01  7.47896060e-02  2.36158714e-01 -3.89062822e-01
 -2.19625890e-01 -4.76817608e-01 -6.82085276e-01  8.87865275e-02
 -5.71698606e-01 -9.16368544e-01  6.13403730e-02 -1.02463383e-02
  3.35730880e-01 -2.48447716e-01 -5.95144093e-01  3.42780948e-01
 -3.96180123e-01  8.79837796e-02 -4.94026504e-02 -1.43752575e-01
 -2.17821956e-01  2.06019610e-01 -1.41822457e-01 -9.86594474e-04
 -2.73745924e-01  2.97918528e-01  3.47307399e-02 -6.65253252e-02
  2.08478764e-01  2.20855802e-01 -1.14581369e-01  1.44526139e-01
 -4.66415882e-02 -2.92968422e-01 -2.49470666e-01  2.09334031e-01
 -8.32739294e-01  1.25057250e-01  1.05184289e-02  1.24474354e-02
  4.48632866e-01  1.65256560e-01  6.68724120e-01 -1.65485471e-01
 -1.89104855e-01  2.97964573e-01 -4.15671058e-02 -3.79843444e-01
  7.89801240e-01  2.28990931e-02  2.41343513e-01 -2.35211015e-01
  1.40717432e-01  4.58223492e-01 -4.62798595e-01 -3.11101466e-01
  2.90492833e-01 -4.53866571e-02 -2.76922345e-01 -1.09087139e-01
  1.47916153e-01  9.46914673e-01 -5.33707082e-01  4.89964694e-01
  1.44200802e-01 -1.80379719e-01  1.25938103e-01 -2.05338374e-01
 -2.27299541e-01 -3.22770119e-01  3.16837490e-01  2.46118411e-01
  5.08159161e-01 -7.95721188e-02  1.35431722e-01  6.79356754e-01
 -5.65627962e-02  1.80115834e-01  6.30114853e-01  2.52021253e-01
 -2.27737829e-01 -6.10690534e-01 -4.82170224e-01 -1.59069955e-01
 -4.83244359e-01  2.74217784e-01  1.70463115e-01 -1.02594152e-01
 -2.14747787e-01 -1.61464378e-01 -2.77729183e-01 -1.43503621e-01
 -3.16009641e-01  6.44951314e-02  3.28982830e-01  2.70344377e-01
  4.72148657e-01  1.39904261e-01 -2.84279466e-01  2.28132859e-01
  1.52226210e-01  5.97405076e-01  4.14104700e-01 -2.23908126e-01
 -3.23378593e-01  1.99910447e-01 -7.16648027e-02 -2.64914095e-01
 -1.92876190e-01  4.47356313e-01 -6.54338002e-02 -8.52353498e-02
  2.11223185e-01  2.12676734e-01 -3.63546014e-01  3.62056047e-01
  5.00188442e-03 -3.68710272e-02 -4.40821588e-01 -7.96744704e-01
 -5.99740088e-01 -2.53868490e-01  2.10705176e-01 -5.93362689e-01
  3.52531262e-02  2.79194303e-02 -1.90963913e-02 -3.12988795e-02
  7.39234639e-03 -2.65051812e-01 -6.74720407e-02  5.59659958e-01
  4.61621493e-01 -2.52307564e-01 -6.54356852e-02  1.91090092e-01
  1.09083354e-01  8.88506323e-02  5.51689923e-01  8.08266699e-02
  1.23479627e-01 -1.66812718e-01 -6.38604224e-01  1.58458576e-01
 -1.13545701e-01 -1.16422582e+00  1.97248623e-01  9.14834207e-04
 -1.34316450e-02 -2.05018282e-01  9.05603841e-02  1.13908790e-01
 -2.25373730e-01  3.25983651e-02  2.28962526e-01 -8.73127133e-02
 -7.38249183e-01  4.09092635e-01 -9.50387418e-02 -4.14145499e-01
 -8.54952708e-02  1.99611649e-01 -4.75986332e-01 -3.96056026e-02
 -3.49299237e-02  1.68269336e-01 -1.65795207e-01  3.64961654e-01
 -3.95081192e-01 -2.56700933e-01  4.96565908e-01  2.96402071e-02
  1.35580122e-01  2.57784098e-01 -4.00324702e-01  1.22042365e-01
  4.04780060e-01  7.44787931e-01  2.78024912e-01 -5.76530434e-02
 -6.06102645e-02 -1.94543779e-01 -6.27572656e-01  5.11728346e-01
  6.96738303e-01  3.20801795e-01 -3.72796625e-01  3.81244332e-01
  3.66263270e-01 -5.07493794e-01  6.38353109e-01  1.11026907e+00
  3.56294751e-01  3.12413722e-01 -8.39640275e-02  2.97488384e-02
 -7.99601436e-01  8.40087384e-02 -4.00531143e-02  6.43691003e-01
 -8.40645507e-02 -4.63601314e-02  5.03934324e-01  1.58097699e-01
 -2.76872605e-01  1.81470886e-01  2.36868784e-01  9.80499610e-02
  2.62278676e-01  2.38933742e-01  6.56061172e-01  1.89102367e-01
  1.35108322e-01 -2.77879447e-01  3.63457613e-02  6.40146434e-02
  5.19191444e-01 -2.34563231e-01  3.23946267e-01 -1.59388915e-01
 -9.40091312e-01 -4.99056190e-01 -1.03164233e-01  3.38052303e-01
  3.72609854e-01  2.41362661e-01 -3.95672858e-01  1.77028179e-01
  4.50166047e-01  3.64853106e-02 -3.13602626e-01 -4.99738395e-01
  2.84145474e-02 -1.36133239e-01 -1.61188051e-01  1.35997906e-01
 -4.09764796e-01  5.14871538e-01  9.78625342e-02  3.83381277e-01
  4.24164236e-01  7.93318629e-01  1.56946853e-01  9.39410478e-02
  4.69367534e-01  7.75964512e-03 -3.92480075e-01  2.21627757e-01
  3.09520125e-01 -1.81728020e-01 -7.09444210e-02  2.51829475e-01
 -1.70301765e-01 -8.68276730e-02  1.35404810e-01 -2.16552481e-01
  5.54125786e-01 -6.24028109e-02 -5.18190265e-01 -2.93915272e-01
 -2.12178111e-01  1.48552321e-02 -7.58591056e-01 -1.12988479e-01
 -2.62787580e-01  2.01148897e-01 -9.68685932e-03 -3.73531938e-01
 -4.18603152e-01 -1.60637185e-01 -3.65588725e-01  3.48307431e-01
 -2.85753131e-01 -3.37914228e-01 -1.86379962e-02  6.29578710e-01
 -5.19606531e-01 -1.20564282e+00  4.38627481e-01  2.14025438e-01
  6.96466148e-01 -2.59725720e-01  3.15661997e-01 -1.77970737e-01
  2.72394031e-01  1.67907849e-01 -2.60283828e-01  1.53833404e-01
 -1.04719715e+01 -1.58268288e-02 -4.36405122e-01 -2.11918563e-01
 -1.53892517e-01  5.95498383e-01  2.15989411e-01  5.40154763e-02
  2.41162833e-02  2.67418504e-01  4.66568261e-01  3.98257077e-01
  5.19832850e-01  5.60923159e-01 -4.40689355e-01 -1.87064245e-01
 -1.51860360e-02 -2.91113436e-01  1.74521670e-01  3.80184710e-01
  3.45591635e-01 -1.74975395e-01  4.75934386e-01  5.87852597e-01
  8.19604844e-02 -3.52317899e-01 -4.84937966e-01  1.38693392e-01
 -3.30972105e-01  2.56723821e-01 -2.99211323e-01  2.45340735e-01
 -4.83920842e-01  6.03439093e-01 -3.36869180e-01  9.10930037e-02
 -1.72201946e-01  1.44805938e-01  1.25461161e-01  4.56928551e-01
  1.78577811e-01  8.31786543e-02 -9.28993616e-03  3.65067013e-02
  2.57893831e-01  4.72935945e-01  1.23677015e-01  1.34637043e-01
  2.61524230e-01  1.38622507e-01 -9.42716002e-02 -5.10943294e-01
  3.94602209e-01 -2.36893877e-01  1.17641166e-01  3.68023098e-01
  3.77377599e-01 -6.56296015e-01  5.22089526e-02 -1.63333833e-01
  6.03837557e-02 -2.44489819e-01  5.16872168e-01  2.11720914e-01
  1.36465698e-01  6.34612739e-02  5.02254784e-01  5.42219520e-01
 -2.55725026e-01 -1.03830658e-01  1.84430495e-01 -3.32084931e-02
 -2.52216429e-01 -1.74612179e-01 -2.93649822e-01  6.71498775e-01
 -3.95529240e-01  2.07447827e-01 -2.82322109e-01 -1.78651158e-02
  3.50751489e-01 -2.12021694e-01 -5.20725965e-01  6.78779066e-01
 -1.95795059e-01 -2.37900153e-01 -2.16074347e-01  2.36986056e-01
  7.22922087e-01 -6.13776624e-01  2.69483238e-01 -3.00918221e-01
 -3.21903080e-02  2.47115210e-01  4.21028525e-01  2.86464512e-01
 -2.62414336e-01  3.63731444e-01  3.99751127e-01  1.56464726e-01]"
、,"[ 6.19564891e-01  3.48990470e-01  1.05678833e+00 -4.76518273e-01
 -5.89197993e-01 -1.80985272e-01  5.99807594e-03  3.48114818e-01
 -8.36570024e-01 -6.61913931e-01 -2.24984929e-01 -7.09401548e-01
 -5.04682176e-02 -4.27168548e-01  7.36394823e-01  4.46071267e-01
 -5.13972580e-01  4.70191985e-01  1.28610849e-01 -3.88933688e-01
 -8.02529752e-01 -7.19212174e-01 -5.51232576e-01  1.94179580e-01
 -4.24044102e-01 -9.22909081e-01 -5.77747524e-01 -2.25871503e-01
  6.16062246e-03  1.90361649e-01  2.63263822e-01 -4.59424913e-01
 -3.37029576e-01  3.26155871e-01 -7.29415655e-01  6.90664709e-01
  1.09855078e-01  2.04123273e-01  4.16223079e-01 -5.47825217e-01
 -3.63002121e-01  5.25299966e-01 -6.01237535e-01 -5.33705831e-01
 -1.17106579e-01  4.18937579e-02 -1.70351088e-01 -3.14008780e-02
 -1.48378670e-01 -3.94418240e-01 -7.10678399e-01  7.77076364e-01
  3.95307064e-01  1.97193235e-01  4.25059050e-01  3.48844767e-01
  1.00915372e+00  2.31695063e-02  2.51429193e-02 -2.77285814e-01
 -7.28493154e-01  1.35660499e-01  3.72835487e-01  1.99648649e-01
 -5.92863142e-01  3.53270203e-01 -1.97767407e-01  5.27011633e-01
  4.37785447e-01 -1.56749219e-01  5.72068393e-01  3.82230729e-01
  2.29865074e-01 -3.82067144e-01  2.72301346e-01 -1.02660549e+00
  4.22236949e-01 -3.06795806e-01  2.78303176e-01  1.54867232e-01
 -2.39579827e-01 -1.77194715e-01  1.18241027e-01 -3.52237910e-01
 -6.73986316e-01 -3.20739567e-01 -1.28038943e+00 -1.31478816e-01
  1.09240055e-01  1.84782878e-01  7.71256909e-02 -4.37089592e-01
  3.70442659e-01 -3.06403965e-01  1.08329844e+00  4.15291339e-01
  3.11756343e-01 -1.49722591e-01  3.45589489e-01  2.24148557e-01
 -1.34176648e+00  5.55211902e-01 -2.22490579e-02 -8.50768030e-01
 -5.02077460e-01 -1.63305908e-01 -2.70293057e-01  9.13572550e-01
  5.68603694e-01  4.23302144e-01  3.08378842e-02 -2.61343122e-01
 -8.98737192e-01  1.84125751e-01 -7.97238424e-02  4.29514229e-01
 -5.93999922e-01 -1.56880766e-01  3.80602181e-02  1.47981182e-01
  2.25672424e-01  5.83205521e-01 -4.94649231e-01 -1.37248248e-01
  2.71740586e-01  1.91771790e-01  1.43268898e-01  3.52248698e-01
  2.58248210e-01 -6.03671372e-01  3.54725391e-01 -6.76566124e-01
 -4.38275337e-01  4.48752232e-02 -6.32838964e-01  9.65863824e-01
  2.95597851e-01 -4.53616470e-01  4.55907583e-02  1.16707087e-01
 -4.53558147e-01 -1.90691963e-01  8.19033861e-01 -4.69342530e-01
 -1.26384541e-01  4.84015971e-01 -3.18053514e-01 -3.54662597e-01
  4.17958498e-01  3.84567499e-01 -1.17151245e-01  1.18549073e+00
 -5.98949552e-01  4.14049864e-01  3.31434339e-01  4.17121530e-01
  1.97724313e-01  2.48643070e-01  3.47716659e-01  2.76961979e-02
  4.11643386e-01  6.32825419e-02  1.18790403e-01  1.04815269e+00
  6.59482360e-01 -1.55564593e-02  6.94226623e-01 -1.47756666e-01
  1.06589071e-01  9.08275247e-01  5.21017790e-01  6.92718804e-01
  2.86959380e-01 -8.05722103e-02 -1.43041581e-01  5.36922634e-01
  1.05046320e+00  4.52052206e-01 -3.81556600e-01 -1.08431470e+00
  4.24223900e-01  4.42889363e-01  7.72779524e-01 -1.12714835e-01
  5.96364141e-01 -5.33625722e-01 -4.14586544e-01 -9.30271968e-02
  4.22243088e-01  1.92764640e-01 -4.03500378e-01 -4.11044836e-01
  1.08263455e-01 -2.98586348e-03  5.24127074e-02  1.66703388e-01
  1.68479487e-01  3.49166006e-01 -1.20710939e-01  3.30856562e-01
  5.55051029e-01 -1.82412248e-02 -1.45895436e-01 -9.32063878e-01
 -1.46862078e+00 -5.85870445e-01 -5.39659746e-02  1.87197924e-01
  1.99310929e-01  6.86297357e-01 -7.20427871e-01 -1.59490690e-01
  1.60043836e-01 -4.50078696e-01  8.95096779e-01  4.83115405e-01
 -3.66250455e-01 -1.39857665e-01 -7.72723109e-02 -4.02719527e-02
  1.94887012e-01 -6.46153808e-01  3.49651247e-01  1.92998335e-01
 -2.92580247e-01  8.70890141e-01  5.92843413e-01 -9.52753246e-01
 -5.80048859e-01  2.99438626e-01 -7.09566295e-01 -3.87702137e-01
 -1.41489968e-01 -1.18763022e-01 -2.26882517e-01 -9.62506711e-01
 -6.21627271e-01  1.76975623e-01 -3.72060448e-01  6.18373096e-01
 -2.94424206e-01 -2.43675172e-01  3.91376376e-01  3.01522762e-01
  3.71793747e-01  2.27553472e-01 -1.13737024e-01 -4.07382041e-01
 -9.31951523e-01 -1.59475222e-01 -6.82427824e-01 -4.46774662e-01
 -2.98469603e-01  5.49641788e-01  4.08855259e-01 -3.41720372e-01
  3.42265159e-01 -8.26678753e-01 -2.16926455e-01 -9.44948673e-01
  3.00152451e-01 -2.17595428e-01  4.51044381e-01  2.43331358e-01
 -5.62678635e-01  1.60341650e-01  3.20326388e-01 -2.13534370e-01
 -4.06488061e-01 -1.03091255e-01  1.62412778e-01  1.53968409e-01
  3.97691995e-01 -4.14722145e-01 -4.98390198e-02  1.03123114e-01
  6.80415213e-01  1.05989110e+00 -1.46921188e-01 -6.75565481e-01
 -4.15622860e-01  7.21889496e-01 -8.20095241e-01 -5.11177719e-01
  8.52808803e-02  1.03799796e+00 -4.34150070e-01 -9.35805589e-03
 -9.31151360e-02 -2.13160783e-01  1.91886798e-01 -6.06915236e-01
  5.88084161e-02  1.08633958e-01 -1.04977202e+00 -5.27109094e-02
  4.00129139e-01  2.34819949e-01  3.81599426e-01 -1.05606109e-01
  2.87341863e-01 -2.64762312e-01  5.89905195e-02  1.70946449e-01
 -1.00497715e-01 -5.17471313e-01 -1.42846733e-01  6.44447267e-01
  2.66576797e-01 -8.47026348e-01 -1.11494452e-01  6.19632423e-01
 -1.26149130e+00 -3.06786031e-01  4.95160431e-01  4.62523967e-01
 -8.06296706e-01  3.06060970e-01  7.66430736e-01  5.97837329e-01
 -3.23574483e-01 -4.80345666e-01  4.36190069e-01  6.80817723e-01
 -3.46220940e-01 -7.66511083e-01  4.46574271e-01  1.41370684e-01
 -1.02980293e-01 -5.40488064e-01 -4.22592521e-01  2.65439659e-01
 -9.56962928e-02 -2.44895786e-01 -4.19214696e-01 -1.64666414e-01
 -3.06633502e-01 -1.86299354e-01  2.45105460e-01 -3.18525545e-02
 -4.67939153e-02  6.95682168e-01 -4.29805338e-01  2.94353485e-01
 -7.33016968e-01 -4.37277049e-01  2.66561896e-01  1.27512980e+00
  4.79947448e-01  6.53741300e-01 -7.52601027e-01 -1.44520000e-01
  5.73795199e-01 -2.82812655e-01  7.84134388e-01 -7.08252609e-01
  3.59551996e-01 -2.24990100e-01  4.48699862e-01  1.16294272e-01
 -3.12129945e-01  2.35679686e-01 -7.60837853e-01 -6.73935056e-01
  2.67290294e-01 -1.21579804e-02  5.65718532e-01  1.67689368e-01
  5.01080379e-02  1.14676392e+00  9.60680321e-02  2.76987255e-01
 -2.71636963e-01 -1.22291183e+00 -2.89872140e-01 -8.18493664e-01
 -6.62508532e-02 -1.92694157e-01 -1.40860051e-01  6.37988448e-01
 -5.30418992e-01  1.86866343e-01 -1.20204642e-01 -4.11263764e-01
  2.44287238e-01 -3.00013542e-01 -6.34748220e-01  7.67916441e-02
 -5.25389146e-03 -5.00541568e-01  9.10909593e-01 -7.81153853e-04
  5.73917747e-01 -3.62056822e-01 -6.39089048e-01  5.51906526e-01
 -2.96102375e-01  4.11931053e-03 -1.62997516e-03  1.26707420e-01
 -2.28781044e-01 -2.66635448e-01 -1.43769935e-01  7.04218075e-02
 -1.01175630e+00  5.35757422e-01 -4.32021618e-01  6.75554797e-02
 -8.48605037e-02 -2.45917618e-01 -7.83925593e-01 -2.14090332e-01
  6.49926662e-02 -1.52617112e-01  1.47238150e-01  3.65546376e-01
  1.92785159e-01 -4.59866107e-01  4.44740862e-01  5.81870079e-01
  7.73893416e-01 -2.91641772e-01  6.76422954e-01 -2.63343096e-01
  1.17030136e-01  3.80716622e-01 -6.36992872e-01 -5.00421047e-01
  4.08815056e-01  2.97089845e-01 -4.51088995e-01 -2.04766601e-01
 -3.11228544e-01  1.16950512e+00 -2.77644664e-01 -4.54189658e-01
  9.02678370e-01 -3.50255519e-01  3.74343127e-01  1.03486288e+00
  7.54888535e-01 -3.30618560e-01  8.13705385e-01  2.18930379e-01
  4.16463256e-01  4.81533222e-02 -4.06268418e-01 -2.30281323e-01
  8.68297458e-01 -6.90934286e-02  6.66430816e-02  7.24653006e-01
  2.38760859e-01  2.06386119e-01  3.04114431e-01 -5.26445173e-02
  9.19842198e-02  3.20594013e-01 -1.03994980e-01 -3.44978005e-01
 -9.09045413e-02 -1.85921431e-01 -3.08676630e-01 -1.10416561e-01
 -4.00955886e-01  3.75517428e-01  1.05863655e+00 -6.94070578e-01
  3.78207475e-01 -9.08133805e-01 -5.52755296e-01 -1.38808548e-01
 -1.92001596e-01  8.75670761e-02 -8.22129548e-01 -3.54723066e-01
  4.55889665e-02  1.00279652e-01 -4.14493322e-01  1.08850069e-01
  3.55072469e-01 -2.15982288e-01 -3.15951049e-01 -8.13616157e-01
  1.16831638e-01  7.96491444e-01 -5.83824217e-01 -3.93423349e-01
  6.02574646e-02  1.43868119e-01  7.51962185e-01 -8.37876320e-01
 -4.99396086e-01 -3.88970673e-01 -1.63934782e-01 -7.29858518e-01
 -7.74035156e-02  1.87464610e-01 -6.80498838e-01  2.74432480e-01
  2.74815336e-02 -2.77334094e-01 -6.96903944e-01 -2.62158155e-01
 -1.01872317e-01 -5.72798729e-01  2.52303690e-01  1.73197880e-01
 -2.32819691e-01  1.08727254e-01 -1.14598490e-01  3.01972538e-01
  7.32996821e-01 -3.82890403e-01  8.87310505e-01  1.18421558e-02
  3.52819413e-01 -8.10456395e-01  5.46011448e-01 -7.75444210e-01
  2.38731921e-01 -7.29404271e-01 -6.84348583e-01 -7.15870261e-01
 -5.92095733e-01 -4.44831431e-01  6.94105983e-01  1.41565049e+00
  5.82514405e-01 -6.70187950e-01  2.14604646e-01 -1.19992949e-01
 -4.59861130e-01 -5.14126062e-01  7.87957609e-02  2.87131276e-02
 -1.56250954e+00 -1.51050702e-01  1.10962011e-01 -5.99425375e-01
  1.38390613e+00 -1.81464463e-01 -5.51844716e-01 -2.03921989e-01
  4.20286179e-01  3.99480015e-01 -4.89688039e-01  5.79875633e-02
  6.39865458e-01  2.55382061e-01  8.10141325e-01 -2.74228573e-01
  9.06463787e-02  1.43677816e-01  1.23314664e-01  9.46904346e-02
  4.15143430e-01  4.98303205e-01  8.01388994e-02  8.77618074e-01
 -6.99887455e-01 -6.97887897e-01 -6.23159766e-01  3.57088059e-01
  1.52939767e-01  6.89155638e-01  2.19663188e-01  7.95781195e-01
  6.50093913e-01 -1.51333585e-01  5.73428571e-02  8.89968514e-01
 -5.97225539e-02  1.22493303e+00 -5.51827133e-01  1.37401536e-01
 -7.72205174e-01 -2.06141174e-02  9.32204127e-01  7.35337436e-01
 -8.95386338e-02 -1.53636605e-01 -3.05787884e-02 -5.36286592e-01
  6.01685405e-01  3.55800867e-01 -1.03232712e-01  3.82544249e-01
  2.98963398e-01 -4.40684706e-01  1.03710151e+00 -3.41293402e-02
  2.65880525e-01 -6.53926969e-01 -6.79441914e-02  7.28975594e-01
  4.15084481e-01  9.39821303e-02  7.79341817e-01 -2.90805787e-01
 -6.84835374e-01 -1.62706956e-01  4.63800877e-01 -5.89522481e-01
  6.39394343e-01 -2.95108021e-03 -5.35931289e-01  7.10071802e-01
  6.55490518e-01  3.54701787e-01  3.58774036e-01 -5.89766741e-01
  1.17845006e-01 -1.08676121e-01 -1.62910074e-01  3.95880550e-01
  2.95421898e-01  4.05331105e-01  4.14086431e-02 -8.01070631e-01
  4.48301136e-01  1.35899627e+00 -5.21174166e-03 -9.20743793e-02
  3.09572011e-01  4.76359650e-02 -3.68001699e-01  1.13999829e-01
  3.10434073e-01 -2.43526921e-01  2.28980020e-01 -2.65523016e-01
 -3.08441073e-01 -1.91721022e-01 -1.11167714e-01  8.36298406e-01
  1.01698734e-01 -1.07925378e-01 -1.25733867e-01 -4.97482158e-02
 -7.83489943e-01 -9.43723172e-02 -1.25350189e+00 -8.20444703e-01
 -2.28514839e-02  7.94210806e-02  1.26814499e-01 -8.76045674e-02
 -1.05067170e+00 -3.63582850e-01 -3.43650937e-01 -7.80060351e-01
 -2.88844973e-01  2.45602176e-01  4.45047945e-01 -2.33513191e-02
 -6.45122170e-01 -3.19861680e-01  4.66754586e-01  4.40857112e-01
  2.82281876e-01  2.90625960e-01 -4.73927796e-01 -2.05121815e-01
 -6.80044219e-02  5.64762473e-01 -6.96877837e-02 -4.17860806e-01
 -9.23985100e+00  4.85890538e-01 -6.96021855e-01 -3.61793712e-02
 -2.90854603e-01  1.09774433e-01  7.45853484e-01  9.02153552e-01
 -8.39797497e-01  8.33707035e-01 -4.17751402e-01  3.90330076e-01
  6.95094764e-01  6.22927845e-01 -6.64734542e-01  4.40518484e-02
  3.32636237e-01 -1.16694659e-01  6.17951155e-01 -1.33797184e-01
 -4.72347558e-01 -8.30896676e-01  3.33613247e-01 -3.58044833e-01
 -5.38796723e-01  3.51196766e-01  7.18298554e-01  2.11320475e-01
 -3.41110140e-01  7.43181169e-01 -7.08786130e-01  2.28396952e-01
 -4.62522358e-02 -4.46464896e-01 -3.44868720e-01  6.35457754e-01
  4.75096405e-01  5.00575125e-01 -6.28811955e-01 -9.84638035e-02
 -2.70890117e-01  7.00600922e-01  8.04221705e-02  8.24451894e-02
 -1.22166611e-01 -9.91153196e-02 -1.91530034e-01 -4.20115441e-02
  9.88452911e-01 -2.90996104e-01 -7.04822019e-02 -7.77584851e-01
  4.59912896e-01 -9.61031556e-01 -3.41256499e-01  5.53800277e-02
 -5.96617341e-01 -8.16795051e-01 -3.44860584e-01  1.78946048e-01
  4.90690202e-01  3.57918739e-01  6.26448035e-01  1.93165451e-01
  1.91162061e-02  1.54929057e-01  4.83032584e-01  4.93613690e-01
 -3.64377618e-01 -4.92198080e-01 -7.11397529e-02  2.91632563e-02
 -4.73363608e-01 -1.61238447e-01 -1.43021703e-01  1.17001042e-03
 -6.81431472e-01 -2.01734558e-01  7.15143025e-01 -2.83666495e-02
  1.09446359e+00 -1.71665415e-01  2.87442692e-02 -3.10643524e-01
  1.18271388e-01  3.75444852e-02  8.50067377e-01  6.01617038e-01
 -7.22594792e-03 -7.78655231e-01  4.37221348e-01  5.96830487e-01
  6.06789231e-01  6.27070546e-01  1.22048862e-01  3.47596146e-02
  8.28653276e-01 -1.22065932e-01  8.15058947e-01  1.96478128e-01]"
ワ,"[ 2.41312757e-01  1.78770334e-01  4.63107407e-01 -2.30970860e-01
  2.00373262e-01  2.77688056e-01  1.22989722e-01  3.08803529e-01
 -9.90669243e-03 -6.19081438e-01  7.02891827e-01 -3.67085427e-01
 -6.94075525e-01  2.04239041e-01  3.71259689e-01 -3.85068625e-01
  4.79442365e-02 -2.96942960e-03 -2.35241279e-02 -6.80560887e-01
 -7.09689438e-01 -3.32321316e-01  1.33449525e-01  3.07501584e-01
 -5.79979718e-02 -3.17662477e-01  2.53216267e-01  3.63688499e-01
 -6.85061589e-02  4.07397486e-02 -3.93713087e-01 -2.22357392e-01
  1.63261220e-01  8.32343325e-02 -2.01122910e-02  4.20076281e-01
 -3.85860242e-02 -7.19058961e-02 -1.45384714e-01 -5.82923368e-02
  1.35667948e-02 -1.08499892e-01 -4.62835878e-01 -1.23548329e-01
  7.51526281e-02  5.49737632e-01  2.00306147e-01  1.60707191e-01
  6.36260390e-01  1.62989646e-01 -1.02465764e-01  2.14496672e-01
  3.96599740e-01 -1.59053028e-01  2.97322124e-01 -1.74758390e-01
  4.91109669e-01 -2.99057394e-01 -1.81793213e-01 -1.68553367e-02
 -1.85349524e-01 -1.85606912e-01  1.34869680e-01 -1.99984297e-01
 -5.88796064e-02 -5.89682221e-01  2.04702184e-01 -1.09877281e-01
 -2.94551462e-01 -8.37729990e-01 -4.08452690e-01  4.86794636e-02
  1.98038220e-01 -3.73755604e-01  6.23922288e-01 -4.07869607e-01
  3.51131380e-01  1.78239346e-01 -2.16964837e-02  4.87788133e-02
  7.19891414e-02  4.07847732e-01  1.16257677e-02 -4.40961421e-01
  4.78208721e-01 -2.75317933e-02 -2.51472503e-01 -7.44754910e-01
  2.05165476e-01 -3.79210383e-01 -1.34947240e-01 -8.64250660e-02
  7.02781796e-01  7.51868039e-02 -4.80694436e-02 -9.26386863e-02
  6.66812807e-02 -2.96792209e-01 -1.82822675e-01  4.30065870e-01
  1.84507102e-01  2.61872739e-01  3.07327211e-01 -1.08279675e-01
 -1.92211524e-01  5.10803349e-02 -2.11336568e-01  1.31162181e-01
  1.73354521e-01 -1.69563502e-01 -5.20379804e-02 -4.63836551e-01
 -7.41418302e-01  2.43459940e-01 -2.26892516e-01 -1.38464314e-03
 -5.29135354e-02  2.84847021e-01 -6.55732751e-01  5.48838437e-01
  4.75387812e-01  4.56340671e-01  9.71252173e-02 -2.15011358e-01
 -1.58604667e-01  3.36148381e-01 -1.13925584e-01 -1.99937731e-01
 -1.11095995e-01 -1.13007210e-01 -6.24144971e-01  1.06282912e-01
 -1.75889462e-01  4.10359316e-02 -4.10412960e-02  6.24406934e-01
  2.32682392e-01 -3.46159071e-01 -2.46445179e-01 -4.86181408e-01
 -3.92178595e-02 -4.13064063e-01  2.63327390e-01 -3.57798815e-01
 -2.99539745e-01  4.13420945e-01 -3.35970372e-01 -6.49303198e-01
  5.21126688e-01  3.13008189e-01 -2.83915818e-01  7.57297456e-01
 -5.18208742e-01 -6.15696199e-02  1.02712102e-01  1.73883680e-02
 -5.00848055e-01  4.96297795e-03 -2.35852927e-01  1.59353375e-01
  1.62526108e-02 -3.12187165e-01  1.38134584e-01  7.07564890e-01
 -3.57932001e-02  2.62448907e-01  4.84837174e-01  3.59840214e-01
 -1.32753000e-01  3.69317055e-01  1.73502579e-01  3.28321069e-01
  1.60543397e-01 -1.47444233e-01  2.03897670e-01  4.11395997e-01
  1.90488040e-01  1.23299919e-01  1.73960462e-01 -6.16261005e-01
 -1.28782943e-01 -5.90417802e-01 -2.56126225e-01 -4.29839492e-01
  6.68615848e-02 -4.96128798e-02  1.18036903e-01 -8.69859010e-02
 -9.33648273e-03 -6.27424836e-01  1.89670458e-01 -3.84685487e-01
  5.83632626e-02 -3.41237873e-01 -7.75578395e-02 -1.15938894e-01
 -1.86300963e-01 -1.25131339e-01 -1.30458847e-01  6.32146120e-01
  7.07256496e-02  2.46650994e-01 -1.56285390e-01 -2.59739190e-01
 -9.40013945e-01 -2.57477552e-01  3.04974735e-01  2.31342509e-01
  5.14218569e-01  2.66561389e-01 -2.76700348e-01  5.65551460e-01
  2.45579869e-01  1.89482391e-01  1.44254580e-01  4.63168025e-01
 -4.66797203e-01 -4.87503797e-01  3.42424899e-01 -4.52726223e-02
  2.02515692e-01 -1.73521712e-01  4.55023289e-01  1.35221183e-01
  1.27749473e-01  3.90618026e-01  3.95260483e-01 -4.49961349e-02
 -2.83877522e-01  5.81055760e-01 -2.73013830e-01 -3.00172925e-01
 -5.72367013e-01 -2.31857151e-01 -7.00156748e-01 -1.54121488e-01
 -3.08991194e-01  3.29571664e-01 -3.61489058e-01  5.53109087e-02
  2.00627476e-01 -2.71377504e-01 -2.28559263e-02 -3.49900305e-01
  1.02636963e-01  1.87525712e-02 -7.59266689e-02  7.33842142e-03
 -1.25525728e-01  4.39842371e-03 -5.80786824e-01 -5.80649793e-01
  1.52222390e-04 -5.36818385e-01  3.95524532e-01  3.87314737e-01
  5.03296673e-01 -1.84272066e-01  1.28242731e-01 -6.77852392e-01
 -9.79830325e-02 -6.28655255e-01 -2.05274940e-01 -3.76873016e-01
  4.44958434e-02  6.03562184e-02 -1.92746505e-01 -4.94977564e-01
 -3.39279532e-01 -2.73395836e-01 -7.42387548e-02 -2.18325466e-01
 -1.79071531e-01  2.23553628e-01  4.63783927e-03  4.27511521e-02
 -5.41605890e-01  2.38763660e-01 -1.32682592e-01  3.06786895e-01
 -6.26791239e-01  1.87562272e-01 -6.92230642e-01  4.12008524e-01
  1.02160431e-01 -2.38845363e-01 -2.05380544e-01 -6.09787285e-01
 -1.92958057e-01  3.75987917e-01  1.18556686e-01 -3.62667888e-01
 -5.75807273e-01  1.32315278e-01 -1.76393032e-01 -1.73126720e-02
  4.49931808e-02  3.37923974e-01  3.76860172e-01  1.69914097e-01
  1.93141162e-01  4.40372676e-01  6.46395236e-02 -2.48248219e-01
 -2.53826588e-01 -3.35295409e-01 -3.86617810e-01 -1.76303685e-01
  4.71369922e-01 -3.01892906e-01 -1.22408219e-01  6.84111476e-01
 -2.76846200e-01  3.28893125e-01  2.13025495e-01  2.83522278e-01
 -1.90407300e+00  1.05473198e-01  3.87575448e-01  5.53796254e-02
 -1.15783028e-01  6.76978827e-01  1.93166971e-01  2.56325096e-01
 -5.99739611e-01 -5.15846193e-01  6.79478765e-01  4.47150111e-01
 -1.42887160e-01 -3.14780772e-02  4.06855851e-01 -1.58911332e-01
 -9.65684932e-03 -7.69786298e-01  1.97960407e-01  3.81275386e-01
  1.11930273e-01 -1.50876999e-01  9.27985758e-02 -2.91723996e-01
  8.56456459e-02  9.26432014e-02  1.70701355e-01  5.20618796e-01
 -7.43687093e-01 -5.02448417e-02  5.22429124e-02  8.60012770e-01
  8.04751694e-01  4.54075068e-01  5.50342835e-02 -2.37832755e-01
  2.51064450e-01  7.95485020e-01  4.64181095e-01 -1.45451456e-01
  2.24768799e-02 -1.57770321e-01  5.33059061e-01  2.39982620e-01
 -1.74436703e-01 -7.85607006e-03  2.89194852e-01  2.06837133e-01
 -1.85327828e-01  6.37874901e-01  7.02621102e-01  1.64374009e-01
  2.27419958e-01  1.12259462e-01  1.08037770e+00  1.67354960e-02
 -1.72071263e-01 -6.43910766e-01 -6.93342164e-02 -3.77212167e-01
  2.81704869e-02  3.41115147e-02  1.20493926e-01  3.88853669e-01
 -2.63448954e-01  2.35607386e-01  1.88252196e-01 -1.41860157e-01
  3.51186752e-01 -5.90380609e-01 -4.72296059e-01 -1.88462615e-01
  7.87147358e-02 -7.79935062e-01  4.34082210e-01  3.55190009e-01
  4.19434786e-01 -1.69391766e-01 -4.18043315e-01  8.21450800e-02
 -1.83815256e-01 -1.40508369e-01 -1.36860460e-01  2.68377185e-01
  3.59268486e-03 -3.26128811e-01  1.75420865e-01 -4.79549021e-01
 -4.57891375e-01 -3.07402648e-02 -9.61886823e-01 -1.04021795e-01
 -1.70662075e-01  5.63137412e-01 -1.73657268e-01 -8.61991346e-02
  1.74125224e-01 -2.78803669e-02 -1.50995806e-01 -1.28255382e-01
 -5.93872368e-01  4.08979267e-01  8.29112455e-02  1.02354802e-01
  3.40668440e-01  3.22893888e-01  2.23098412e-01  3.68858397e-01
 -5.46056628e-01  5.54232895e-02 -6.03650272e-01 -3.18844438e-01
  6.69489622e-01 -1.69353768e-01  2.79108077e-01  2.57520890e-03
 -1.78716391e-01  5.42557955e-01 -2.63845533e-01 -5.68337917e-01
 -1.81565315e-01  6.08710647e-01  7.67980963e-02  6.42816007e-01
  3.76709580e-01  7.91594207e-01 -1.17319480e-01  4.40379500e-01
 -1.17283333e-02 -7.06030503e-02  4.44159210e-01 -6.63274646e-01
  8.61259475e-02 -4.58831452e-02  1.41032517e-01  4.22554821e-01
  2.31228128e-01  1.68151632e-01  2.72352487e-01  2.04196349e-01
 -1.13721728e-01  2.08122849e-01  2.45736510e-01  4.33487922e-01
 -3.47875446e-01 -6.16108119e-01 -3.62785935e-01  3.60947698e-02
 -4.68685806e-01 -1.44036159e-01  6.83917046e-01 -6.83362037e-02
  9.23455954e-02 -2.30743796e-01 -7.26019025e-01 -4.81681883e-01
 -4.78433490e-01 -2.10555166e-01  7.35890418e-02  4.20312673e-01
  5.72357178e-01  7.58978259e-03 -9.13279593e-01  3.10104191e-01
  1.92948788e-01  4.60647821e-01  1.26132712e-01 -2.45517045e-01
 -1.57347322e-01  6.69548139e-02 -7.16644004e-02 -1.94064915e-01
  1.80845261e-01  1.32692205e-02 -5.06711341e-02 -4.84208435e-01
  1.54028118e-01 -2.62370050e-01  1.47505835e-01 -2.53997326e-01
  5.18557966e-01  1.03220277e-01 -7.60931194e-01 -3.09986204e-01
  1.27462447e-01 -2.59673744e-01 -1.30606472e-01 -6.11622214e-01
  1.90020576e-01 -3.81309032e-01 -1.31044686e-01  2.89544016e-01
  5.35934985e-01 -2.92400450e-01 -1.34607494e-01  3.89133215e-01
  5.69875956e-01 -4.60829735e-02  3.97218838e-02 -7.01807290e-02
 -2.84918666e-01 -1.75846890e-01  4.25268263e-02 -1.49015009e-01
 -1.98945567e-01 -1.96695402e-02 -7.79639900e-01 -2.52239078e-01
  5.96350096e-02 -8.66110325e-01  6.77447796e-01  1.85520396e-01
  5.30179322e-01 -5.00316203e-01 -8.92804191e-02 -2.44664043e-01
 -5.51854670e-02 -6.70366175e-03  4.18735623e-01 -3.89188193e-02
 -7.82246053e-01 -6.78139701e-02 -4.74071294e-01 -4.95743424e-01
  4.79934067e-01  3.95989537e-01 -4.03847337e-01  9.71675739e-02
  3.38846087e-01 -2.26312622e-01 -1.47653654e-01  8.29782858e-02
 -1.34539217e-01  1.11060828e-01  2.89263725e-01  3.48658375e-02
  2.14787796e-01  2.84224987e-01 -3.34473252e-01  1.85316160e-01
  2.59804994e-01  6.58567667e-01  2.96102852e-01 -5.68209914e-04
  1.01207104e-02 -3.23925205e-02 -5.57614267e-01  4.53878731e-01
  2.71720946e-01  5.44496894e-01 -3.91265363e-01  6.19258583e-01
  6.21328235e-01 -4.58239913e-01  3.54358107e-01  6.62291646e-01
  4.14657146e-01  3.33427131e-01 -3.52933556e-02 -6.12291433e-02
 -7.31713176e-01  2.76707411e-01 -3.05102021e-02  2.55432218e-01
 -3.55859622e-02 -3.24385017e-02 -1.06860235e-01 -2.45563000e-01
  1.75148211e-02  3.63733441e-01  3.27782601e-01  1.44681349e-01
  3.02171677e-01 -3.77583772e-01  4.75103110e-01  4.33124989e-01
  2.10160855e-02 -1.45999461e-01  2.46096119e-01  3.80226105e-01
  6.37458980e-01  3.14390995e-02  3.57241213e-01 -2.07258850e-01
 -1.02187920e+00  8.56554732e-02  1.02315852e-02  3.64446521e-01
  5.95105469e-01 -5.78033805e-01 -2.02329919e-01  1.86021313e-01
  5.03720343e-01 -2.87385941e-01 -9.41149369e-02 -4.39944655e-01
  1.73243046e-01  2.61532307e-01 -1.30306855e-01  7.27578476e-02
  1.29107237e-01  3.21299791e-01 -1.63494468e-01  1.45674944e-01
  2.13067949e-01  7.29916453e-01  1.36237934e-01  9.12676230e-02
  4.25005369e-02 -2.69976765e-01 -4.45096910e-01  5.19218408e-02
  6.58692420e-02 -3.38729471e-01 -4.07128155e-01  3.78243290e-02
 -3.90721649e-01  1.47309169e-01 -2.99052000e-01  2.54909217e-01
  3.07830989e-01  5.76332025e-02 -3.66539471e-02 -4.79074359e-01
 -6.32993877e-02 -2.42817495e-02 -7.73797452e-01  9.51301605e-02
 -2.57984787e-01  1.72079846e-01 -2.19289929e-01  2.13155206e-02
 -4.72984076e-01 -2.63345808e-01 -3.67784172e-01  5.50566792e-01
 -1.21872328e-01 -4.21429157e-01  4.17335808e-01  3.11452329e-01
 -1.26444384e-01 -9.92277384e-01  3.27897877e-01  3.60675633e-01
  5.68462253e-01 -2.31235683e-01  5.09494424e-01 -3.74531507e-01
  2.22900659e-01  1.00892588e-01 -4.16084230e-01  5.26250482e-01
 -1.04641905e+01 -4.21339095e-01 -4.99089569e-01 -2.99182802e-01
 -5.23726225e-01  3.39393765e-01  6.27589703e-01  3.31080645e-01
 -4.00895625e-01  1.50315478e-01  7.72168711e-02  4.32523161e-01
  3.52770120e-01  3.08515072e-01 -5.92936039e-01  1.28889039e-01
 -3.21943879e-01 -4.82525885e-01  1.69491174e-03 -2.16053218e-01
  1.13106675e-01 -6.64482653e-01  5.31032443e-01  5.34587860e-01
  1.47968188e-01 -1.67655766e-01 -1.39973372e-01  4.00479287e-01
 -3.12294308e-02  2.98741668e-01 -8.07222068e-01  4.48259860e-01
 -1.69217005e-01  4.52093810e-01 -2.33320862e-01  5.34967370e-02
 -2.51293957e-01  5.02317607e-01  2.49905419e-02  3.45352024e-01
  3.13356221e-01  4.28559840e-01  7.75187612e-02 -1.17707647e-01
 -2.01953635e-01  3.70267332e-01  1.41878560e-01  3.13789338e-01
  5.65622211e-01 -4.79439693e-03  4.82669659e-02 -1.86638683e-01
 -2.59339571e-01 -3.54102194e-01  2.77955770e-01 -4.53307340e-03
  7.60052860e-01 -7.73522913e-01 -3.09432000e-02  1.05239153e-01
  3.33052367e-01 -1.45843044e-01  9.52336907e-01  8.97085905e-01
  2.63575464e-01  1.60239428e-01  4.37854975e-01  3.98333400e-01
 -3.24703217e-01 -1.07503854e-01  3.31086814e-01  5.56431592e-01
 -9.66658220e-02  2.01535046e-01  1.42471105e-01  7.56823540e-01
  2.72642467e-02 -2.36781344e-01  2.11419031e-01 -2.96052217e-01
  4.38117802e-01 -1.65540233e-01 -2.86581606e-01  1.38894692e-01
 -6.06552839e-01  2.48870358e-01  6.86032027e-02  3.07487011e-01
  1.11129873e-01 -5.87075889e-01  4.45045739e-01 -1.70424923e-01
 -2.90448219e-01  4.09216136e-01  2.25521177e-01 -2.21803546e-01
 -1.48806930e-01  3.03539425e-01  3.37459475e-01  4.87138368e-02]"
タ,"[-2.99661551e-02  2.35579774e-01  2.16267854e-01 -4.62301165e-01
  1.46502957e-01  1.59057260e-01  4.88843143e-01  3.43817882e-02
  2.31429592e-01 -4.75955218e-01  9.65501428e-01  1.44587487e-01
 -3.04416180e-01  2.18970031e-01  5.76633871e-01 -7.43149146e-02
  1.22966498e-01 -2.05837458e-01  3.06487232e-01 -6.46916866e-01
 -4.75787103e-01 -4.26514417e-01 -3.73811781e-01  3.08984555e-02
  1.09216664e-02 -2.93104202e-01 -3.61434907e-01 -5.65030053e-02
  3.21628079e-02 -3.50589812e-01 -1.99837789e-01 -4.79252517e-01
 -1.99252479e-02  6.12472259e-02 -1.20409250e-01  6.15912259e-01
  1.48660764e-01 -7.46806189e-02 -2.11993039e-01 -2.97742337e-01
  1.13387346e-01 -1.35826588e-01 -6.36355281e-01 -4.45344567e-01
 -2.16307081e-02  6.85872316e-01  2.61787891e-01  1.03010170e-01
  2.79183775e-01  4.58381362e-02 -3.35032940e-01  5.32670803e-02
  1.20524228e-01 -1.07789263e-01 -1.40848160e-01  2.16222078e-01
  2.49952212e-01 -2.18029901e-01  1.12820625e-01  5.73501959e-02
 -7.49453455e-02 -1.90446988e-01  1.85510695e-01 -2.76439339e-01
 -1.08943269e-01 -2.89292574e-01 -1.85147242e-03 -1.42507613e-01
  3.78167368e-02 -5.24221301e-01  1.77446336e-01  5.51392175e-02
  1.34303674e-01 -2.22959772e-01  5.37544012e-01 -6.02257848e-01
  1.93570793e-01 -5.20524643e-02  5.09709895e-01 -1.05174385e-01
 -8.81144702e-02  3.53035271e-01 -1.23251960e-01 -1.02641988e+00
  2.46412903e-01  6.85964823e-02 -4.19943005e-01 -6.87328100e-01
  4.39353973e-01 -2.58307606e-01  1.43659532e-01 -1.16709851e-01
  1.21523656e-01  2.03724787e-01 -1.73979446e-01 -3.89984041e-01
  1.05054297e-01 -4.06380087e-01 -2.28427779e-02  9.06861573e-02
 -1.99103817e-01 -1.66494742e-01  2.53965884e-01 -8.31622109e-02
 -2.95609951e-01  7.66281486e-02 -1.89088240e-01  2.16593280e-01
 -1.05295256e-02  1.92863315e-01 -2.46624053e-01 -7.36581922e-01
 -6.68454885e-01  1.53523594e-01  1.62854731e-01  1.69706754e-02
 -4.62951362e-01  3.33336711e-01 -2.92251855e-01  3.58274668e-01
  3.38005960e-01  4.42474961e-01 -2.91267037e-01 -3.03502560e-01
 -3.53537560e-01  3.23735535e-01  2.82929122e-01 -9.15389434e-02
 -1.75312623e-01 -4.67682272e-01  1.64385363e-01  1.34649038e-01
 -4.42312837e-01  9.67956036e-02 -1.39187291e-01  6.48608625e-01
 -3.97078618e-02 -1.59846812e-01 -2.53886968e-01 -6.38386071e-01
  7.89156705e-02 -8.54528099e-02  2.54754603e-01  9.89833549e-02
 -3.24334204e-01  1.43080607e-01 -2.32915238e-01 -3.56462330e-01
  1.02784388e-01  2.76890486e-01 -3.18893880e-01  8.76443386e-01
 -2.85117447e-01  6.30542263e-02  5.69943249e-01  3.91576618e-01
 -3.98441225e-01  2.92969435e-01  2.51048923e-01  3.46937567e-01
  4.38345283e-01 -2.63639092e-01  1.75802618e-01  6.37234390e-01
  6.20617568e-02  4.89996850e-01  2.63442606e-01  1.88494578e-01
  1.00585274e-01  5.90886295e-01  5.55005610e-01  7.33949602e-01
  3.01001310e-01 -3.43335152e-01  5.00806533e-02  2.68896341e-01
  4.46986854e-01  2.31619105e-01  3.13695908e-01 -5.93590736e-01
 -6.11111848e-03 -2.24852040e-01  2.15833895e-02 -6.38685599e-02
  2.72835732e-01 -3.05014640e-01 -1.88641906e-01  4.10682037e-02
 -1.33700579e-01 -1.17594734e-01  1.64533272e-01 -3.79234791e-01
 -1.36827324e-02 -4.53405052e-01 -1.51211515e-01 -7.35498369e-01
  2.08937928e-01 -2.01926902e-01 -1.95111409e-01  6.64365649e-01
 -8.06749389e-02  1.93651304e-01 -1.68233156e-01 -5.78627706e-01
 -8.63688767e-01 -5.78569829e-01 -1.07736632e-01  7.04155922e-01
  5.88181317e-01 -7.45659769e-02  1.79060221e-01  5.25111556e-01
  2.50659406e-01  4.12462294e-01  1.57410830e-01  3.48495960e-01
 -3.53809148e-01 -4.02734399e-01  5.56166053e-01 -3.23269120e-03
 -5.00005744e-02 -5.67764267e-02  5.39637566e-01  2.04771265e-01
 -2.07519755e-01  5.01338005e-01  2.38741606e-01  1.70733929e-01
  6.99376762e-02  7.66363382e-01  1.18161114e-02 -5.86142182e-01
 -8.61167014e-01 -1.38440445e-01 -6.18503392e-01  2.19616920e-01
 -4.59072590e-01  6.19849443e-01 -4.46947105e-03  2.17116296e-01
  3.87898088e-01 -2.12497994e-01  1.40855059e-01 -7.15549588e-01
 -2.68750787e-01 -6.20127320e-02  1.47290947e-02 -8.14034939e-02
 -1.75518453e-01  2.29930595e-01 -6.10323489e-01 -6.31057501e-01
  1.71859533e-01 -4.53166574e-01  7.35765338e-01  2.59308606e-01
  1.98752582e-01 -1.23523995e-01  3.81315440e-01  5.03578298e-02
 -1.35161996e-01 -7.68967330e-01  3.92617434e-01 -6.43246844e-02
 -4.20342356e-01 -2.33181566e-02 -8.91819522e-02 -5.95490873e-01
 -4.39379811e-01 -3.94754142e-01 -1.84425384e-01 -3.75927567e-01
 -5.30730367e-01  2.09036112e-01 -1.57520652e-01  7.15329424e-02
 -1.29061699e-01  4.82911676e-01 -4.35601532e-01  2.91576117e-01
 -7.29819953e-01  3.35105658e-01 -6.40949190e-01 -9.48633403e-02
 -6.31974414e-02 -3.41346890e-01 -4.44250852e-01 -3.95514250e-01
 -1.38266921e-01  5.76125264e-01  2.62405366e-01 -1.72705904e-01
 -5.69435418e-01  1.49088740e-01 -2.58043766e-01  1.36819229e-01
  4.62164849e-01  1.36330351e-01 -1.63418509e-03  3.11880618e-01
  4.15723115e-01 -1.28348678e-01  2.41879076e-02 -1.07980743e-01
 -1.69175193e-02 -8.13083231e-01 -6.53277189e-02 -1.74520656e-01
  3.46210748e-01 -3.70300412e-01 -1.86801478e-01  6.85641587e-01
 -4.23173457e-01  5.92816889e-01  1.72281384e-01  2.52265394e-01
 -1.44581926e+00  3.85023117e-01  1.90219432e-01  2.97844350e-01
  8.77886042e-02  1.45401657e-01  1.11027993e-01 -5.74938990e-02
 -6.78434014e-01 -7.60268331e-01  7.41028190e-01  4.46878314e-01
 -2.33668759e-01  2.00399145e-01  4.54014122e-01 -1.06233016e-01
  2.08326623e-01 -2.76969552e-01 -3.36054385e-01  3.22804064e-01
  4.57792461e-01 -4.67718914e-02  2.76760478e-03 -4.14963007e-01
 -6.25007808e-01  5.21641970e-01  1.65115684e-01 -3.09191048e-02
 -8.05808425e-01 -3.20819281e-02  5.92415571e-01  8.43997777e-01
  3.92516553e-01  6.69855714e-01  2.77556330e-01 -3.47468078e-01
  5.76897085e-01  5.22862792e-01  4.86821592e-01  3.57853249e-02
  1.69018611e-01 -3.01421285e-01  4.69983786e-01  2.59584159e-01
 -1.95665166e-01 -5.30209802e-02  3.26360971e-01  3.86536181e-01
 -4.39108610e-01 -8.63753352e-03  6.73512280e-01 -5.43981791e-02
  3.62797439e-01  5.08806467e-01  8.52006793e-01  9.19913948e-02
 -1.24715783e-01 -4.45874661e-01  3.89481150e-02 -4.72150475e-01
 -4.64070290e-02  2.49437928e-01  6.43545926e-01  1.80078059e-01
 -3.93484175e-01 -4.67068553e-01 -3.88526499e-01 -4.55216765e-01
  2.36079320e-01 -3.04135948e-01 -5.05308151e-01  1.08156547e-01
 -3.48840982e-01 -2.52555817e-01  5.02934605e-02  2.95357853e-01
  4.80964005e-01 -4.88614053e-01 -2.77517438e-01  1.84798762e-01
 -1.73088774e-01 -9.53997746e-02  1.68650150e-01  6.75341263e-02
 -2.79203564e-01 -3.37671582e-03 -3.07510078e-01 -4.16349381e-01
 -1.23659872e-01 -1.28648296e-01 -7.28284359e-01  3.61377001e-01
 -3.37164178e-02  3.18481117e-01 -1.11765340e-01  2.12363601e-01
 -5.79021797e-02 -6.12405641e-03 -6.83400095e-01  2.51117557e-01
 -5.14046490e-01  5.09802341e-01  2.02501014e-01  3.70196730e-01
  2.70219278e-02  2.29741096e-01 -1.73004437e-02  2.23613024e-01
 -5.74088037e-01  1.03956148e-01 -3.94132435e-01 -1.11431397e-01
  5.26212454e-01 -6.53336525e-01  3.76909375e-01  1.18666455e-01
 -5.49459457e-01  7.20542371e-01 -3.26295465e-01  2.80928705e-02
 -1.27219662e-01  3.66679519e-01 -4.74165112e-01  1.33520305e-01
  5.62403500e-01  8.15480411e-01 -3.18196118e-01  4.57316011e-01
  2.00192392e-01 -1.78305805e-01  5.11981130e-01 -3.31428885e-01
  4.66658995e-02  6.66111999e-04  9.05242860e-02  4.37036812e-01
  1.26744494e-01  4.23158169e-01  2.31924251e-01 -5.15421033e-02
  2.10968688e-01  1.31144881e-01  3.46457288e-02  2.26193637e-01
 -4.26744789e-01 -5.13709113e-02 -1.42823681e-02 -1.93165302e-01
  1.01279892e-01 -5.32419123e-02  6.21730506e-01  2.30820462e-01
  3.73899966e-01 -3.55054617e-01 -5.41763544e-01 -3.83245200e-01
 -9.60799813e-01  1.31556511e-01 -7.90663213e-02 -1.63276196e-02
  6.90846264e-01  5.88578545e-02 -7.22112656e-01  2.35836729e-01
  2.72128489e-02  2.91976184e-01  4.03083205e-01 -2.15442598e-01
  7.09559470e-02  3.98972124e-01 -1.26126707e-01  1.62863761e-01
  1.12107601e-02 -3.19076516e-02 -1.29413649e-01 -7.25190401e-01
 -7.46306777e-02  9.69066843e-03 -1.38259888e-01  4.86339219e-02
 -4.86963317e-02  5.17931938e-01 -3.24877322e-01 -4.77065593e-01
 -2.66946048e-01 -9.78841260e-02 -1.59749001e-01 -5.27204216e-01
 -8.82906318e-02 -2.66705990e-01 -3.70777920e-02  5.53722858e-01
  1.26212314e-01 -1.79925904e-01  3.51804793e-01  8.11239600e-01
  3.29001725e-01 -2.76133955e-01 -1.77328452e-01  2.83513945e-02
 -2.39449125e-02  1.81579497e-02  3.36701691e-01  1.05576985e-01
 -5.92071339e-02 -2.49660667e-02 -6.41791821e-01 -3.77359599e-01
 -4.98495139e-02 -1.00686407e+00  7.86765099e-01  1.42199829e-01
  3.27162951e-01 -5.91947615e-01 -4.25616086e-01 -5.56285195e-02
 -9.50140357e-02  6.57174364e-02  3.92176419e-01  2.68515050e-01
 -4.43358719e-01 -1.54498905e-01 -6.50962949e-01 -7.22716451e-01
  2.66091764e-01  5.06580889e-01 -4.47363377e-01  7.18003884e-02
  3.01400125e-01  9.06874165e-02 -8.54358301e-02 -1.14973076e-01
 -2.02326894e-01 -3.82802844e-01  3.16183567e-01  3.47123623e-01
  2.67594904e-01  3.91975075e-01  1.17510473e-02  3.49306107e-01
  4.06838328e-01  6.52106583e-01  6.77609265e-01  2.06728265e-01
 -2.95980304e-01 -3.38719860e-02 -3.01791042e-01  2.97948092e-01
  3.51940691e-01 -6.79865256e-02 -8.16438615e-01  1.29637510e-01
  3.59595239e-01 -4.22446281e-01  3.53436232e-01  4.15180892e-01
  4.23547804e-01  5.95414937e-01 -3.82038802e-01 -7.82274976e-02
 -7.61259735e-01  1.75590232e-01  1.18746981e-01  2.82905460e-03
 -3.04479867e-01  3.16141918e-02  9.14571509e-02 -4.56850737e-01
 -2.21329153e-01  2.10730210e-01  2.45994300e-01  1.57623172e-01
  3.49374592e-01 -4.12948579e-01  5.97092390e-01  4.30367559e-01
 -2.68079549e-01 -2.92229682e-01 -1.48793817e-01  2.31118336e-01
  4.30457860e-01  1.59084797e-01  3.57093871e-01 -3.77342790e-01
 -8.44543278e-01 -2.18009446e-02 -1.30999135e-02  2.65737385e-01
  7.06270576e-01 -8.16599965e-01 -4.97601070e-02  5.13370395e-01
  8.08049083e-01 -5.22131585e-02 -2.97910810e-01 -5.25259852e-01
 -1.88427538e-01 -1.35287687e-01 -3.31186384e-01  3.62425178e-01
  4.46477719e-02  5.87640524e-01 -3.18144932e-02 -1.16054967e-01
 -1.95367426e-01  8.12337279e-01  4.07300919e-01  6.72218297e-03
  2.08169505e-01  3.49424258e-02 -4.43483621e-01 -7.18753934e-02
  2.72153318e-01 -3.70367467e-01 -1.54869959e-01  1.74514607e-01
 -3.93838197e-01 -1.14709832e-01 -1.86655268e-01 -5.02172261e-02
  3.51100236e-01 -1.54087305e-01 -4.24016178e-01 -3.41828108e-01
 -5.34637272e-02  3.64018321e-01 -8.19524467e-01 -1.77215248e-01
 -2.28437096e-01  1.85579330e-01  4.22203019e-02 -1.65699080e-01
 -4.80414540e-01 -5.62826455e-01 -4.52997953e-01  1.40648350e-01
  1.40121818e-01 -4.81932133e-01  4.71815914e-01  1.96079716e-01
 -1.48388878e-01 -1.19142509e+00  4.96811807e-01  1.02793932e-01
  7.11098373e-01 -2.55843937e-01  3.21620345e-01 -1.03126299e-02
  1.24622777e-01 -1.62571281e-01 -4.50742304e-01  6.66210949e-01
 -1.04435930e+01 -3.57222646e-01 -5.08106053e-01 -1.70224175e-01
 -3.90432179e-01  4.77056652e-01  1.89552546e-01  4.22308922e-01
 -4.48839180e-03 -6.46698475e-02  6.86290264e-02  1.07366987e-01
  1.40162811e-01  1.49776787e-01 -2.20811665e-01 -7.43995681e-02
 -3.73730332e-01 -2.49499276e-01 -6.55974090e-01 -6.84830919e-02
  1.96705148e-01 -3.56589913e-01  2.96620339e-01  3.35487694e-01
  1.99687496e-01  7.04082847e-02  3.58760089e-01  5.80973513e-02
 -3.10387552e-01  5.27437508e-01 -9.37580168e-02  2.01940879e-01
 -1.02422178e-01  2.93562889e-01 -5.40420711e-01  2.52985451e-02
  9.93592367e-02 -1.66584421e-02 -2.29644433e-01  5.84807038e-01
  2.08952114e-01  4.40937787e-01  3.92607786e-02 -2.71267653e-01
  3.37653905e-01  3.44211668e-01  2.34188393e-01 -8.45958963e-02
  4.30568844e-01  7.24609494e-02  8.71606618e-02 -1.99142188e-01
 -1.00829452e-01  3.45502868e-02  1.31053835e-01 -3.51088084e-02
  3.42283726e-01 -8.66864383e-01 -1.78458676e-01 -9.74012390e-02
  2.31044665e-01  8.35519806e-02  1.22753024e+00  3.87448698e-01
  5.01337796e-02  2.66884863e-01  2.13528678e-01  2.18898375e-02
 -4.01895314e-01 -3.08612972e-01  4.91428465e-01  2.12013632e-01
 -2.32747510e-01  1.83431536e-01 -8.17566887e-02  5.74736416e-01
  3.35067958e-01  1.57740995e-01  2.36426964e-01  1.89588703e-02
  5.00497401e-01  1.82547957e-01  5.91266863e-02  2.70417303e-01
 -7.46211171e-01  2.68312404e-03  3.72308880e-01  1.89852014e-01
  4.80819434e-01 -5.40397644e-01  6.07325137e-01 -3.68746966e-01
 -2.22947985e-01  4.32999194e-01  3.82213861e-01  5.22193760e-02
  4.58044559e-02  1.62065029e-01  4.00699943e-01 -5.65884411e-02]"
シ,"[ 1.63603336e-01  5.61111569e-01  9.63577688e-01 -2.53137738e-01
  2.56172061e-01  3.77693935e-03  6.68121040e-01 -2.36982659e-01
 -4.65715885e-01 -1.55674174e-01  4.12211478e-01 -2.10179478e-01
 -4.99211907e-01  2.61354506e-01  3.42842668e-01  2.63275474e-01
 -1.77709743e-01 -5.32054305e-01  6.49681985e-02 -6.26070611e-03
 -1.25149870e+00 -8.28390598e-01 -1.89384073e-01  6.71663284e-01
  2.07438827e-01 -9.78362501e-01  3.77800345e-01 -2.11091451e-02
  1.04807252e-02 -4.03985888e-01 -5.49396932e-01 -2.47840136e-02
 -1.91635624e-01  5.88911772e-01 -7.29784012e-01  2.90721714e-01
  2.35302493e-01 -5.32673478e-01  3.72516029e-02 -2.32694298e-01
  2.69700229e-01 -3.14180046e-01  1.98765814e-01  4.80454773e-01
  5.27459458e-02  3.14000607e-01  2.15839341e-01  8.33956525e-02
 -2.61348099e-01  2.62496650e-01 -6.32890701e-01  3.62549484e-01
  6.21737957e-01  2.13496968e-01  1.06652446e-01 -3.82269382e-01
  2.38241270e-01 -3.02271515e-01  3.15013081e-01  5.37103832e-01
 -4.60227698e-01 -5.21640889e-02  2.73281813e-01  2.33560175e-01
  4.40126993e-02  4.59627628e-01 -3.10776800e-01 -2.55873173e-01
  1.84489161e-01 -9.53016818e-01 -1.16699925e-02 -2.67543606e-02
  7.59125724e-02 -8.65208328e-01  6.29284382e-01 -1.13531232e-01
  1.74959049e-01  2.80857474e-01  7.98219964e-02  7.07317367e-02
 -8.50631669e-02  2.57181942e-01  5.51892519e-02 -4.44931746e-01
 -8.18901122e-01  9.33475047e-02 -6.96617007e-01 -6.23130858e-01
  3.71504366e-01  4.11418043e-02 -1.95469856e-01 -4.27931309e-01
 -4.14786547e-01  3.39911133e-01  4.86581028e-01  6.07203186e-01
  1.65332884e-01 -3.06674480e-01 -1.96098447e-01  2.70745069e-01
  3.15446079e-01 -1.98801577e-01  4.08902198e-01 -1.61339059e-01
  1.77288413e-01  1.85977116e-01 -3.70616257e-01  1.48716778e-01
  4.08792943e-01  2.12757394e-01 -5.67500591e-01 -1.41534701e-01
 -8.02746654e-01 -3.71534050e-01  1.98545009e-01  3.18036497e-01
 -5.26221037e-01  1.49696767e-01 -2.26424158e-01 -2.63807811e-02
  6.83838204e-02  5.67933559e-01  1.33882046e-01 -8.03805113e-01
  1.47024572e-01  5.01258194e-01  2.98709244e-01 -1.02923319e-01
 -4.27690059e-01 -2.98318058e-01 -5.08204043e-01 -3.89622480e-01
  1.46926427e-02  4.39901382e-01 -6.63587570e-01  5.56197882e-01
  2.44140953e-01  1.97624266e-01  3.07847504e-02 -3.10484916e-01
 -4.37712848e-01 -7.02986568e-02 -6.70259818e-02 -5.50451458e-01
  2.80624270e-01 -2.52366424e-01 -7.73504913e-01 -3.96372974e-01
 -3.38088036e-01 -2.59885877e-01  3.16100307e-02  1.26596892e+00
 -5.36586583e-01 -3.84549797e-01  3.12108517e-01  2.26555511e-01
 -7.50627458e-01  4.07783315e-02 -8.68369360e-03 -1.20559931e-02
  1.46507204e-01 -4.34125006e-01  3.76425385e-01  4.52755094e-01
  6.10721648e-01 -1.43308654e-01  1.21564254e-01 -2.17006564e-01
  8.92624035e-02  3.41462523e-01  8.29442620e-01 -4.34506573e-02
  6.89471722e-01  1.75456047e-01 -8.19169134e-02  3.93725932e-01
  8.95509422e-01 -3.23472381e-01 -2.85314228e-02 -3.22180778e-01
 -2.76332945e-01 -3.61938745e-01  2.55494118e-01 -4.93816763e-01
  6.15046442e-01 -7.14162290e-01  3.50738347e-01 -2.79103369e-01
 -3.05350870e-01 -1.47183865e-01  9.65518579e-02 -3.45172763e-01
  8.85943592e-01 -3.47847521e-01 -5.72144806e-01 -3.34402382e-01
  2.66456336e-01  1.63429365e-01 -5.65876484e-01  2.49374613e-01
  2.16334730e-01  1.26294568e-01 -6.11438192e-02 -6.54739439e-01
 -5.59577346e-01  4.15687710e-01  2.59343386e-01  3.45921442e-02
  1.85577556e-01  8.12051535e-01 -3.64490032e-01  2.77725369e-01
  5.67121744e-01  1.16499767e-01  1.13798089e-01  2.31491864e-01
 -1.07704923e-01 -4.00251538e-01 -8.44152346e-02 -1.93388820e-01
  6.97521329e-01 -3.22067261e-01 -5.72157919e-01  2.38063872e-01
  9.07755271e-02  4.22748774e-01  1.94230005e-01 -1.46908224e-01
 -1.11429714e-01  1.28377765e-01 -9.45113897e-01 -3.79291624e-01
 -8.43826830e-01 -3.37311447e-01 -4.89846915e-01 -6.03349268e-01
 -3.42031807e-01 -1.87918872e-01 -6.26741290e-01 -3.37494574e-02
 -1.44564360e-01 -4.07004058e-01  1.44591808e-01 -3.00484687e-01
 -1.69790462e-01  6.13060147e-02  3.16678523e-03 -3.22889864e-01
 -4.27733690e-01 -3.62180211e-02 -4.87673320e-02 -4.17041361e-01
  2.10702002e-01 -2.12283745e-01  1.03694344e+00  6.47431910e-01
  7.51720965e-01 -5.99120140e-01  4.85574543e-01 -4.26550001e-01
 -3.09426934e-01 -3.62140328e-01  3.36613059e-01  3.46474886e-01
  1.14484623e-01 -7.78585598e-02 -3.50176185e-01 -6.98029697e-01
 -8.47503781e-01 -5.56796730e-01  5.96597314e-01 -1.50695592e-01
  5.54423034e-02 -4.01285052e-01  1.51616141e-01  3.36203933e-01
 -6.12843335e-01  8.59668911e-01 -4.06478405e-01  4.37324733e-01
 -8.02108526e-01  9.65873659e-01 -5.92792965e-02 -8.89306068e-02
 -1.72614858e-01  4.76021051e-01 -8.32711518e-01 -5.10946847e-02
 -7.54189074e-01  9.48963881e-01  3.52217108e-01 -4.52993035e-01
  7.23286346e-02  2.32128352e-01  4.94474359e-02  4.08591211e-01
  4.25799489e-01  2.89515376e-01  4.38592046e-01  1.57430798e-01
  2.88930625e-01  1.98024437e-01 -1.14860736e-01 -3.20596963e-01
  2.44942352e-01 -1.75852269e-01 -2.82983601e-01  5.00118911e-01
  2.65005648e-01 -1.70627415e-01  6.26630843e-01  4.88212436e-01
 -5.54039836e-01  4.73126680e-01  8.14007580e-01  3.70932430e-01
 -1.26522517e+00 -4.62719977e-01  3.85998785e-01  2.01425612e-01
  1.43208772e-01 -2.41515085e-01  4.11659509e-01  5.12628376e-01
 -3.45255584e-01 -3.80812168e-01  1.24181926e+00 -2.67702967e-01
 -3.13587397e-01  1.96126342e-01  3.14073890e-01 -2.26803899e-01
  1.97941273e-01 -6.14944696e-01  1.07354991e-01  6.05356038e-01
 -4.45777863e-01  9.98661444e-02 -7.48908669e-02  2.16349978e-02
 -3.33703101e-01  2.57237405e-01 -7.12485015e-01 -1.46129191e-01
 -8.59092250e-02 -1.52098253e-01 -2.60041326e-01  1.10747290e+00
  4.22103316e-01  8.08546960e-01 -1.01743996e+00 -5.56677103e-01
  9.52742025e-02  1.53047562e-01  2.62036294e-01 -6.84613287e-01
 -5.06963253e-01 -4.78540778e-01  1.73185542e-01 -4.43175822e-01
  2.96869427e-01 -2.47007281e-01  2.77859241e-01  1.82748139e-01
 -4.40009058e-01  3.02606106e-01  6.95116758e-01  1.92022532e-01
  3.09463501e-01  4.28770334e-01  2.22777292e-01  5.44481516e-01
  1.39733464e-01 -4.71071571e-01 -4.70793843e-02 -2.88962960e-01
  6.26677573e-01 -2.03951113e-02 -6.44016981e-01  4.26964521e-01
  3.35068583e-01 -7.75960758e-02 -2.38808498e-01 -6.17244720e-01
  2.93143153e-01 -4.81806278e-01 -1.96176425e-01 -3.97129536e-01
 -7.80908018e-02 -2.53324300e-01  1.00818324e+00  5.93216956e-01
  2.25838467e-01 -7.43759215e-01 -7.36458480e-01  1.43390253e-01
  2.10463963e-02  4.73305613e-01 -6.31350577e-02  2.00848415e-01
 -5.80213703e-02 -3.85002673e-01 -2.80049592e-01 -2.87430823e-01
 -4.90521938e-01 -1.70227587e-01 -3.80782664e-01 -1.47157148e-01
  8.08348581e-02  1.01589811e+00 -8.18671212e-02 -4.37057298e-03
  2.62422889e-01  9.21149552e-01 -3.35390031e-01 -1.73789158e-01
 -7.30690241e-01  3.33568841e-01  4.80212867e-01  2.59432256e-01
  4.18212950e-01  1.95657551e-01  6.45623922e-01 -2.13693246e-01
  1.78742424e-01  5.62320828e-01 -9.52494293e-02 -4.65902001e-01
  5.89449584e-01 -3.53551835e-01  5.18576503e-01  5.02124608e-01
 -2.37696528e-01  5.33088624e-01 -5.82868397e-01 -3.41817796e-01
  1.96036562e-01  4.39268559e-01  1.02159917e-01  7.31368437e-02
  5.08945584e-01  7.32358634e-01  6.20243400e-02  5.34525454e-01
 -1.53113946e-01  2.23901365e-02 -4.30824012e-02 -3.57109845e-01
  3.91505152e-01 -1.26716554e-01  4.57513362e-01  7.47415841e-01
  7.45801553e-02  3.34050059e-02  4.64789659e-01  3.22117567e-01
 -1.32783830e-01  4.43664342e-01 -2.16353476e-01 -8.20769295e-02
 -4.78877872e-01  5.29356718e-01 -4.33604360e-01  6.95783198e-02
 -2.83975571e-01 -6.94778040e-02  3.94160777e-01 -4.52841341e-01
  3.87324691e-01 -5.11859715e-01 -9.78059590e-01 -8.96248102e-01
 -1.04058635e+00 -3.77825201e-02 -6.19799137e-01  1.91784561e-01
  4.33692962e-01  3.37722838e-01 -5.85271358e-01  5.86609483e-01
  5.23256540e-01  4.36906874e-01  2.11797580e-02 -3.00570160e-01
 -3.29498142e-01 -4.39510107e-01 -2.45361894e-01  1.29090101e-01
  1.25719383e-01 -1.49542749e-01 -4.85604465e-01 -3.82494986e-01
 -2.38695383e-01 -1.57915473e-01 -7.22726732e-02 -3.96916449e-01
  2.52207041e-01  3.05159539e-01 -8.78956556e-01  4.76449668e-01
 -2.94450581e-01  4.68497962e-01 -4.81890261e-01 -3.45439583e-01
 -2.33464584e-01 -6.99124783e-02  1.46506466e-02  5.08740425e-01
  5.97614706e-01 -3.36241394e-01  3.17217082e-01  1.04651940e+00
  3.05898547e-01 -6.56388164e-01  2.83049121e-02 -3.90717566e-01
 -8.86869013e-01  5.47399879e-01  1.71412870e-01  5.07201314e-01
  3.82300287e-01 -3.45996581e-02 -7.65721858e-01 -2.35219523e-01
 -1.58159360e-01 -6.66702092e-01  6.33459628e-01 -5.27844906e-01
  6.03116572e-01 -1.00139427e+00  4.27998066e-01 -4.41523343e-01
  6.44017681e-02 -3.05156887e-01  4.91352290e-01 -1.68144673e-01
 -5.52774727e-01 -1.37960762e-01 -4.20004010e-01 -4.03524876e-01
  7.79307544e-01  4.22886670e-01 -6.71458542e-01  7.57039905e-01
  8.81175041e-01  2.14556932e-01  1.86129939e-02 -1.68943759e-02
 -4.29343402e-01  5.67590781e-02  1.42172739e-01 -2.25387812e-02
  6.03763223e-01  5.61386764e-01 -3.29905719e-01 -3.26231331e-01
  8.16208720e-01  1.29227236e-01  4.44275558e-01 -4.90773432e-02
 -5.76477528e-01  1.52885646e-01 -1.82719082e-02 -2.00882480e-01
  3.78912129e-02  7.83524573e-01 -4.60827529e-01  5.39143980e-01
  5.29404819e-01  2.07973700e-02 -1.17460554e-02  1.48646772e+00
 -3.43136042e-01  7.31328011e-01  3.37306947e-01  3.41524363e-01
 -8.93943369e-01  3.84448409e-01  6.33160949e-01  2.41828486e-01
  9.61683840e-02  8.83182585e-02 -3.43893796e-01 -5.76559842e-01
  7.11446762e-01 -8.87278855e-01 -9.04211588e-03  2.59813726e-01
  5.65520227e-01 -1.51020244e-01  8.81471992e-01  5.15365481e-01
  7.14452118e-02  3.47704649e-01  2.73196846e-01  7.52917647e-01
  4.35855448e-01 -9.34442356e-02  7.08543539e-01 -5.22925794e-01
 -6.61077797e-01  5.14232039e-01 -4.63536829e-01 -2.70550586e-02
  9.68362018e-02 -5.85820258e-01 -4.64604139e-01  5.28101861e-01
  5.53121328e-01  3.62198144e-01 -2.89152026e-01 -3.39333653e-01
 -7.22410977e-02  8.00727010e-02 -2.96876937e-01  2.65658528e-01
 -1.76449239e-01  7.62426972e-01  3.61016214e-01  1.73849866e-01
  2.63490468e-01  3.82313341e-01 -9.09759626e-02 -7.05301836e-02
  4.68845516e-01  1.79444313e-01  2.47649342e-01 -3.59204039e-03
  4.73301470e-01  3.41785736e-02 -4.40897405e-01  7.78917253e-01
 -3.33704561e-01 -5.44424772e-01 -2.70071059e-01 -3.57808471e-02
  3.64897400e-01 -1.81391388e-01 -2.01868527e-02 -3.40008408e-01
  2.28847831e-01  1.52716920e-01 -7.29587078e-01  2.88266450e-01
  3.66138697e-01 -1.49304062e-01  1.14134274e-01 -1.71195582e-01
 -3.95289660e-01 -6.54736280e-01 -2.20074251e-01  4.37257811e-02
 -1.17882323e+00 -3.56144339e-01  6.80303812e-01  1.58449277e-01
 -3.37136328e-01 -1.18336618e+00  4.72523868e-01 -3.65001768e-01
  4.75816190e-01 -7.74253085e-02 -5.39039373e-02  1.83478847e-01
 -1.41189367e-01 -3.53323489e-01 -3.16048354e-01 -2.00425401e-01
 -9.85924721e+00  2.97644973e-01 -1.24877118e-01 -4.89321053e-01
  1.11029655e-01 -3.54481637e-01  4.84276652e-01  6.80180073e-01
 -3.70484024e-01  5.96631408e-01 -4.41550702e-01 -2.75892943e-01
  6.81962550e-01 -1.87635437e-01 -3.18950176e-01 -2.50903785e-01
 -5.99779427e-01 -4.29402709e-01 -2.56298244e-01  1.98815390e-01
 -2.07847580e-02 -1.33887872e-01  1.02630436e+00  6.93728983e-01
 -2.52547532e-01 -2.98883885e-01  2.51271397e-01  4.53359067e-01
  3.67264807e-01  6.86093122e-02 -5.70196271e-01  6.50061727e-01
 -3.53747904e-01  1.91726416e-01 -1.36249721e-01  1.31582379e-01
  3.13424826e-01  3.74453850e-02 -4.94371414e-01  2.52475470e-01
  5.20692050e-01 -1.47162408e-01 -5.39980233e-01 -6.79523051e-02
  5.88387609e-01 -5.37824452e-01 -9.84445810e-02  2.44418249e-01
  7.35999703e-01 -1.32617310e-01 -2.00176045e-01 -2.77599722e-01
  6.80311143e-01 -1.87823802e-01  1.43186361e-01 -6.00769650e-03
  6.81607246e-01 -3.22454154e-01 -2.20514849e-01 -5.97079456e-01
 -3.22564691e-01 -1.35977179e-01  2.45767385e-01  7.95433998e-01
 -1.36381760e-01  3.45778793e-01 -3.19691539e-01  6.21876642e-02
 -7.23689795e-01 -1.56849295e-01  3.80473137e-01  5.97694278e-01
  3.61764669e-01 -7.59989321e-02  2.41424039e-01  2.31006801e-01
 -6.27083957e-01  3.99850421e-02  3.88293356e-01 -8.10375810e-03
  1.01581670e-01 -6.11351907e-01 -2.39075180e-02  9.02662575e-01
 -7.92504013e-01 -4.10769917e-02  1.70538336e-01 -1.09856233e-01
  4.10794824e-01 -3.28421772e-01  1.15346745e-01 -2.10215241e-01
 -4.22236502e-01  5.11194885e-01  2.24089339e-01 -5.37134349e-01
  1.26098305e-01  1.60041273e-01 -1.52237881e-02 -6.84546590e-01]"
ワ,"[ 2.41312757e-01  1.78770334e-01  4.63107407e-01 -2.30970860e-01
  2.00373262e-01  2.77688056e-01  1.22989722e-01  3.08803529e-01
 -9.90669243e-03 -6.19081438e-01  7.02891827e-01 -3.67085427e-01
 -6.94075525e-01  2.04239041e-01  3.71259689e-01 -3.85068625e-01
  4.79442365e-02 -2.96942960e-03 -2.35241279e-02 -6.80560887e-01
 -7.09689438e-01 -3.32321316e-01  1.33449525e-01  3.07501584e-01
 -5.79979718e-02 -3.17662477e-01  2.53216267e-01  3.63688499e-01
 -6.85061589e-02  4.07397486e-02 -3.93713087e-01 -2.22357392e-01
  1.63261220e-01  8.32343325e-02 -2.01122910e-02  4.20076281e-01
 -3.85860242e-02 -7.19058961e-02 -1.45384714e-01 -5.82923368e-02
  1.35667948e-02 -1.08499892e-01 -4.62835878e-01 -1.23548329e-01
  7.51526281e-02  5.49737632e-01  2.00306147e-01  1.60707191e-01
  6.36260390e-01  1.62989646e-01 -1.02465764e-01  2.14496672e-01
  3.96599740e-01 -1.59053028e-01  2.97322124e-01 -1.74758390e-01
  4.91109669e-01 -2.99057394e-01 -1.81793213e-01 -1.68553367e-02
 -1.85349524e-01 -1.85606912e-01  1.34869680e-01 -1.99984297e-01
 -5.88796064e-02 -5.89682221e-01  2.04702184e-01 -1.09877281e-01
 -2.94551462e-01 -8.37729990e-01 -4.08452690e-01  4.86794636e-02
  1.98038220e-01 -3.73755604e-01  6.23922288e-01 -4.07869607e-01
  3.51131380e-01  1.78239346e-01 -2.16964837e-02  4.87788133e-02
  7.19891414e-02  4.07847732e-01  1.16257677e-02 -4.40961421e-01
  4.78208721e-01 -2.75317933e-02 -2.51472503e-01 -7.44754910e-01
  2.05165476e-01 -3.79210383e-01 -1.34947240e-01 -8.64250660e-02
  7.02781796e-01  7.51868039e-02 -4.80694436e-02 -9.26386863e-02
  6.66812807e-02 -2.96792209e-01 -1.82822675e-01  4.30065870e-01
  1.84507102e-01  2.61872739e-01  3.07327211e-01 -1.08279675e-01
 -1.92211524e-01  5.10803349e-02 -2.11336568e-01  1.31162181e-01
  1.73354521e-01 -1.69563502e-01 -5.20379804e-02 -4.63836551e-01
 -7.41418302e-01  2.43459940e-01 -2.26892516e-01 -1.38464314e-03
 -5.29135354e-02  2.84847021e-01 -6.55732751e-01  5.48838437e-01
  4.75387812e-01  4.56340671e-01  9.71252173e-02 -2.15011358e-01
 -1.58604667e-01  3.36148381e-01 -1.13925584e-01 -1.99937731e-01
 -1.11095995e-01 -1.13007210e-01 -6.24144971e-01  1.06282912e-01
 -1.75889462e-01  4.10359316e-02 -4.10412960e-02  6.24406934e-01
  2.32682392e-01 -3.46159071e-01 -2.46445179e-01 -4.86181408e-01
 -3.92178595e-02 -4.13064063e-01  2.63327390e-01 -3.57798815e-01
 -2.99539745e-01  4.13420945e-01 -3.35970372e-01 -6.49303198e-01
  5.21126688e-01  3.13008189e-01 -2.83915818e-01  7.57297456e-01
 -5.18208742e-01 -6.15696199e-02  1.02712102e-01  1.73883680e-02
 -5.00848055e-01  4.96297795e-03 -2.35852927e-01  1.59353375e-01
  1.62526108e-02 -3.12187165e-01  1.38134584e-01  7.07564890e-01
 -3.57932001e-02  2.62448907e-01  4.84837174e-01  3.59840214e-01
 -1.32753000e-01  3.69317055e-01  1.73502579e-01  3.28321069e-01
  1.60543397e-01 -1.47444233e-01  2.03897670e-01  4.11395997e-01
  1.90488040e-01  1.23299919e-01  1.73960462e-01 -6.16261005e-01
 -1.28782943e-01 -5.90417802e-01 -2.56126225e-01 -4.29839492e-01
  6.68615848e-02 -4.96128798e-02  1.18036903e-01 -8.69859010e-02
 -9.33648273e-03 -6.27424836e-01  1.89670458e-01 -3.84685487e-01
  5.83632626e-02 -3.41237873e-01 -7.75578395e-02 -1.15938894e-01
 -1.86300963e-01 -1.25131339e-01 -1.30458847e-01  6.32146120e-01
  7.07256496e-02  2.46650994e-01 -1.56285390e-01 -2.59739190e-01
 -9.40013945e-01 -2.57477552e-01  3.04974735e-01  2.31342509e-01
  5.14218569e-01  2.66561389e-01 -2.76700348e-01  5.65551460e-01
  2.45579869e-01  1.89482391e-01  1.44254580e-01  4.63168025e-01
 -4.66797203e-01 -4.87503797e-01  3.42424899e-01 -4.52726223e-02
  2.02515692e-01 -1.73521712e-01  4.55023289e-01  1.35221183e-01
  1.27749473e-01  3.90618026e-01  3.95260483e-01 -4.49961349e-02
 -2.83877522e-01  5.81055760e-01 -2.73013830e-01 -3.00172925e-01
 -5.72367013e-01 -2.31857151e-01 -7.00156748e-01 -1.54121488e-01
 -3.08991194e-01  3.29571664e-01 -3.61489058e-01  5.53109087e-02
  2.00627476e-01 -2.71377504e-01 -2.28559263e-02 -3.49900305e-01
  1.02636963e-01  1.87525712e-02 -7.59266689e-02  7.33842142e-03
 -1.25525728e-01  4.39842371e-03 -5.80786824e-01 -5.80649793e-01
  1.52222390e-04 -5.36818385e-01  3.95524532e-01  3.87314737e-01
  5.03296673e-01 -1.84272066e-01  1.28242731e-01 -6.77852392e-01
 -9.79830325e-02 -6.28655255e-01 -2.05274940e-01 -3.76873016e-01
  4.44958434e-02  6.03562184e-02 -1.92746505e-01 -4.94977564e-01
 -3.39279532e-01 -2.73395836e-01 -7.42387548e-02 -2.18325466e-01
 -1.79071531e-01  2.23553628e-01  4.63783927e-03  4.27511521e-02
 -5.41605890e-01  2.38763660e-01 -1.32682592e-01  3.06786895e-01
 -6.26791239e-01  1.87562272e-01 -6.92230642e-01  4.12008524e-01
  1.02160431e-01 -2.38845363e-01 -2.05380544e-01 -6.09787285e-01
 -1.92958057e-01  3.75987917e-01  1.18556686e-01 -3.62667888e-01
 -5.75807273e-01  1.32315278e-01 -1.76393032e-01 -1.73126720e-02
  4.49931808e-02  3.37923974e-01  3.76860172e-01  1.69914097e-01
  1.93141162e-01  4.40372676e-01  6.46395236e-02 -2.48248219e-01
 -2.53826588e-01 -3.35295409e-01 -3.86617810e-01 -1.76303685e-01
  4.71369922e-01 -3.01892906e-01 -1.22408219e-01  6.84111476e-01
 -2.76846200e-01  3.28893125e-01  2.13025495e-01  2.83522278e-01
 -1.90407300e+00  1.05473198e-01  3.87575448e-01  5.53796254e-02
 -1.15783028e-01  6.76978827e-01  1.93166971e-01  2.56325096e-01
 -5.99739611e-01 -5.15846193e-01  6.79478765e-01  4.47150111e-01
 -1.42887160e-01 -3.14780772e-02  4.06855851e-01 -1.58911332e-01
 -9.65684932e-03 -7.69786298e-01  1.97960407e-01  3.81275386e-01
  1.11930273e-01 -1.50876999e-01  9.27985758e-02 -2.91723996e-01
  8.56456459e-02  9.26432014e-02  1.70701355e-01  5.20618796e-01
 -7.43687093e-01 -5.02448417e-02  5.22429124e-02  8.60012770e-01
  8.04751694e-01  4.54075068e-01  5.50342835e-02 -2.37832755e-01
  2.51064450e-01  7.95485020e-01  4.64181095e-01 -1.45451456e-01
  2.24768799e-02 -1.57770321e-01  5.33059061e-01  2.39982620e-01
 -1.74436703e-01 -7.85607006e-03  2.89194852e-01  2.06837133e-01
 -1.85327828e-01  6.37874901e-01  7.02621102e-01  1.64374009e-01
  2.27419958e-01  1.12259462e-01  1.08037770e+00  1.67354960e-02
 -1.72071263e-01 -6.43910766e-01 -6.93342164e-02 -3.77212167e-01
  2.81704869e-02  3.41115147e-02  1.20493926e-01  3.88853669e-01
 -2.63448954e-01  2.35607386e-01  1.88252196e-01 -1.41860157e-01
  3.51186752e-01 -5.90380609e-01 -4.72296059e-01 -1.88462615e-01
  7.87147358e-02 -7.79935062e-01  4.34082210e-01  3.55190009e-01
  4.19434786e-01 -1.69391766e-01 -4.18043315e-01  8.21450800e-02
 -1.83815256e-01 -1.40508369e-01 -1.36860460e-01  2.68377185e-01
  3.59268486e-03 -3.26128811e-01  1.75420865e-01 -4.79549021e-01
 -4.57891375e-01 -3.07402648e-02 -9.61886823e-01 -1.04021795e-01
 -1.70662075e-01  5.63137412e-01 -1.73657268e-01 -8.61991346e-02
  1.74125224e-01 -2.78803669e-02 -1.50995806e-01 -1.28255382e-01
 -5.93872368e-01  4.08979267e-01  8.29112455e-02  1.02354802e-01
  3.40668440e-01  3.22893888e-01  2.23098412e-01  3.68858397e-01
 -5.46056628e-01  5.54232895e-02 -6.03650272e-01 -3.18844438e-01
  6.69489622e-01 -1.69353768e-01  2.79108077e-01  2.57520890e-03
 -1.78716391e-01  5.42557955e-01 -2.63845533e-01 -5.68337917e-01
 -1.81565315e-01  6.08710647e-01  7.67980963e-02  6.42816007e-01
  3.76709580e-01  7.91594207e-01 -1.17319480e-01  4.40379500e-01
 -1.17283333e-02 -7.06030503e-02  4.44159210e-01 -6.63274646e-01
  8.61259475e-02 -4.58831452e-02  1.41032517e-01  4.22554821e-01
  2.31228128e-01  1.68151632e-01  2.72352487e-01  2.04196349e-01
 -1.13721728e-01  2.08122849e-01  2.45736510e-01  4.33487922e-01
 -3.47875446e-01 -6.16108119e-01 -3.62785935e-01  3.60947698e-02
 -4.68685806e-01 -1.44036159e-01  6.83917046e-01 -6.83362037e-02
  9.23455954e-02 -2.30743796e-01 -7.26019025e-01 -4.81681883e-01
 -4.78433490e-01 -2.10555166e-01  7.35890418e-02  4.20312673e-01
  5.72357178e-01  7.58978259e-03 -9.13279593e-01  3.10104191e-01
  1.92948788e-01  4.60647821e-01  1.26132712e-01 -2.45517045e-01
 -1.57347322e-01  6.69548139e-02 -7.16644004e-02 -1.94064915e-01
  1.80845261e-01  1.32692205e-02 -5.06711341e-02 -4.84208435e-01
  1.54028118e-01 -2.62370050e-01  1.47505835e-01 -2.53997326e-01
  5.18557966e-01  1.03220277e-01 -7.60931194e-01 -3.09986204e-01
  1.27462447e-01 -2.59673744e-01 -1.30606472e-01 -6.11622214e-01
  1.90020576e-01 -3.81309032e-01 -1.31044686e-01  2.89544016e-01
  5.35934985e-01 -2.92400450e-01 -1.34607494e-01  3.89133215e-01
  5.69875956e-01 -4.60829735e-02  3.97218838e-02 -7.01807290e-02
 -2.84918666e-01 -1.75846890e-01  4.25268263e-02 -1.49015009e-01
 -1.98945567e-01 -1.96695402e-02 -7.79639900e-01 -2.52239078e-01
  5.96350096e-02 -8.66110325e-01  6.77447796e-01  1.85520396e-01
  5.30179322e-01 -5.00316203e-01 -8.92804191e-02 -2.44664043e-01
 -5.51854670e-02 -6.70366175e-03  4.18735623e-01 -3.89188193e-02
 -7.82246053e-01 -6.78139701e-02 -4.74071294e-01 -4.95743424e-01
  4.79934067e-01  3.95989537e-01 -4.03847337e-01  9.71675739e-02
  3.38846087e-01 -2.26312622e-01 -1.47653654e-01  8.29782858e-02
 -1.34539217e-01  1.11060828e-01  2.89263725e-01  3.48658375e-02
  2.14787796e-01  2.84224987e-01 -3.34473252e-01  1.85316160e-01
  2.59804994e-01  6.58567667e-01  2.96102852e-01 -5.68209914e-04
  1.01207104e-02 -3.23925205e-02 -5.57614267e-01  4.53878731e-01
  2.71720946e-01  5.44496894e-01 -3.91265363e-01  6.19258583e-01
  6.21328235e-01 -4.58239913e-01  3.54358107e-01  6.62291646e-01
  4.14657146e-01  3.33427131e-01 -3.52933556e-02 -6.12291433e-02
 -7.31713176e-01  2.76707411e-01 -3.05102021e-02  2.55432218e-01
 -3.55859622e-02 -3.24385017e-02 -1.06860235e-01 -2.45563000e-01
  1.75148211e-02  3.63733441e-01  3.27782601e-01  1.44681349e-01
  3.02171677e-01 -3.77583772e-01  4.75103110e-01  4.33124989e-01
  2.10160855e-02 -1.45999461e-01  2.46096119e-01  3.80226105e-01
  6.37458980e-01  3.14390995e-02  3.57241213e-01 -2.07258850e-01
 -1.02187920e+00  8.56554732e-02  1.02315852e-02  3.64446521e-01
  5.95105469e-01 -5.78033805e-01 -2.02329919e-01  1.86021313e-01
  5.03720343e-01 -2.87385941e-01 -9.41149369e-02 -4.39944655e-01
  1.73243046e-01  2.61532307e-01 -1.30306855e-01  7.27578476e-02
  1.29107237e-01  3.21299791e-01 -1.63494468e-01  1.45674944e-01
  2.13067949e-01  7.29916453e-01  1.36237934e-01  9.12676230e-02
  4.25005369e-02 -2.69976765e-01 -4.45096910e-01  5.19218408e-02
  6.58692420e-02 -3.38729471e-01 -4.07128155e-01  3.78243290e-02
 -3.90721649e-01  1.47309169e-01 -2.99052000e-01  2.54909217e-01
  3.07830989e-01  5.76332025e-02 -3.66539471e-02 -4.79074359e-01
 -6.32993877e-02 -2.42817495e-02 -7.73797452e-01  9.51301605e-02
 -2.57984787e-01  1.72079846e-01 -2.19289929e-01  2.13155206e-02
 -4.72984076e-01 -2.63345808e-01 -3.67784172e-01  5.50566792e-01
 -1.21872328e-01 -4.21429157e-01  4.17335808e-01  3.11452329e-01
 -1.26444384e-01 -9.92277384e-01  3.27897877e-01  3.60675633e-01
  5.68462253e-01 -2.31235683e-01  5.09494424e-01 -3.74531507e-01
  2.22900659e-01  1.00892588e-01 -4.16084230e-01  5.26250482e-01
 -1.04641905e+01 -4.21339095e-01 -4.99089569e-01 -2.99182802e-01
 -5.23726225e-01  3.39393765e-01  6.27589703e-01  3.31080645e-01
 -4.00895625e-01  1.50315478e-01  7.72168711e-02  4.32523161e-01
  3.52770120e-01  3.08515072e-01 -5.92936039e-01  1.28889039e-01
 -3.21943879e-01 -4.82525885e-01  1.69491174e-03 -2.16053218e-01
  1.13106675e-01 -6.64482653e-01  5.31032443e-01  5.34587860e-01
  1.47968188e-01 -1.67655766e-01 -1.39973372e-01  4.00479287e-01
 -3.12294308e-02  2.98741668e-01 -8.07222068e-01  4.48259860e-01
 -1.69217005e-01  4.52093810e-01 -2.33320862e-01  5.34967370e-02
 -2.51293957e-01  5.02317607e-01  2.49905419e-02  3.45352024e-01
  3.13356221e-01  4.28559840e-01  7.75187612e-02 -1.17707647e-01
 -2.01953635e-01  3.70267332e-01  1.41878560e-01  3.13789338e-01
  5.65622211e-01 -4.79439693e-03  4.82669659e-02 -1.86638683e-01
 -2.59339571e-01 -3.54102194e-01  2.77955770e-01 -4.53307340e-03
  7.60052860e-01 -7.73522913e-01 -3.09432000e-02  1.05239153e-01
  3.33052367e-01 -1.45843044e-01  9.52336907e-01  8.97085905e-01
  2.63575464e-01  1.60239428e-01  4.37854975e-01  3.98333400e-01
 -3.24703217e-01 -1.07503854e-01  3.31086814e-01  5.56431592e-01
 -9.66658220e-02  2.01535046e-01  1.42471105e-01  7.56823540e-01
  2.72642467e-02 -2.36781344e-01  2.11419031e-01 -2.96052217e-01
  4.38117802e-01 -1.65540233e-01 -2.86581606e-01  1.38894692e-01
 -6.06552839e-01  2.48870358e-01  6.86032027e-02  3.07487011e-01
  1.11129873e-01 -5.87075889e-01  4.45045739e-01 -1.70424923e-01
 -2.90448219e-01  4.09216136e-01  2.25521177e-01 -2.21803546e-01
 -1.48806930e-01  3.03539425e-01  3.37459475e-01  4.87138368e-02]"
フ,"[ 7.82647550e-01  5.25917411e-01  1.30208886e+00 -3.08349848e-01
  2.12421298e-01  8.31846118e-01  5.09613454e-01  3.76419425e-01
 -9.01432931e-01 -5.63749075e-01  4.13691878e-01 -7.01193094e-01
 -2.95583636e-01  3.47710401e-01  2.74811149e-01  2.73348927e-01
 -3.14747930e-01 -3.07599485e-01  2.14062095e-01 -1.05566442e+00
 -1.68436706e+00 -6.00017130e-01 -4.54872221e-01  7.45620370e-01
  1.93564624e-01 -9.04433846e-01 -3.99377942e-02 -3.06529939e-01
  3.32067877e-01 -4.79370236e-01 -6.47513032e-01  2.99863487e-01
 -2.04831287e-01  2.48792037e-01 -7.03609228e-01  3.75649333e-01
 -5.23770034e-01 -5.79116642e-01  4.59319204e-01  4.35822047e-02
 -1.24784343e-01 -4.10947472e-01  3.52863520e-02  4.47593838e-01
 -2.28891909e-01  4.46135998e-01  8.41410272e-03  3.60631526e-01
  4.21722978e-02 -3.79455566e-01 -8.03179443e-01  5.98859489e-01
  5.25773704e-01  4.15566325e-01  2.42164657e-01 -1.17814112e-02
  7.35914886e-01 -7.01969922e-01  2.43315741e-01  5.86080372e-01
 -7.90153563e-01 -3.74113023e-01  5.64501345e-01 -8.77593011e-02
 -1.02911972e-01  3.65419507e-01 -3.01722795e-01 -4.39783037e-01
  7.34266222e-01 -1.01545915e-01  1.93434149e-01  3.04078907e-01
 -1.30567893e-01 -1.05014837e+00  7.23466992e-01 -3.06914151e-01
 -5.59362359e-02  8.14135969e-01  3.47547978e-01  1.16925292e-01
 -1.95765108e-01  4.91143107e-01  5.68294048e-01 -1.94267750e-01
 -4.74248260e-01 -2.92376410e-02 -5.25469661e-01 -1.04090118e+00
  7.49848306e-01 -8.27324912e-02  1.00664392e-01 -3.59692812e-01
  1.58191510e-02 -1.38005957e-01  6.64549351e-01  4.15148288e-01
 -3.05054523e-03 -2.80613840e-01 -3.90187562e-01  6.02873676e-02
 -3.06217760e-01  1.63814053e-01  3.20496738e-01 -5.31065203e-02
 -3.50250065e-01 -1.43982127e-01 -3.32299203e-01  2.78855026e-01
  3.77189964e-01  4.89404947e-01 -6.11553490e-01 -7.62937069e-01
 -2.65266418e-01 -4.73008096e-01  4.86597598e-01 -3.82624045e-02
 -3.93780142e-01  3.75756770e-02  5.67347966e-02  3.26442629e-01
  9.69640911e-03  5.39633155e-01  1.58000886e-01 -6.77504778e-01
  3.86275910e-02 -6.03411682e-02  7.53792286e-01 -1.78754419e-01
 -6.00111723e-01  5.77094816e-02 -4.29245710e-01 -1.01733065e+00
 -1.63769573e-01  2.00555101e-03 -2.79669017e-01  7.68581033e-01
  1.96971789e-01 -2.81340003e-01 -5.58883771e-02  4.81328517e-02
 -6.11000121e-01  1.57626033e-01  5.38281739e-01 -8.71837318e-01
  3.33581562e-03  3.88865054e-01 -7.27371454e-01  2.03920640e-02
  2.86573499e-01  1.33916870e-01  6.15801439e-02  1.57815647e+00
 -7.01809883e-01  1.98264286e-01  1.62270084e-01  3.90638649e-01
 -6.51776671e-01 -8.84410813e-02  6.51547685e-02  1.70063674e-01
  4.54091191e-01 -1.01943612e-01  2.89283633e-01  4.66449320e-01
 -5.93703091e-02  8.79369825e-02  6.23777628e-01 -2.35121757e-01
 -3.87005538e-01  3.16160589e-01  5.06709337e-01  6.64134681e-01
  3.00256401e-01  4.16216135e-01 -3.30784559e-01  3.69539529e-01
  1.18171763e+00  3.82842481e-01 -2.79423267e-01 -6.68540180e-01
 -1.39313906e-01  2.24739667e-02  4.02513772e-01 -5.96123338e-01
  9.27061379e-01 -9.58791301e-02  2.17003152e-02 -3.79576057e-01
 -4.39115047e-01  4.82353121e-01 -3.18075120e-01 -1.56537786e-01
  5.23457110e-01 -3.43480468e-01 -5.78572690e-01 -1.80210188e-01
  8.66729736e-01  3.60177487e-01 -5.11703849e-01  2.46784866e-01
  1.03565529e-02  3.24565709e-01 -5.54741360e-02 -7.31342852e-01
 -8.63351941e-01  1.38213262e-01  2.96723306e-01  3.60331684e-01
  2.66837329e-01  7.36216068e-01 -3.45761746e-01 -2.27996320e-01
  5.57525575e-01  7.35202758e-03  5.64224362e-01  3.12273741e-01
 -5.55185437e-01 -3.19980741e-01 -1.09665945e-01  3.40611219e-01
  4.13384765e-01 -7.42934823e-01  9.65041518e-02  4.52797972e-02
  2.45937765e-01  8.75594616e-01 -1.19197428e-01 -2.42388397e-01
 -4.14965540e-01 -1.83113828e-01 -1.61120355e+00 -7.48286903e-01
 -7.81039417e-01 -1.94545358e-01 -3.63337874e-01 -5.55990398e-01
 -3.12035292e-01 -1.69833302e-01 -1.05484533e+00  4.51220751e-01
 -3.41326773e-01 -4.72518146e-01  5.25271714e-01 -3.33267033e-01
 -1.45078912e-01  2.72296190e-01 -2.69689322e-01 -2.71205038e-01
 -2.67325819e-01 -1.68802559e-01 -3.45682800e-01  4.61778939e-02
 -2.78889418e-01 -7.82595053e-02  9.09902334e-01  7.65965939e-01
  8.24813664e-01 -5.93795717e-01  2.70438612e-01 -7.05629528e-01
 -1.70206234e-01 -1.99136332e-01 -8.74573067e-02  4.67531532e-01
 -1.29725859e-01  9.21973437e-02 -2.85319149e-01 -5.01835465e-01
 -1.32753387e-01 -7.17441320e-01  3.15306664e-01 -2.85966814e-01
  2.21679091e-01 -3.14525634e-01  2.00291276e-01  6.47503018e-01
 -4.85193402e-01  6.03637397e-01  7.81825855e-02  1.19231150e-01
 -7.29739293e-02  3.89627844e-01 -6.47833526e-01 -5.57009913e-02
 -4.68339086e-01  2.02988729e-01 -6.89609587e-01 -1.56571627e-01
 -6.22638881e-01  1.06590903e+00  4.69919473e-01 -6.70174599e-01
  1.61680475e-01 -1.01886757e-01 -6.51634693e-01  7.24902675e-02
  1.06340373e+00 -4.81708907e-02  5.07693827e-01  1.76863298e-01
  1.11637963e-02  3.17154229e-01  1.05577040e+00 -3.76553357e-01
  3.21000189e-01 -1.27280923e-02  5.94699681e-01  8.35534558e-02
 -1.91299558e-01 -8.43067989e-02  3.51381242e-01  6.48470879e-01
 -3.42365652e-01  7.75106549e-01  7.82606065e-01  8.60111356e-01
 -1.65384138e+00 -5.60502708e-01  4.47244525e-01  2.06942573e-01
 -7.57783413e-01 -3.49187404e-01  3.40590298e-01  2.77040303e-01
 -5.02242386e-01 -7.94109225e-01  1.41403389e+00  4.98766005e-02
  2.08683982e-01  3.63987163e-02  1.88692361e-01 -1.11031048e-01
 -3.60130608e-01 -1.12408829e+00  5.79652131e-01  3.87356013e-01
 -7.95459867e-01  2.00630147e-02  1.39887869e-01 -2.52302825e-01
 -5.48057795e-01  5.79018295e-01 -1.01518631e+00  2.15661302e-01
 -7.13244557e-01 -1.41519114e-01  5.80285549e-01  1.01964450e+00
  7.87522018e-01  3.35296363e-01 -1.33867955e+00 -3.95884991e-01
 -4.64708060e-01 -5.51258147e-01 -3.68074626e-01 -2.89611042e-01
 -5.86372055e-02 -4.85617459e-01  3.59065861e-01 -2.03989476e-01
  3.19382042e-01 -4.66966063e-01  1.84358098e-02 -1.17764577e-01
 -7.51829743e-01  2.17194811e-01  4.98323023e-01 -1.21766530e-01
  3.02167505e-01  3.97454649e-01  8.73189807e-01  4.86418575e-01
 -1.47506103e-01 -8.21750760e-01 -4.15377289e-01 -7.17481852e-01
 -1.88540682e-01 -4.71468329e-01 -5.40361106e-01  8.72439623e-01
 -6.35207340e-04 -3.62211853e-01 -2.05666453e-01 -9.95925963e-01
  6.53732181e-01 -2.55873770e-01 -4.66859102e-01 -5.66553548e-02
  1.70031525e-02 -3.28914702e-01  7.08534956e-01  1.28941527e-02
  7.04864323e-01 -4.43582982e-01 -8.13341975e-01  1.12423912e-01
  3.96507755e-02 -2.63977855e-01 -1.46456614e-01  7.61071742e-02
 -1.33130148e-01 -1.81857683e-02 -3.39247912e-01 -5.73343217e-01
 -4.14599389e-01  2.88230866e-01 -6.08850181e-01 -9.06104147e-02
 -1.52483240e-01  6.97809756e-01 -2.26354331e-01  1.55598328e-01
  4.98451181e-02  5.96865177e-01 -6.97800636e-01 -4.87546891e-01
 -6.56886725e-03  8.43118504e-02  2.02044323e-01  2.06645131e-01
  4.42749113e-01  1.44969016e-01  3.98659706e-01  1.59820527e-01
  4.30325896e-01  1.50802344e-01 -5.40567458e-01 -3.22427094e-01
  6.21984422e-01 -2.15380952e-01  1.02795482e-01  3.13167959e-01
 -4.95007336e-02  4.14121062e-01 -2.43007839e-01 -1.13359225e+00
  5.52682877e-01  9.35630500e-02 -1.70994759e-01  7.19465137e-01
  8.00606847e-01  3.39845896e-01  3.50449800e-01  2.76076257e-01
 -2.42712386e-02  2.78523583e-02 -3.48795623e-01 -3.79682630e-01
  5.32269657e-01 -6.66004699e-03  6.83804512e-01  8.62019122e-01
  2.15399951e-01  5.26101351e-01  4.66692746e-01  5.13240814e-01
 -7.97293186e-01 -4.25045453e-02  1.19311996e-01 -4.42487270e-01
 -3.89292121e-01  9.43137109e-01 -5.37301004e-01  1.40377805e-01
 -9.62409601e-02 -2.76737869e-01  1.23733783e+00  3.06611061e-01
  6.16704583e-01 -1.15459180e+00 -5.08632064e-01 -9.02416706e-01
 -1.16800499e+00  2.13716894e-01 -6.36904895e-01  2.09286492e-02
  3.65663379e-01 -3.00349444e-01 -5.02281070e-01  4.09797400e-01
  6.45879626e-01  5.96021675e-02 -2.25404516e-01 -2.97485203e-01
 -4.05407518e-01  4.94538099e-02 -6.48215055e-01 -2.73283094e-01
  3.17872465e-01 -5.39429896e-02 -2.89714366e-01 -4.14691389e-01
  3.14884573e-01 -1.20146506e-01  7.00893283e-01 -2.47429326e-01
  1.03932969e-01  8.91305208e-02 -5.52187622e-01  5.21543026e-02
 -1.70706600e-01  1.37383267e-01 -6.73377633e-01  2.77359128e-01
 -1.02622703e-01 -3.35127592e-01 -1.46926776e-01  6.38033569e-01
  6.10380352e-01 -6.89893484e-01 -3.36894900e-01  3.70931476e-01
  1.59607306e-01 -2.26615220e-01  2.43816748e-01 -6.97083175e-01
 -5.01698911e-01 -3.41538906e-01  1.11199372e-01 -1.55766206e-02
  1.43861040e-01  3.09151441e-01 -1.08954763e+00 -7.68035650e-01
  6.43837094e-01 -1.38792276e+00  2.77736723e-01 -7.27885514e-02
  7.27701783e-01 -1.08867919e+00 -5.95618449e-02 -1.70104325e-01
 -1.64844006e-01 -3.16530496e-01  2.49177963e-01  1.80337980e-01
 -1.04563236e+00 -4.03307676e-01  3.63963604e-01 -8.29517961e-01
  1.67252862e+00  8.32167938e-02 -8.31673741e-01  3.97058129e-01
  5.50849199e-01  6.57026947e-01 -2.09646925e-01  6.33909032e-02
 -3.37766588e-01  1.10040694e-01  3.34869444e-01 -2.18474403e-01
  5.02188325e-01  1.71818405e-01 -1.33710459e-01 -1.80999190e-01
  3.94617528e-01  3.53572994e-01  3.58871698e-01  5.83962142e-01
 -3.26499939e-01  3.35221514e-02 -4.11523253e-01  2.17437997e-01
 -6.74751848e-02  2.34942034e-01 -4.63930994e-01  7.39022493e-01
  1.85013235e-01 -2.15560272e-01  2.49356732e-01  1.16218233e+00
  4.12730649e-02  9.49841797e-01  9.35586616e-02  2.36268148e-01
 -5.33513308e-01  4.20653492e-01  6.77196741e-01  1.67118043e-01
  7.00884163e-02  2.54230171e-01 -2.47839391e-01 -5.79863414e-02
  7.09711015e-01 -5.82409501e-01 -3.60090882e-02  3.53170335e-01
  3.22864391e-02 -2.96020389e-01  6.82790756e-01  4.07968700e-01
 -1.78888366e-01 -1.72180623e-01 -9.47501436e-02  1.08485448e+00
  9.26844954e-01  1.47440165e-01  9.45097208e-01 -7.09666729e-01
 -3.59796733e-01  1.36256427e-01 -2.47442365e-01 -2.60311872e-01
  3.11763376e-01 -2.20792860e-01 -8.63722742e-01  6.91807508e-01
  6.39093995e-01  4.34571542e-02 -1.29994214e-01 -7.24925101e-01
  2.89378852e-01 -1.67659983e-01 -3.07060570e-01  2.06952721e-01
  2.21372291e-01  6.77560747e-01  2.32271492e-01 -3.65689360e-02
  1.25641316e-01  8.04988444e-01  2.53866129e-02 -1.40548557e-01
  1.78979188e-01 -3.75238508e-02  4.76011723e-01  2.03800470e-01
  7.21946537e-01  2.19666451e-01 -1.18965879e-01  7.66073704e-01
 -2.63091683e-01 -1.71911418e-01 -2.65062511e-01  8.61074150e-01
  3.75340104e-01 -7.87468791e-01  1.90886483e-01 -1.85985342e-01
  1.32765591e-01 -3.18561375e-01 -8.11702728e-01 -2.00231493e-01
  1.60125226e-01 -4.23499137e-01 -2.64557183e-01  2.83981919e-01
 -3.87500584e-01 -1.95529550e-01 -2.38287300e-01  3.39453638e-01
 -1.17828834e+00 -2.70878464e-01  6.08580232e-01  1.08951919e-01
 -4.94533986e-01 -1.60599089e+00  4.11206633e-01  7.20181286e-01
  1.60185650e-01  1.57779574e-01  4.77547348e-01 -9.90123525e-02
 -5.26445031e-01  7.39465132e-02 -5.46195984e-01 -2.56094247e-01
 -9.25653744e+00  4.01836902e-01 -1.64053157e-01 -6.55582607e-01
 -2.39472106e-01 -3.47618222e-01  9.82560873e-01  1.10607791e+00
 -3.42825651e-01  6.24939620e-01 -7.08633214e-02  9.89143550e-02
  4.06998575e-01  6.51035516e-04  8.99028033e-02  1.49146020e-01
  6.48775846e-02  4.12713997e-02 -1.64781004e-01  1.31873667e-01
 -7.60875344e-01 -4.36492890e-01  6.29807651e-01  1.12572923e-01
  2.87511319e-01 -2.35936731e-01  1.51090130e-01  7.92638600e-01
  6.61192358e-01  5.90873122e-01 -8.57350707e-01  6.14852905e-01
 -7.63439834e-01  5.06893992e-01 -3.98905903e-01  2.96875507e-01
  7.40435064e-01  3.40602428e-01 -5.18068075e-01  4.91527766e-01
  5.32348812e-01  3.73053223e-01  4.88676019e-02 -2.28323847e-01
 -2.64637411e-01 -8.41872334e-01  4.30218935e-01  7.89315179e-02
  9.75777745e-01 -1.45805582e-01 -6.18143618e-01  1.92748025e-01
  1.86329857e-01 -6.91390157e-01  3.57598871e-01 -1.90877125e-01
  2.85256207e-01 -1.04374230e+00  3.64740342e-01 -1.32046798e-02
 -4.36468683e-02 -8.27958733e-02  5.22545993e-01  7.40824759e-01
  1.81303754e-01  8.13947678e-01 -1.33367151e-01  1.46204337e-01
 -1.01795745e+00  6.88395500e-02  2.01275110e-01  4.17577833e-01
  1.95419192e-01  3.05780590e-01  2.36955956e-01  3.95616591e-01
 -8.40825662e-02  2.88647592e-01  4.74342287e-01 -2.23226458e-01
  6.44110262e-01 -5.34417808e-01  1.75139606e-01  4.00959432e-01
 -6.76573634e-01  1.13503136e-01  2.19728470e-01 -8.71298254e-01
  3.33032191e-01 -7.56392777e-01  3.60424697e-01 -3.42170596e-01
 -4.85507190e-01  5.57083964e-01  2.93882817e-01 -4.86824155e-01
 -5.74239418e-02  5.44822104e-02  2.94287384e-01 -4.14492786e-01]"
ル,"[ 3.26731980e-01  5.04282534e-01  3.89179349e-01 -6.44690990e-01
  2.49296710e-01  3.91729325e-01  4.88504976e-01  3.53201479e-02
 -2.95425534e-01 -2.60005653e-01  4.70541805e-01 -4.22743052e-01
 -4.30875629e-01  1.58937618e-01  3.83313179e-01 -1.55522630e-01
  6.77125931e-01 -7.02978345e-03 -3.24126095e-01 -3.54961693e-01
 -2.78582033e-02 -4.65597063e-01 -2.77583808e-01  5.84897041e-01
  1.18650407e-01 -6.84032440e-02 -2.16254413e-01  2.65272781e-02
 -2.16688067e-01 -4.53442544e-01 -5.38806081e-01 -4.36871827e-01
 -2.40657032e-01 -6.48179501e-02  2.76409239e-01  5.43523505e-02
 -4.16244775e-01 -1.36538610e-01 -1.51278049e-01 -1.80158168e-01
  6.98311999e-03 -1.98959589e-01 -3.20480049e-01  2.30019782e-02
 -4.74046826e-01  6.39370739e-01 -7.36668287e-03  4.13685113e-01
  4.35360938e-01 -4.21324015e-01 -3.09435934e-01  2.89673388e-01
  3.11005741e-01  3.82635742e-02  4.44521338e-01  2.00360104e-01
  6.65897667e-01 -4.73690152e-01 -2.46517584e-01  2.81183064e-01
 -5.47289431e-01 -2.53186245e-02  5.46053588e-01  3.49573404e-01
  4.61798608e-02 -2.74075150e-01 -2.95972794e-01  2.03966543e-01
 -4.29575682e-01 -1.77129269e-01 -2.26788148e-02  1.84225187e-01
 -1.28756925e-01  1.75223455e-01  1.07239306e+00 -7.10352510e-02
  3.61193985e-01 -1.05660848e-01  2.93012232e-01 -4.51143116e-01
 -1.16987072e-01  2.36134738e-01 -1.73182756e-01 -7.00093269e-01
  2.41694450e-01  4.53051686e-01 -1.84717372e-01 -9.32751536e-01
  1.68312564e-01 -2.97227770e-01  1.01908028e-01  1.78527460e-01
  3.18895251e-01 -1.51043445e-01  2.09509894e-01 -5.62417090e-01
  7.18266591e-02  1.15675360e-01 -1.97896408e-03  1.87925398e-01
  1.07605658e-01  3.65924351e-02  7.73095712e-02 -2.18037307e-01
 -3.06402057e-01 -4.19833474e-02 -5.43883815e-02  9.71352980e-02
 -1.50516331e-01  2.13559851e-01 -1.77606031e-01 -5.53326070e-01
 -3.11462015e-01  1.91556349e-01 -1.11410566e-01  3.97476219e-02
  1.84190124e-01  5.03532946e-01 -3.44909765e-02  6.82116389e-01
  1.47258312e-01  3.25034231e-01  9.81586426e-02 -3.29672366e-01
  7.27170557e-02 -6.20832108e-02  1.22826189e-01  1.79835707e-01
 -2.77418017e-01 -7.47166798e-02 -3.98416430e-01  2.52069324e-01
 -2.92137146e-01 -3.76550853e-01 -6.78034067e-01  6.24375165e-01
 -1.83859810e-01 -1.40309468e-01 -6.80529773e-01  7.87205936e-04
 -3.26239914e-01  4.35296535e-01  2.22362638e-01 -3.20366889e-01
  3.12910974e-01 -3.46749127e-02 -3.26274604e-01 -4.34896141e-01
  1.46123156e-01  3.25375021e-01 -1.08778857e-01  1.30504179e+00
 -8.49389851e-01 -3.52116898e-02 -6.78188950e-02  2.58787692e-01
 -2.11090147e-01 -1.31479591e-01  2.12694481e-01  4.04540539e-01
  4.58943844e-01 -4.96835500e-01  4.67124373e-01  7.62880802e-01
  1.03759758e-01  5.10176539e-01  4.03096735e-01  2.91370243e-01
  3.24705869e-01  1.11068213e+00  4.40338820e-01  3.14902782e-01
 -1.74683452e-01 -4.14885819e-01  2.98893899e-01  3.91862303e-01
  2.47819304e-01  7.48790354e-02  3.69910508e-01 -6.06402218e-01
 -1.21668041e-01  2.07931712e-01 -2.40776300e-01 -2.15098426e-01
 -1.99975483e-02 -2.36678198e-01 -2.01144293e-01 -4.58506823e-01
 -4.12447035e-01 -3.69753391e-02  1.03545308e-01 -2.10558653e-01
  2.10895911e-01 -5.58884382e-01 -1.53098851e-01 -9.27405804e-03
 -3.15667450e-01  1.64822564e-02 -4.31600749e-01  1.98772684e-01
 -1.61918640e-01 -6.56105531e-03  1.62639886e-01 -6.17322028e-01
 -7.65494883e-01 -1.58118457e-02  4.28459227e-01  5.02427697e-01
  3.07586730e-01  4.95009542e-01 -3.03695500e-01 -5.41406171e-03
  4.75791730e-02  1.15872234e-01  1.02787532e-01  3.56453329e-01
 -7.48949885e-01 -4.54489857e-01  6.12788349e-02 -3.92130822e-01
  7.04927385e-01  2.11727977e-01  4.78976309e-01  7.47089386e-02
 -3.11096638e-01  8.81793275e-02 -7.90814012e-02 -4.82506961e-01
  3.20451148e-02  1.15174808e-01 -2.79118031e-01 -1.34067371e-01
 -1.16651750e+00 -3.76560003e-01 -4.25942421e-01  1.87160313e-01
  1.21384233e-01  6.42677188e-01 -1.29195079e-01  5.15407741e-01
  2.10941702e-01 -3.01067352e-01  3.36712182e-01 -7.37029463e-02
 -2.21858900e-02  5.71483336e-02  1.76641405e-01 -3.18243876e-02
 -8.35957155e-02 -4.69673099e-03 -4.82933223e-01 -2.98676103e-01
  1.20417759e-01 -9.69076529e-02  4.43001330e-01  4.86051500e-01
 -4.61407052e-03 -1.71165824e-01  1.25350384e-02 -3.14975202e-01
 -4.68966335e-01 -5.81907511e-01  2.40920403e-04  1.06020242e-01
  6.16700090e-02  1.22737974e-01  2.09246859e-01 -7.46785343e-01
 -3.34490001e-01 -5.02078831e-01  2.29773536e-01 -1.82843193e-01
 -1.58152208e-01 -1.38256559e-02 -6.24823213e-01  3.94642390e-02
  3.44801806e-02  2.15177715e-01 -5.91843367e-01  3.02089006e-01
 -3.63323808e-01  1.19116858e-01 -4.95065391e-01  1.32317036e-01
 -6.89977929e-02 -3.02150905e-01 -4.40863311e-01 -1.59070492e-01
 -4.24963385e-01  2.70467341e-01  2.07506604e-02 -6.47590101e-01
  1.80557817e-01  3.03932071e-01 -2.25398645e-01  1.78431511e-01
 -5.68857836e-03  8.43304694e-02 -2.87452161e-01  1.65928215e-01
  2.62398094e-01  2.79276460e-01  2.43692741e-01 -1.09226018e-01
 -2.07837790e-01 -3.58530879e-01 -1.48477241e-01 -1.49576619e-01
  5.84490478e-01 -9.98776495e-01 -2.21470594e-01  1.24797356e+00
 -7.75828183e-01  6.65553957e-02  4.56156814e-03  8.13340425e-01
 -1.76107228e+00 -1.87327757e-01  2.81074680e-02 -9.07032415e-02
 -3.17724645e-01  1.00657308e+00  1.29056275e-01  1.61709815e-01
 -1.40919134e-01 -2.12608725e-01  5.71361005e-01  3.17417651e-01
 -4.54732984e-01 -3.35984677e-01 -2.14182632e-03 -8.30781087e-02
  3.13399404e-01 -8.41548622e-01  2.69359827e-01  4.74840879e-01
 -1.11340635e-01 -5.63197769e-02  1.99777588e-01 -3.22866291e-01
 -7.41044134e-02  1.75583228e-01  1.07726507e-01  2.82374442e-01
 -4.98763025e-01 -1.88886821e-01  4.28303659e-01  8.30787838e-01
  7.46820629e-01  7.61715949e-01 -2.23476112e-01  5.43698855e-02
  6.19472980e-01  3.15236866e-01  6.47981584e-01 -3.52014393e-01
  5.84369642e-04 -2.89363146e-01  5.85779607e-01  8.54745060e-02
 -1.18804038e-01  4.10134226e-01  5.22956550e-01  2.93756753e-01
 -1.00960694e-01  7.68756494e-02  9.07449305e-01  3.31106216e-01
  2.55146861e-01  2.69178182e-01  1.54338881e-01  2.70305485e-01
  1.07563093e-01 -3.36244673e-01  1.27017170e-01 -3.42480123e-01
 -2.44117584e-02 -1.97265327e-01 -2.00936809e-01 -2.87086606e-01
 -6.07854664e-01 -7.19562694e-02  8.95940661e-02 -7.98127890e-01
 -1.07164662e-02 -4.85267282e-01 -6.45511150e-01 -2.48662785e-01
 -1.73156336e-01 -7.42214918e-01  1.06880695e-01  7.67558157e-01
  3.43075633e-01 -4.88770276e-01 -2.02839851e-01  1.15026280e-01
 -2.65461206e-01 -7.78926164e-02 -1.30000859e-01  1.26661062e-01
 -2.74705529e-01  2.50622928e-01 -4.73668635e-01 -4.54752117e-01
 -6.35390699e-01 -2.73943633e-01 -7.01945782e-01 -4.65927497e-02
  1.59214623e-02  5.70800126e-01 -1.23602904e-01 -1.02641933e-01
 -1.21359482e-01 -3.89390618e-01 -2.69768000e-01 -3.76918197e-01
 -5.60970843e-01  7.75345340e-02  4.28967416e-01  5.75431287e-01
  4.96806800e-01  5.13799250e-01  1.43753052e-01  2.25522980e-01
 -2.15361506e-01  1.00604624e-01 -2.55102217e-01 -5.03013253e-01
  5.30081213e-01 -4.44314815e-02  3.15746456e-01  1.19612217e-01
 -1.53319463e-01  6.16995990e-01  1.20029688e-01 -4.37794000e-01
  1.47731798e-02  5.54076314e-01 -2.37557337e-01  3.86717319e-01
  7.38726258e-02  9.26848650e-01  7.52368420e-02  4.00617838e-01
  7.21965283e-02 -3.29750955e-01  2.45472670e-01 -9.69294235e-02
 -3.82626534e-01 -9.27560925e-02 -9.97589827e-02  5.40426075e-01
  5.49117684e-01 -3.90110910e-02  2.24794716e-01  4.48674202e-01
 -3.62216264e-01  1.87327340e-02  1.12216182e-01  1.53111413e-01
 -3.65989864e-01 -4.39011931e-01 -2.14492276e-01  1.19626202e-01
 -8.90956163e-01 -2.09301546e-01  2.32225031e-01 -4.00293479e-03
  9.86885354e-02  8.67124181e-03 -4.35936451e-01 -3.38632613e-01
 -8.25143337e-01  9.96816084e-02  1.34079263e-01  4.72513020e-01
  3.63602966e-01 -5.16992986e-01 -7.28855729e-01  5.99242210e-01
 -3.29913199e-01  4.72833067e-01 -7.62687996e-02 -3.50804329e-01
 -6.30442798e-01  7.65364528e-01  2.29078755e-02  1.17864847e-01
  3.79287809e-01  3.15160036e-01 -1.22710854e-01 -4.62264746e-01
 -1.61994949e-01 -2.01996639e-01  1.03732049e-01 -1.36164680e-01
  4.49477643e-01  2.58580923e-01 -7.05640733e-01 -7.67430842e-01
 -2.51359105e-01 -2.87411898e-01  4.96895015e-01 -5.69702923e-01
  3.39332640e-01 -3.40686440e-01  3.86174977e-01  2.85663277e-01
  5.92697859e-01 -1.45018309e-01  2.67183512e-01  6.66715324e-01
  7.24128783e-01 -1.69776753e-01 -5.23705743e-02 -1.09975494e-01
 -1.14843168e-03 -1.35756448e-01  6.04691923e-01 -7.98500702e-02
 -8.44370946e-03 -1.23809107e-01 -8.37506652e-01  1.67759806e-01
 -8.95283818e-02 -8.03762794e-01  7.50009000e-01  4.31007385e-01
  4.56083044e-02 -3.19111586e-01 -9.79274064e-02 -8.49491179e-01
  2.52288491e-01  2.02894151e-01  8.11270252e-02  4.39445451e-02
 -6.02434278e-01  2.18413293e-01 -1.97679326e-01 -5.51453829e-01
  3.23571771e-01  3.73921216e-01 -4.45165157e-01 -1.25371009e-01
  2.83009410e-01  3.40264052e-01 -2.05664054e-01 -8.01890865e-02
 -3.71901929e-01 -5.33611663e-02  5.24002194e-01  1.52753934e-01
  4.56986696e-01  7.08453894e-01  3.94307859e-02 -6.13542423e-02
  3.60617101e-01  4.17036146e-01  1.63205743e-01 -1.81056976e-01
  1.01268351e-01 -1.80243641e-01 -6.11877024e-01  1.87917858e-01
  2.43623063e-01  2.82931179e-01 -3.07197813e-02  2.52350539e-01
  7.46279597e-01 -4.73818064e-01  3.79580744e-02  4.38026428e-01
  2.01602429e-01  8.64109397e-01 -3.40107918e-01  6.31332844e-02
 -5.16186953e-01  1.04140639e-01  4.28745635e-02 -1.05449751e-01
  1.41892672e-01 -3.21596153e-02 -3.34140986e-01 -5.86612940e-01
 -3.87395136e-02  4.33665723e-01  1.06825523e-01  8.30003500e-01
  3.17549199e-01 -3.69650096e-01  6.41142607e-01  1.25122562e-01
 -2.38680214e-01 -1.70319840e-01 -1.42622992e-01  1.36037037e-01
  5.61989307e-01  2.19284013e-01  6.94448113e-01 -5.88265836e-01
 -1.00262153e+00  6.99255476e-03 -2.11623237e-01 -1.05338179e-01
  3.48731101e-01 -7.12588489e-01 -1.82200864e-01  3.16459328e-01
 -2.10497499e-01 -2.97002673e-01 -6.77070469e-02 -8.75630915e-01
  1.94796592e-01  2.42244899e-01 -4.07337844e-01 -2.27887943e-01
 -1.37156278e-01  3.72903258e-01 -2.37816684e-02 -2.34828755e-01
  5.00561148e-02  7.95535326e-01 -1.88681930e-01 -4.64284658e-01
  1.19184077e-01  1.42799675e-01  1.30125031e-01  1.00260429e-01
  5.97211942e-02 -6.83070719e-01 -7.00760335e-02 -1.74153373e-01
 -3.72475475e-01 -2.52495259e-02  2.46388674e-01  1.75175875e-01
  2.67403245e-01 -2.06541583e-01 -3.54124516e-01 -2.58650392e-01
 -1.41538203e-01  1.05711669e-01 -5.51557899e-01 -8.18513483e-02
 -1.27420858e-01  6.78899288e-02 -1.41771371e-02  4.27816957e-02
 -6.44277856e-02 -1.67994857e-01 -6.30561054e-01  1.86222821e-01
 -9.47966337e-01 -2.20795214e-01  4.35502350e-01  4.18233089e-02
 -1.43624380e-01 -9.44079041e-01  3.09557438e-01  7.53363743e-02
  4.85951990e-01 -5.91470525e-02  3.89547348e-01 -1.72202796e-01
  4.49586958e-01  2.30775788e-01 -4.45411086e-01  3.09958100e-01
 -1.02713470e+01 -2.25437328e-01 -6.12452269e-01 -3.55642647e-01
  2.08431840e-01  1.76503211e-01  7.55967200e-01  9.92186889e-02
 -4.08505827e-01  5.34823798e-02  3.39387983e-01  7.45455146e-01
  5.64127982e-01  7.99053967e-01 -8.18601966e-01 -2.13489965e-01
 -3.58358473e-01 -2.59496242e-01 -3.55873592e-02 -2.03153551e-01
  2.09404945e-01 -4.16488856e-01  7.31255949e-01  6.76677287e-01
 -4.95485336e-01 -2.23701343e-01 -4.97884452e-01  3.29694927e-01
  5.86513728e-02  7.14083314e-01 -4.45494801e-01  6.51287377e-01
  1.33997332e-02  4.29356217e-01 -8.11167434e-02 -9.07572806e-02
 -1.36388451e-01  5.62977493e-01 -3.57127666e-01  6.43925667e-01
  1.60020962e-01  7.59001911e-01 -2.79123455e-01 -3.06198537e-01
  8.05494040e-02  4.45749491e-01  5.08605242e-01  4.72374022e-01
  6.94038093e-01  2.74019003e-01  1.00266553e-01 -1.79366201e-01
 -2.12832317e-01  7.30151162e-02  1.17137298e-01  1.13979690e-01
  9.57579255e-01  2.90617011e-02  2.05064937e-01  3.39548945e-01
  6.47335231e-01 -3.66952807e-01  3.31816733e-01  7.13600338e-01
 -1.39136806e-01  3.32276076e-02  2.18623295e-01  4.46426362e-01
 -3.21142465e-01 -1.14004754e-01  1.89930186e-01  5.19982874e-01
 -2.16761842e-01  2.22857893e-01 -6.12332702e-01  2.95493633e-01
  2.84136031e-02 -1.34325758e-01  5.20612411e-02  6.00141943e-01
  4.46128637e-01 -2.19194472e-01 -2.63187647e-01  2.70068914e-01
 -6.66370273e-01 -1.92106128e-01 -1.09655857e-01  1.40185669e-01
  4.27181572e-01 -6.18910193e-01  3.42524678e-01  1.05557755e-01
 -4.60060924e-01  1.79553807e-01  6.91560030e-01 -3.03360015e-01
  1.34927630e-01  1.07174411e-01  1.36668816e-01  2.11488659e-04]"
ウ,"[ 7.16040671e-01  5.49604118e-01  1.06005788e+00 -4.43172455e-01
  4.48430814e-02  3.21956873e-01  2.71565050e-01  6.27996447e-03
 -6.29997611e-01 -2.32913792e-01  5.50556898e-01 -5.56434214e-01
 -2.96823680e-01 -1.86366051e-01  3.26148659e-01  1.99595429e-02
 -1.58993572e-01 -4.17444408e-01  3.07723641e-01 -4.44192618e-01
 -1.43569231e+00 -5.54302156e-01 -1.95291460e-01  1.66947424e-01
 -3.15049201e-01 -4.72497463e-01  2.60067999e-01  9.22654122e-02
  3.44574243e-01 -3.43114972e-01 -6.20528758e-01 -1.69486374e-01
  2.76246853e-02  1.34527147e-01 -5.56464970e-01  5.06611824e-01
  1.04094464e-02 -3.86327565e-01  7.52918601e-01  1.90581203e-01
 -4.34430949e-02 -6.25337195e-03 -1.10675767e-01 -1.08855870e-03
 -2.32951060e-01  1.11647189e-01  1.65237427e-01  3.18500936e-01
 -2.47206446e-02 -4.21565592e-01 -8.24009240e-01  5.96374750e-01
  3.77323061e-01 -2.69231144e-02  1.93046033e-01 -2.09483609e-01
  9.54737663e-01 -1.06687963e+00  1.30802184e-01  3.89132231e-01
 -6.29865587e-01 -3.24621201e-01  4.78024840e-01 -1.24621272e-01
 -1.86718076e-01  2.39668280e-01  2.34998707e-02 -4.59245592e-03
  4.92657870e-01 -5.36670446e-01  4.45383221e-01  1.37165293e-01
 -1.06255487e-01 -7.00016022e-01  5.88559628e-01 -2.72763222e-01
  1.12935334e-01  3.39727432e-01  1.95166901e-01  2.92498488e-02
  1.83363944e-01  1.89394563e-01  1.85008928e-01 -4.67837989e-01
 -4.56617743e-01  1.38285562e-01 -7.63405025e-01 -1.02783906e+00
  5.83211482e-01 -3.62402737e-01  3.35579403e-02  2.73272693e-01
  3.22291493e-01 -1.09906569e-01  4.74197924e-01  2.39227071e-01
  1.66855566e-02 -4.34027566e-03 -3.33974242e-01  3.18278372e-02
 -3.18505466e-01  6.91365972e-02  1.39354065e-01 -4.68101025e-01
  1.09371647e-01 -1.71451703e-01 -3.93294811e-01  5.83107769e-01
  3.21184307e-01  2.40821555e-01 -3.93265545e-01 -3.88634324e-01
 -5.44151247e-01 -2.60616064e-01  4.82611597e-01  4.43647839e-02
 -5.01767933e-01  6.23804390e-01 -3.32778066e-01  5.30165613e-01
  1.64832041e-01  3.45000714e-01 -4.61008027e-02 -4.88058507e-01
 -1.34052157e-01  6.93930864e-01  2.39530593e-01 -8.71166661e-02
  2.27967203e-01 -1.75932318e-01 -1.81243718e-01 -7.23655999e-01
 -6.06303625e-02 -1.28423259e-01 -4.14808691e-01  7.96422780e-01
  3.08164418e-01  4.59326208e-02  2.72155344e-01 -5.11127651e-01
 -5.17636001e-01 -2.33959407e-01  4.80236083e-01 -6.77524328e-01
  1.86314955e-01  4.57313567e-01 -3.24295014e-01 -2.71047413e-01
  7.19058096e-01  3.44485730e-01 -4.05073091e-02  1.22162378e+00
 -5.08316815e-01 -4.21504397e-03 -1.09104328e-01  5.94537437e-01
 -7.33305216e-01  3.25606942e-01  5.37666380e-01  4.37829107e-01
  7.36100733e-01 -1.03426576e-02  5.24857640e-02  4.43390757e-01
  2.24078279e-02  2.88335592e-01  1.59544170e-01 -4.79702562e-01
 -3.03679973e-01  4.21258777e-01  1.49492174e-01  5.48896074e-01
  3.40950936e-01 -8.71381015e-02 -3.95018846e-01  1.61977962e-01
  8.20331812e-01 -1.80283591e-01  2.67578334e-01 -7.52974987e-01
 -2.78710455e-01  1.59581810e-01  5.62970757e-01 -6.08632386e-01
  4.92239565e-01 -6.07765988e-02  5.25845625e-02 -1.43023312e-01
 -1.91966355e-01  9.97748300e-02 -3.55560511e-01 -5.00298202e-01
  5.06961286e-01 -5.31934798e-01 -3.02319258e-01 -4.19243068e-01
  3.32695007e-01  1.38085470e-01 -4.93383825e-01  6.11286104e-01
  3.28400701e-01  1.61657035e-01 -1.62158489e-01 -5.78785896e-01
 -9.84539866e-01 -6.54933900e-02 -3.81376334e-02  2.91111887e-01
  2.58381993e-01  3.82747889e-01 -5.70695341e-01  7.09239393e-02
  7.39507303e-02  2.86776960e-01  6.94371700e-01  3.66030782e-01
 -2.54819304e-01 -4.56412643e-01 -3.78085524e-02 -4.54684757e-02
  1.46628395e-01 -2.53059566e-01  3.08271676e-01  1.77779138e-01
  4.23457958e-02  1.95485353e-01  1.80061296e-01 -4.82959569e-01
 -4.46991146e-01  4.22453701e-01 -5.54798007e-01 -6.09553218e-01
 -2.87503093e-01 -7.14776516e-02 -6.48085237e-01 -5.90021431e-01
 -3.88478547e-01 -2.70618126e-02 -2.96799630e-01  5.09854853e-01
 -2.20749557e-01 -3.46815139e-01  4.21644419e-01 -3.03888112e-01
 -2.97898710e-01  3.92776459e-01 -5.96282370e-02  4.85152230e-02
 -2.71362692e-01 -1.80214211e-01 -4.85119194e-01 -5.50102711e-01
 -1.46064058e-01 -5.48247062e-02  3.20635945e-01  4.96225029e-01
  4.85402435e-01 -2.99278855e-01  3.81333351e-01 -3.73530388e-01
 -4.47713405e-01 -5.84976196e-01 -1.86789498e-01 -1.52982026e-01
  6.60977811e-02  1.69545248e-01 -7.59079531e-02 -3.52529973e-01
 -7.25149870e-01 -4.50740993e-01  7.21923411e-02 -1.67071857e-02
 -5.82984127e-02 -1.75238892e-01  1.76436588e-01  8.80754665e-02
  1.37753308e-01  4.12329048e-01 -4.05186027e-01 -8.90388526e-03
 -2.57804722e-01  5.31994402e-01 -6.91399395e-01  1.42606691e-01
  9.13780835e-03  4.74073827e-01 -6.84618592e-01  1.83268113e-03
 -4.53542352e-01  7.37884343e-01  5.01132190e-01 -5.56135714e-01
  6.02494963e-02 -1.66056618e-01 -9.42103505e-01 -2.07673684e-01
  6.04506969e-01 -1.59555115e-03  4.08099085e-01 -1.18454859e-01
  3.92930657e-01  4.43378568e-01  8.90624821e-01 -6.74004629e-02
 -1.12778442e-02 -3.92647624e-01  1.57701224e-01  1.88776746e-01
  5.44503987e-01 -1.62852779e-01  2.81394482e-01  5.10875642e-01
 -6.43028021e-01  3.15815985e-01  8.40604305e-01  4.54933047e-01
 -1.77802837e+00 -3.15490574e-01  5.09924591e-01  1.88154355e-01
 -3.58378887e-01 -2.12312624e-01  2.24696264e-01  3.30497444e-01
 -3.35794449e-01 -4.86739337e-01  1.28249645e+00  2.57858187e-01
  1.95693672e-01 -4.18170601e-01  1.12636484e-01 -5.62515445e-02
 -1.41708806e-01 -5.21446228e-01  3.38325202e-01  4.10431117e-01
 -7.61240005e-01 -6.54457929e-03 -2.19285846e-01 -3.20843577e-01
 -5.57930410e-01  3.38376254e-01 -6.22255981e-01 -1.54126929e-02
 -3.61003816e-01 -1.23855829e-01  6.44548163e-02  1.19892108e+00
  8.73766601e-01  1.13605425e-01 -7.85572767e-01 -1.87774196e-01
 -5.42365722e-02 -3.29933971e-01  1.71589345e-01 -4.71077673e-02
 -1.40358746e-01 -1.25417739e-01  3.49879503e-01  1.09792404e-01
  1.69236571e-01 -9.03558135e-02 -6.12367451e-01 -1.05428100e-01
 -1.60651013e-01  7.27182508e-01  9.39148664e-01  1.42024815e-01
 -1.07327076e-02  5.41143000e-01  9.44216192e-01  3.77133340e-01
  1.17603675e-01 -6.48429930e-01 -3.32254231e-01 -4.62767929e-01
  7.66859427e-02 -2.49351487e-01 -4.17594105e-01  5.56211174e-01
 -1.49287611e-01  3.68744880e-02  1.74082235e-01 -8.22863281e-01
  4.12290752e-01 -5.09033144e-01 -2.34752417e-01 -2.06544533e-01
 -1.70366451e-01 -4.29976463e-01  7.41584122e-01  2.43178412e-01
  3.58751476e-01 -3.15397292e-01 -9.57608461e-01  6.62799597e-01
 -1.86171591e-01 -1.34786561e-01  1.95244402e-01  1.56921580e-01
 -1.30145578e-02  1.55310869e-01 -5.91698289e-02 -3.21650922e-01
 -8.68708730e-01 -3.00891966e-01 -4.20406580e-01 -6.36451244e-02
 -8.57962519e-02  6.06308579e-01  1.67367030e-02  1.61768347e-01
  2.56656736e-01  3.89099389e-01 -1.40243977e-01 -2.96801627e-01
 -5.63014865e-01  4.06154007e-01  3.24818224e-01  9.64802563e-01
  4.04055476e-01  7.86697958e-03  5.23979902e-01  1.74883660e-02
  8.57487842e-02  1.28358930e-01 -6.16624892e-01 -4.25798893e-01
  9.45486486e-01 -4.24720228e-01 -2.15534687e-01  3.16232592e-01
  1.19009264e-01  5.50872147e-01 -3.95574868e-01 -1.00243187e+00
  5.23220181e-01 -3.21571022e-01  2.51395792e-01  1.02209866e+00
  2.45553657e-01  1.29528150e-01  2.35287622e-01  2.30562892e-02
 -4.23205048e-01 -2.76933640e-01 -3.28922331e-01 -5.09810746e-01
  4.11363840e-01 -1.82649434e-01  6.00071728e-01  4.72385496e-01
  5.99153638e-01 -4.93774936e-02  3.51201832e-01  2.94397473e-01
 -5.44508100e-01  4.76869196e-01  6.14898860e-01  3.76830667e-01
 -2.98026800e-01  4.51095432e-01 -4.61815894e-01  2.61024199e-02
 -2.56652623e-01 -2.92400658e-01  1.01136053e+00 -3.66128348e-02
  5.85108876e-01 -7.22363710e-01 -3.12030435e-01 -4.95933414e-01
 -4.94141340e-01 -1.92767397e-01 -2.27434888e-01  7.53657743e-02
  2.83958793e-01 -3.67110074e-01 -6.58712447e-01  2.88394988e-01
  5.98970175e-01  4.79709685e-01 -5.10609299e-02 -3.06638241e-01
 -2.42385089e-01  1.44310355e-01 -7.13408232e-01 -5.08119762e-01
  5.75716496e-01  1.33645713e-01 -3.49325001e-01 -8.85440588e-01
 -3.18086386e-01 -1.37975529e-01  1.80566147e-01 -4.81180012e-01
  4.65103425e-02 -2.90102869e-01 -7.40047514e-01 -2.73175985e-01
 -4.84755099e-01 -1.20044157e-01 -6.42106056e-01 -3.72304142e-01
 -2.52456278e-01 -4.79332060e-01  4.62514767e-03  6.94812894e-01
  7.40345001e-01 -4.98549789e-01 -2.38092914e-01  1.25692427e-01
  1.68650851e-01 -2.38517508e-01  1.64094210e-01 -3.25444698e-01
 -1.57747671e-01 -5.75693488e-01  2.04005197e-01 -2.76162952e-01
 -6.52704909e-02 -8.76909718e-02 -7.34548450e-01 -4.65900540e-01
  3.24366055e-02 -8.09866250e-01  1.94154412e-01 -5.71203344e-02
  9.31557417e-01 -5.27416945e-01  1.28314644e-01 -5.06936982e-02
 -2.37449393e-01 -5.59950769e-01  5.27624726e-01 -3.12546849e-01
 -1.15858138e+00  3.61088723e-01  1.45674750e-01 -4.96135384e-01
  1.24215174e+00  2.09113210e-01 -6.29974842e-01 -1.04992591e-01
  1.29986420e-01  1.62437677e-01 -2.30471909e-01  1.48638442e-01
  3.89331430e-02  3.44085783e-01  4.43722427e-01 -4.37509924e-01
  6.19332314e-01 -3.59158660e-03 -2.29898542e-01 -1.35452345e-01
  3.42429459e-01  3.44156265e-01  6.82905555e-01  1.29414752e-01
 -6.26249969e-01 -2.23208055e-01 -3.25437993e-01 -6.77823722e-02
 -4.93472163e-03  3.35961312e-01 -5.25542736e-01  8.92374694e-01
  5.95879138e-01 -5.63697219e-01  3.58893722e-01  1.21140432e+00
 -4.23423871e-02  1.00338936e+00  1.73222333e-01  4.11442295e-02
 -6.27874792e-01  1.51021287e-01  7.85162672e-02  1.13573238e-01
 -7.04819784e-02  6.16788268e-02 -2.95042545e-01 -2.07189351e-01
  8.60603988e-01 -1.21087298e-01 -3.26449782e-01  8.48917291e-02
  2.58577079e-01 -2.89985210e-01  8.56760681e-01  3.06805164e-01
 -1.36516513e-02 -1.71894342e-01  3.32547456e-01  6.21066749e-01
  1.23173916e+00 -4.21998173e-01  3.74052674e-01 -3.31547111e-01
 -5.47127068e-01  1.43684179e-01  1.50127530e-01 -8.64528418e-02
  6.01215363e-01 -6.97274566e-01 -8.04886967e-02  7.73182809e-01
  2.36947969e-01  3.00097913e-02 -7.37051517e-02 -5.07893443e-01
  1.77318618e-01 -4.61463809e-01 -1.80193573e-01  4.58078273e-02
  3.56192291e-01  7.27163076e-01  4.08696771e-01 -1.53136924e-01
 -6.61972314e-02  8.01147103e-01 -9.96110737e-02 -4.93488669e-01
 -7.96970874e-02 -1.86291501e-01  3.93057391e-02 -5.20649850e-02
  3.48019212e-01 -2.10816879e-02 -2.20096946e-01  6.96488619e-01
 -2.26593941e-01  1.58699993e-02 -2.68517137e-01  3.71264756e-01
  1.12312593e-01 -1.10282540e-01  2.15176210e-01 -2.13267505e-01
  2.19078302e-01 -8.04663170e-03 -8.18797827e-01  5.76216057e-02
  1.49572268e-01  8.99965018e-02 -5.05091488e-01  5.94391348e-03
 -4.69350129e-01 -3.57458442e-01 -1.22824110e-01  1.75755724e-01
 -1.18492377e+00 -7.96239614e-01  4.04311538e-01 -1.13843111e-02
 -2.22231910e-01 -1.39412284e+00  6.04565978e-01  3.70403737e-01
 -3.32081988e-02 -1.89859390e-01  2.78543860e-01 -6.24178387e-02
 -2.02721819e-01 -1.56946585e-01 -2.01258510e-01  3.42308521e-01
 -9.88176918e+00  1.12770759e-01  2.50407439e-02 -6.22600853e-01
 -2.76820093e-01 -1.41919762e-01  1.09794724e+00  8.69891942e-01
 -1.87412709e-01  4.06247199e-01 -2.01487169e-01 -3.28345932e-02
  4.22211558e-01  6.47771239e-01  1.65358242e-02 -7.57811219e-02
 -2.08381042e-01  1.53451160e-01  1.10351264e-01 -8.12371746e-02
 -6.07629895e-01 -3.31951827e-01  7.04402804e-01  2.13520423e-01
  3.32133681e-01 -5.60950339e-01 -5.38508654e-01  7.21315145e-01
  2.39347965e-02  2.18113080e-01 -1.00224507e+00  2.96147227e-01
  1.26131713e-01  4.14044440e-01 -1.12271339e-01  3.90668362e-01
  1.04702450e-01  8.87585223e-01 -6.42447472e-02  1.89240113e-01
  1.08976685e-01  4.44355249e-01  7.05835000e-02  4.31388766e-02
  3.93780977e-01 -6.31690770e-02  2.85484418e-02  4.78996664e-01
  8.08911502e-01 -2.49125585e-01 -4.23261702e-01 -2.74450004e-01
  4.65073913e-01 -2.50932336e-01  1.57838166e-01 -4.56525050e-02
  6.44307196e-01 -9.43918109e-01  1.45242319e-01  1.49372593e-01
  3.02978486e-01  5.56549609e-01  6.30358040e-01  7.06629515e-01
 -1.50151372e-01  4.65382963e-01  5.70741117e-01  5.43890186e-02
 -1.22884679e+00 -4.16785181e-01  3.50274801e-01  3.19097728e-01
  2.79913932e-01  2.02869564e-01  1.53428257e-01  3.13708216e-01
 -2.31102943e-01  1.96545213e-01  2.69514769e-01  1.90439910e-01
  6.27090394e-01 -4.20842886e-01  1.83549061e-01  6.61153436e-01
 -5.12235284e-01  3.42084557e-01  2.13412911e-01 -2.76893467e-01
  2.21116453e-01 -5.82990050e-01  6.00941181e-01  1.98592559e-01
 -5.65831959e-01  4.26244050e-01  4.98821706e-01 -1.24667063e-01
 -2.60311179e-02  7.08031207e-02  2.06412062e-01 -3.70711058e-01]"
ト,"[ 8.99626017e-01  3.09130698e-01  8.12819600e-01 -2.52838045e-01
 -1.02191545e-01  4.98119444e-01  1.28011823e-01  3.84045631e-01
 -2.90893018e-01 -4.94917482e-01  3.34161967e-01 -8.03521991e-01
  1.98937848e-01  1.80991024e-01  1.72163859e-01  1.53083757e-01
 -1.55420294e-02 -4.07430083e-01 -6.06828146e-02 -5.70345938e-01
 -1.05462205e+00 -3.69774103e-02 -2.99121857e-01  2.88921654e-01
  1.64684922e-01 -3.17931592e-01 -2.96225250e-01 -4.27190632e-01
  4.81976777e-01 -1.96193174e-01 -4.64893669e-01 -2.52728481e-02
 -4.99696463e-01  4.20471579e-01 -5.73658884e-01  4.70495373e-01
 -1.89029321e-01 -4.81578887e-01 -1.68175131e-01 -4.40656513e-01
  1.58372581e-01 -3.77393633e-01 -6.15124628e-02 -4.39044535e-02
 -2.49826297e-01  6.91761911e-01  3.02302465e-02  1.57639518e-01
  2.64520466e-01 -2.30485395e-01 -4.33412760e-01  5.70295215e-01
  2.43365094e-01  4.13600355e-02  1.60774872e-01 -3.35617214e-01
  5.27781010e-01 -6.63308382e-01 -1.52849331e-01  2.85274893e-01
 -1.86185688e-01 -4.66750264e-01  5.34498334e-01  5.56747764e-02
 -4.27642874e-02  2.61713505e-01  2.38973334e-01 -3.03214014e-01
  5.03926456e-01 -4.78005111e-01 -3.23481590e-01 -6.11474849e-02
  1.53870717e-01 -7.27557003e-01  4.14120704e-01 -1.88103765e-01
 -1.65740192e-01  6.86811149e-01  4.23703194e-01  6.94168955e-02
 -1.51477650e-01  3.23479325e-01  2.86183327e-01 -4.03200388e-01
 -1.32090747e-01  2.48237893e-01 -7.42134675e-02 -8.61447632e-01
  4.73762363e-01 -5.37233055e-01  2.12232053e-01  5.28571367e-01
  1.82535738e-01 -1.86836809e-01 -1.26927853e-01  5.09512424e-02
  1.52612090e-01 -1.85964629e-01 -1.84329093e-01  4.22969580e-01
 -2.29341313e-01  2.26301216e-02  5.04482448e-01  1.65389150e-01
  9.82902199e-02 -3.06381434e-02 -3.70443106e-01  3.07672858e-01
 -2.13690158e-02 -1.75011188e-01 -8.14728320e-01 -1.68397203e-01
 -6.69846117e-01  1.15789987e-01  6.15226984e-01  1.75114721e-02
 -4.29243505e-01  5.62646508e-01 -1.70351088e-01  8.91097963e-01
  2.70106524e-01  4.71162826e-01  5.26042402e-01 -1.01900108e-01
 -1.46015212e-01  4.65556413e-01  1.11426368e-01  1.39247924e-01
 -1.97803929e-01 -4.80518281e-01 -1.41790405e-01 -3.80159944e-01
 -4.30925906e-01 -1.05294883e-01 -1.31211266e-01  8.66150022e-01
 -1.17298007e-01 -1.05071090e-01 -8.86020735e-02 -3.38887304e-01
 -2.61299282e-01 -5.80046475e-02 -4.54300120e-02 -4.78907943e-01
  3.12525541e-01  2.26834834e-01 -6.36539400e-01 -4.46528852e-01
  8.86500403e-02  3.68395716e-01 -2.48668656e-01  9.40183282e-01
 -5.58526039e-01 -3.16474199e-01  2.97910213e-01  4.51019078e-01
 -1.07402515e+00  1.29828742e-02  4.86247154e-04  4.11834180e-01
  3.13365579e-01 -4.94157404e-01  2.59256005e-01  3.56339186e-01
  2.30564162e-01  1.03045143e-01  6.44856036e-01  2.65142113e-01
 -2.47644693e-01  4.87953365e-01  4.01362002e-01  4.36599910e-01
  3.12357664e-01  1.46875605e-01 -2.14014605e-01  5.56785762e-01
  1.22893667e+00 -2.67826263e-02  1.28810678e-03 -5.75258434e-01
  1.05961971e-01 -2.91204476e-03  3.11054409e-01 -3.85678023e-01
  4.33442652e-01 -1.18277624e-01 -2.91570544e-01  1.60813645e-01
 -7.25029260e-02  4.13998485e-01  4.70968429e-03 -4.30829793e-01
  3.36559206e-01 -4.92761314e-01  2.82448381e-02 -5.52854419e-01
 -1.86306298e-01 -2.00989917e-02 -6.82114601e-01  3.97153467e-01
  5.63734621e-02  4.08522971e-02  1.56798348e-01 -5.98982811e-01
 -7.96501637e-01  1.13421224e-01  2.78274883e-02  4.85289931e-01
  6.98265061e-02  4.07788187e-01 -1.91256851e-02  1.33014634e-01
  2.97225356e-01 -2.15060953e-02  1.03081562e-01  1.71573520e-01
 -1.31121010e-01 -2.84414679e-01  5.81150353e-01 -2.70970851e-01
  2.74195015e-01 -2.46319801e-01  1.56673074e-01  6.16434067e-02
 -2.60170233e-02  3.48230660e-01  1.17271163e-01 -4.90546934e-02
 -3.14342588e-01  6.52653635e-01 -7.90711701e-01 -6.64200902e-01
 -6.16480112e-01 -1.17326327e-01 -5.15593350e-01 -2.54892409e-01
 -4.16550845e-01  5.43952212e-02 -5.30211806e-01  4.01339978e-01
 -9.04225931e-02 -4.33952630e-01  7.31585398e-02 -4.79508638e-01
  3.59326661e-01  1.97224483e-01 -1.94645122e-01  1.71052217e-02
 -2.69402802e-01  8.62214193e-02 -1.98182613e-01 -5.65648854e-01
 -1.88872859e-01 -3.54779840e-01  4.44142133e-01  3.75066459e-01
  7.66671360e-01 -3.71058345e-01  2.08314702e-01 -4.45646912e-01
  8.60977173e-02 -8.17036331e-01  7.69248456e-02  3.51320356e-01
 -3.56194153e-02 -1.66098416e-01  1.11983135e-01 -3.10074598e-01
 -5.34000635e-01 -6.22278094e-01  4.79826301e-01 -1.23068191e-01
 -3.81958820e-02  1.97971746e-01  2.61708885e-01  1.83784395e-01
 -5.93885005e-01  4.24991667e-01 -3.40074569e-01  1.60141319e-01
 -2.72818029e-01  9.94215533e-02 -4.92255628e-01 -1.91739321e-01
 -1.53679281e-01 -2.74819732e-01 -2.93030590e-01  3.37580182e-02
 -1.70226291e-01  7.82295763e-01  2.69750297e-01 -1.40096873e-01
 -5.41143298e-01 -5.72116487e-02 -5.61044812e-01 -1.29166275e-01
  7.43155122e-01  3.01424980e-01 -4.52632338e-01 -4.04601306e-01
  4.50013041e-01  6.75762653e-01  1.35520339e-01  2.14814499e-01
  8.92589092e-02 -2.07424521e-01 -7.33067617e-02  1.04055308e-01
  3.89632612e-01 -3.18750441e-01  6.55990914e-02  1.19231296e+00
 -1.17146619e-01  5.98960221e-01  9.55635726e-01  5.44395387e-01
 -1.67826998e+00 -3.91641974e-01  1.47798436e-03  1.30741745e-01
 -1.55465066e-01 -1.16698839e-01 -8.08823630e-02  9.40475464e-02
 -8.27659070e-01 -5.04253268e-01  1.09051144e+00  1.15575045e-01
  1.31501377e-01 -3.72791499e-01  3.98138255e-01  3.29233408e-02
  4.50891629e-02 -6.06540740e-01  2.72047132e-01  7.78252006e-01
 -4.68925446e-01 -4.88193221e-02  9.48868021e-02 -3.24022621e-01
 -1.34525299e-01  3.21229577e-01 -3.16337049e-01  2.51150876e-01
 -8.34790051e-01 -1.96822479e-01  6.89413249e-02  9.33955431e-01
  1.29180372e+00  4.05727178e-01 -4.61466789e-01 -4.83234137e-01
 -1.83431745e-01  1.00015514e-01  2.59024471e-01 -8.70351344e-02
 -1.09344102e-01  1.27193689e-01  4.87373739e-01 -3.20596062e-02
  2.22172901e-01 -1.66737363e-01 -1.32942006e-01  3.17806453e-01
 -2.75816202e-01  5.95494866e-01  2.11978033e-01  1.27813131e-01
  3.23974460e-01  3.31538260e-01  7.66826868e-01  6.09129012e-01
  1.79222867e-01 -5.11933386e-01 -3.55118234e-03 -9.23794031e-01
 -5.94412744e-01 -2.40034178e-01 -9.67190489e-02  1.30277455e-01
 -3.99640262e-01 -1.69895098e-01 -1.95181847e-01 -3.73859793e-01
 -1.10854588e-01 -5.88168204e-01 -2.05114901e-01 -2.99755353e-02
  3.70233357e-02 -6.16972983e-01  8.13226283e-01  2.27785066e-01
  7.61696756e-01 -6.16658092e-01 -1.13706803e+00 -4.57379431e-01
 -2.37596110e-01 -4.57825750e-01 -3.20100307e-01 -1.85513869e-01
 -2.29515731e-01  1.11196496e-01 -3.18417341e-01 -6.73927009e-01
 -2.21602336e-01  5.88685088e-02 -6.55642986e-01 -3.78350019e-01
 -1.48760632e-01  7.30361760e-01 -3.65097523e-02  6.32442236e-02
  2.21974254e-01  4.87446129e-01 -8.68142784e-01 -3.37770432e-01
 -1.46214664e-01  2.02308863e-01  4.39344458e-02  3.58733475e-01
  2.62200624e-01  2.86132336e-01  4.01499033e-01  1.97038949e-01
  1.06132023e-01 -1.37743041e-01 -5.15969634e-01 -5.93289256e-01
  9.53447282e-01 -8.15913603e-02  1.39916599e-01  1.91599995e-01
 -7.44230524e-02  7.73496866e-01 -5.61773062e-01 -8.59278023e-01
  4.87609535e-01  2.97745466e-01 -1.38086542e-01  4.55865443e-01
  5.77549815e-01  4.23217088e-01  3.90843302e-01  8.45097601e-02
 -2.76515007e-01  2.23067284e-01  2.01519027e-01  1.33279309e-01
  3.52059215e-01  6.28231913e-02  1.76427588e-02  6.78996623e-01
  4.15868491e-01  6.63650930e-02  1.07721007e+00  5.28899491e-01
 -3.77829343e-01  1.20796980e-02  4.82678950e-01  2.99049854e-01
 -5.17146230e-01  3.97621453e-01 -3.37439507e-01  1.87507376e-01
 -3.26333269e-02  2.22569183e-01  5.19824684e-01 -1.94388524e-01
  3.46271485e-01 -7.45414615e-01 -5.75294614e-01 -6.53049767e-01
 -8.48182738e-01  2.05743983e-01 -4.62834895e-01 -3.37220460e-01
  3.66290301e-01 -2.50895083e-01 -6.35367036e-01  7.55000234e-01
  7.01274455e-01  2.87930593e-02  1.10016897e-01  2.69115239e-01
 -7.33719915e-02  4.13772017e-01 -2.69890875e-01 -6.63285479e-02
  2.50661373e-02  3.47682536e-02 -5.36447287e-01 -7.33136177e-01
  7.86415488e-02  2.48679623e-01  1.83060080e-01 -1.57535583e-01
  5.04047334e-01 -3.35959494e-02 -4.72213358e-01 -2.45352775e-01
 -2.87816465e-01 -2.98260450e-02 -4.14882779e-01 -2.74765026e-02
  9.63166431e-02 -1.06028959e-01  3.53896618e-02  4.74916518e-01
  1.50138795e-01 -3.99721593e-01 -3.32643658e-01  8.00883949e-01
  4.44564342e-01 -1.05853133e-01  1.44554213e-01 -2.01462284e-01
 -3.95758748e-01 -1.20203398e-01  1.63898189e-02 -7.12101236e-02
 -2.09608704e-01 -1.26847610e-01 -1.15579259e+00 -5.63615322e-01
  2.52002478e-02 -7.06640601e-01  4.37087625e-01 -1.16956551e-02
  7.33008742e-01 -3.83739263e-01 -6.87164590e-02 -1.17376678e-01
  2.67198443e-01 -1.68773517e-01  2.39844620e-01 -6.29022717e-01
 -8.16435933e-01  9.99794975e-02  7.74521083e-02 -6.94360316e-01
  1.11573601e+00  7.03531802e-01 -6.90635681e-01  6.14769280e-01
  5.53005159e-01  3.60482901e-01 -1.61894426e-01  1.61296278e-01
 -1.40763208e-01 -4.54352111e-01  1.97117582e-01 -3.16789925e-01
  3.72317046e-01  3.43469024e-01 -2.14494511e-01  7.60695636e-02
  1.80298641e-01  5.86565018e-01  4.35890198e-01  1.29675090e-01
 -4.75987107e-01 -1.92739651e-01 -4.09152061e-01  2.28484273e-01
  1.77847773e-01  2.95332909e-01 -8.87520969e-01  2.95780212e-01
  4.66156721e-01 -9.19750035e-01  6.38210177e-02  7.04369962e-01
  3.57109666e-01  6.62393451e-01 -4.23906557e-02  2.60558426e-01
 -5.48196018e-01  6.80386201e-02  2.34804451e-01 -1.33400872e-01
  1.63578670e-02  2.67415076e-01  6.07450455e-02  2.23846003e-01
  4.69166040e-01 -3.76796544e-01  2.27762952e-01 -2.87558526e-01
  2.12431088e-01 -2.10115805e-01  4.80375648e-01  2.48125166e-01
 -8.25944245e-02 -2.18683198e-01  3.41552585e-01  7.71987259e-01
  7.39031672e-01  2.73281604e-01  9.11938250e-01 -7.18496621e-01
 -7.05155671e-01 -1.74789429e-01  3.21191400e-01  1.36348441e-01
  4.62974101e-01 -2.58111656e-01 -1.37334555e-01  7.52277195e-01
  6.41154826e-01  4.12623677e-03 -4.81312066e-01 -5.00517607e-01
  3.66972655e-01 -5.30138254e-01 -5.77765778e-02  2.19853371e-01
  3.30424547e-01  4.32010472e-01  7.65517116e-01  2.92407453e-01
 -9.45353732e-02  8.79786551e-01  2.12729037e-01 -1.42062649e-01
  1.03762209e-01  1.58136964e-01  4.46179183e-03  8.95058513e-02
  3.23258340e-01  1.36007577e-01 -4.35149133e-01  8.35486412e-01
 -3.74740899e-01 -1.31133512e-01 -6.71191216e-01  1.26324356e-01
  4.33586597e-01 -3.72951537e-01  1.45223677e-01 -6.10945046e-01
 -1.69614539e-01 -5.45045376e-01 -9.75249231e-01 -1.89746499e-01
 -5.56456298e-02  8.49890858e-02 -5.49978912e-02 -1.29346743e-01
 -6.49682164e-01 -7.52420902e-01 -6.17382936e-02  2.36525238e-02
 -8.50414097e-01 -6.97885513e-01  4.98856932e-01  1.43545479e-01
 -4.41159159e-02 -1.50195539e+00  6.31375909e-01  9.69351362e-03
  8.32421124e-01 -8.72243047e-02  5.30750990e-01 -2.11050898e-01
 -2.41971403e-01 -1.67467460e-01 -3.99953127e-01  1.12231776e-01
 -1.00346336e+01  4.55579847e-01 -1.16390549e-01 -6.31056190e-01
 -1.22162156e-01 -2.01925635e-02  8.68137896e-01  7.52472460e-01
 -1.83003202e-01  1.34782746e-01 -9.73465070e-02  9.74884927e-02
  4.56096269e-02  1.63631707e-01 -2.73651779e-01 -3.43795449e-01
 -4.24158305e-01 -3.49126875e-01  5.31329364e-02  1.15124106e-01
 -6.26486123e-01 -4.84989077e-01  4.31291103e-01  1.05775960e-01
  1.45779103e-01 -2.70539910e-01 -1.57117948e-01  1.82940036e-01
 -3.97707969e-02  4.37644571e-01 -8.50439608e-01  4.65572447e-01
 -8.45106989e-02  1.19136795e-01 -2.89523482e-01  5.75840890e-01
  3.72167118e-02  3.85308683e-01  3.11250966e-02  8.96248519e-02
  3.67806524e-01  1.88829958e-01 -2.36845851e-01  4.48492356e-02
  1.81413159e-01 -5.44901490e-02  5.02706349e-01 -7.99727812e-02
  9.43412006e-01 -2.76128918e-01 -1.61216095e-01 -8.11537206e-02
  1.43149704e-01  2.87773386e-02  4.47222948e-01 -6.66476712e-02
  5.20835578e-01 -4.71732229e-01  2.05351755e-01 -5.04164547e-02
  1.73646837e-01  3.20107609e-01  2.75486171e-01  1.07672417e+00
  4.56274122e-01  2.04708472e-01 -3.01561668e-03  2.27824971e-01
 -8.44179928e-01  3.12729955e-01  5.76669164e-02  6.24740243e-01
 -2.49056190e-01  3.32588702e-01  1.88772231e-01  4.92160767e-01
  4.51239124e-02 -1.47628367e-01  9.78325605e-02 -3.59121740e-01
  4.53637153e-01 -7.23876357e-01  1.80109844e-01  6.21484101e-01
 -3.10626328e-01  2.80472219e-01  2.93616146e-01 -3.37920964e-01
  9.26949605e-02 -7.59903967e-01  5.06849766e-01 -2.92546540e-01
 -5.44286609e-01  2.03327000e-01  1.20504670e-01  1.44687556e-02
 -2.13957325e-01 -4.91808243e-02  4.83002901e-01 -2.58737773e-01]"
ニ,"[ 2.39988178e-01  4.98018354e-01  8.95507991e-01  5.04149776e-03
 -2.96980441e-01 -1.28887564e-01  8.37725878e-01 -2.46583581e-01
 -6.96334004e-01 -3.83814514e-01  5.02365887e-01 -2.31945470e-01
 -2.09004536e-01  1.23188756e-02  3.37587237e-01  9.55833197e-02
 -2.99468726e-01 -3.32096785e-01  1.05328545e-01 -3.35621864e-01
 -1.19924712e+00 -4.85773325e-01 -1.45177497e-02  6.03932813e-02
  5.99503107e-02 -7.81361461e-01  1.38590381e-01  7.01314211e-02
  1.48276970e-01 -4.49906230e-01 -5.65768123e-01  9.19201374e-02
 -1.73622057e-01  3.05349496e-03 -4.91009176e-01  6.13108039e-01
  1.52755463e-02 -9.71176624e-02  5.18929482e-01  1.48104697e-01
  3.02371359e-03 -1.04456700e-01  2.00241767e-02  4.10717428e-02
 -1.00732647e-01  4.26466435e-01  1.32814810e-01  4.96850312e-01
 -1.85599312e-01 -1.61219478e-01 -3.43895525e-01  3.89820635e-01
  5.20955980e-01  1.57752603e-01  1.92417175e-01  6.55715242e-02
  8.84710133e-01 -6.20181322e-01  2.48170391e-01  4.45669949e-01
 -4.49268341e-01 -5.54559171e-01  2.07646072e-01  9.06073600e-02
 -3.40903044e-01  4.91930664e-01 -5.97350180e-01 -1.56829968e-01
  4.56269503e-01 -5.39125562e-01  4.92937267e-02 -2.53828436e-01
  1.44734114e-01 -7.69211173e-01  5.15935540e-01 -4.59401578e-01
  1.82134658e-01 -1.12531677e-01 -7.64267743e-02  1.73809811e-01
  2.12652758e-01  2.44235754e-01  5.53750321e-02 -6.86998665e-01
 -3.67736429e-01  6.94059134e-01 -9.10184622e-01 -1.08163643e+00
  8.66368055e-01 -2.36262754e-01 -1.76884800e-01  3.00073773e-01
  1.56975225e-01  8.42565894e-02  6.70451820e-01  6.20414972e-01
  8.54531080e-02  2.57643044e-01  2.82056499e-02  2.92650551e-01
 -3.81049931e-01 -2.81757742e-01  3.63446027e-01 -3.95799786e-01
 -4.15611774e-01  2.61318475e-01 -1.87292680e-01  3.63612592e-01
  9.76108462e-02  4.04498488e-01 -2.06691846e-01 -9.86826599e-01
 -2.26228744e-01  1.46449551e-01  5.39549470e-01  2.33269021e-01
 -1.63488612e-01  3.49314034e-01 -2.61843711e-01  2.53573030e-01
  1.71662539e-01  5.83239615e-01 -3.42006832e-02 -1.10916424e+00
  7.96048045e-02  3.21269304e-01 -8.85724649e-02  2.60915197e-02
 -1.13755137e-01 -1.52995363e-01 -4.82470751e-01 -6.09114051e-01
 -3.28988731e-01 -9.74496305e-02 -6.01261318e-01  6.51743472e-01
  6.65056109e-01  5.21687448e-01  8.27017352e-02 -2.81015009e-01
 -6.03887081e-01 -6.20010272e-02  4.01846975e-01 -3.22541028e-01
  6.03326857e-01 -1.02281785e-02 -4.96304125e-01 -4.26085979e-01
  1.62226528e-01  1.48317486e-01 -1.59876928e-01  8.02332342e-01
 -7.59132564e-01 -6.17249794e-02  1.53783709e-01  4.51979250e-01
 -7.27886617e-01  1.69708714e-01  2.76408553e-01  1.89026684e-01
  7.83275664e-01  3.37716967e-01  1.77055672e-01  7.06372678e-01
  3.58970881e-01  3.68409246e-01  3.85559678e-01 -3.53331655e-01
  1.53440619e-02  4.55874085e-01  3.50383490e-01  2.17953846e-01
  7.68198848e-01  1.38644367e-01 -5.55621028e-01  6.62138402e-01
  1.07146370e+00 -3.01238596e-01 -2.04942793e-01 -5.72211206e-01
 -2.70607501e-01 -2.14417055e-01  5.49105227e-01 -7.79320717e-01
  5.07459939e-01 -6.77689153e-04  2.81504181e-04 -2.34270364e-01
  1.57279626e-01  6.06056094e-01 -4.20353681e-01 -5.84464729e-01
  2.66149670e-01 -5.12387574e-01 -2.07080051e-01 -2.71703005e-01
 -2.05106005e-01  2.20942393e-01 -9.21006858e-01  3.23648512e-01
  4.33096886e-01  7.33364746e-02 -1.98340982e-01 -4.93855506e-01
 -6.89294100e-01  6.02587014e-02 -8.97126719e-02  3.99407655e-01
 -1.87018573e-01  8.92463326e-02 -2.99725264e-01 -1.55441687e-01
  3.47486079e-01  2.82178491e-01  4.19694215e-01  1.55134380e-01
 -1.16505414e-01 -1.75717235e-01  3.27611148e-01  5.51695228e-02
  3.73387218e-01 -1.66614413e-01  1.50819710e-02 -2.42360711e-01
  1.22449778e-01  5.37093580e-01  3.70651454e-01 -6.75179839e-01
 -2.30487987e-01  4.68411744e-01 -6.56977355e-01 -8.94375801e-01
 -5.81995785e-01 -1.02702983e-01 -5.70869088e-01 -5.74259520e-01
 -4.28675741e-01  2.31389746e-01 -5.87648094e-01  5.27140200e-01
 -1.35432541e-01 -3.49061757e-01  2.20525056e-01 -5.16434789e-01
 -2.15833813e-01  1.98885590e-01  1.23256803e-01 -1.67608425e-01
 -6.28982604e-01 -2.82601506e-01 -2.26736084e-01 -2.49921575e-01
  1.01974934e-01 -3.67952704e-01  5.21100342e-01  7.17682838e-01
  8.67065132e-01 -1.78678766e-01  3.08760971e-01 -3.62246484e-01
 -4.94038820e-01 -6.56109869e-01  7.56227598e-02  1.84467956e-01
 -9.68985036e-02  4.71398607e-02 -1.32945165e-01 -2.87313789e-01
 -9.78180587e-01 -3.19053590e-01  3.31853360e-01 -2.46191680e-01
  1.73809994e-02 -1.85013145e-01  4.62290138e-01  1.79328620e-01
  2.59251177e-01  7.66176939e-01 -3.64025652e-01  2.71997869e-01
 -3.02224636e-01  2.61138618e-01 -6.11751914e-01  1.41730681e-01
 -1.54224768e-01  4.24566209e-01 -5.10331392e-01 -5.34509361e-01
 -5.33447266e-01  7.16960073e-01  4.46059614e-01 -6.07499242e-01
  2.07023591e-01 -1.22298248e-01 -5.59150815e-01  4.84924793e-01
  3.39263827e-01  2.01661754e-02  2.77093083e-01 -7.16230199e-02
  6.28801644e-01  2.93567091e-01  8.05922031e-01 -8.94927382e-02
 -2.00201899e-01 -1.22476704e-01  1.70935780e-01  7.12828279e-01
  1.83763400e-01 -8.02681029e-01  6.80369377e-01  3.82238477e-01
 -5.34948111e-01  3.93619537e-01  5.95366955e-01  5.87542713e-01
 -1.38230765e+00 -1.75351441e-01  6.86440587e-01  7.56553888e-01
 -6.60086274e-01 -7.14258658e-06  2.97134340e-01  3.12337548e-01
 -1.88899130e-01 -2.40754262e-01  1.23286712e+00 -9.09240395e-02
 -6.52929991e-02 -2.22514734e-01 -7.49331564e-02 -3.39318931e-01
  2.48290256e-01 -3.78671199e-01  9.35624242e-02  4.35639024e-01
 -5.85079014e-01 -1.83174744e-01 -3.18006545e-01 -2.90594935e-01
 -4.24087793e-01  6.38543367e-01 -5.36976278e-01 -1.30527511e-01
 -1.90998502e-02 -4.49397177e-01 -1.47821322e-01  1.06924582e+00
  1.11024654e+00  1.68292746e-01 -8.28435302e-01 -7.25870073e-01
  1.02730483e-01 -3.82748246e-01 -9.08938646e-02 -5.36572218e-01
  1.47394165e-01 -2.61008650e-01 -2.49914333e-01 -1.99813452e-02
  4.39121537e-02  1.04779318e-01 -2.14180186e-01  1.83400869e-01
 -3.46643627e-01  3.88646126e-01  1.03277528e+00  3.49547789e-02
  3.68846476e-01  6.38868928e-01  6.72288179e-01  3.38695914e-01
  6.50130883e-02 -8.78607035e-01  6.81200475e-02 -5.90404987e-01
  4.95224267e-01 -8.86519551e-02 -7.30560660e-01  9.07346785e-01
 -8.63807574e-02  1.66115239e-01 -3.56405050e-01 -5.11898935e-01
  2.59050071e-01 -4.33588028e-01 -1.34439599e-02  1.83345765e-01
  1.51775464e-01 -1.97776735e-01  7.99921691e-01  4.20220852e-01
  6.37763143e-01 -4.77705687e-01 -7.68992126e-01 -1.67379096e-01
 -3.21367145e-01  1.55838728e-01  3.72185826e-01  5.08289456e-01
 -9.48093012e-02 -1.15304634e-01  1.59989353e-02  2.06453741e-01
 -9.58780050e-01  6.85359314e-02 -6.51793361e-01  7.04318658e-02
  7.30981156e-02  2.11315274e-01  3.15223746e-02  5.27812578e-02
  3.18917871e-01  5.80801547e-01 -7.78379977e-01 -1.61388829e-01
  1.78864390e-01  3.19994479e-01  3.38855326e-01  6.49617970e-01
  5.54922700e-01  5.90652749e-02  5.40966034e-01 -2.23577231e-01
  3.46589625e-01  1.65587157e-01  1.74746141e-01 -5.20546496e-01
  9.49707210e-01 -4.51154590e-01 -8.76128525e-02  1.54448807e-01
  6.02484681e-02  5.61193466e-01 -4.67550218e-01 -8.07605207e-01
  4.19911563e-01 -1.82609066e-01  5.61552107e-01  1.18297470e+00
 -8.05006996e-02  2.96015471e-01 -4.64479625e-02  1.87562793e-01
 -2.05320850e-01  3.64763290e-01 -1.00939989e-01 -6.39843345e-01
  4.27743912e-01  1.48142621e-01  2.72276789e-01  1.41129005e+00
  8.62573981e-02  2.67267913e-01  1.45289376e-01  2.41290808e-01
 -3.22308242e-01 -9.55208763e-02 -3.00914079e-01  1.27816588e-01
 -1.15207039e-01  8.35735679e-01 -6.28821492e-01  5.30882254e-02
 -1.28828391e-01  5.24586625e-02  6.77211404e-01  4.08189178e-01
  1.27430807e-03 -3.65740597e-01 -5.74689567e-01 -4.13478673e-01
 -4.50351298e-01  1.39700668e-02 -6.15269423e-01 -5.08028306e-02
 -2.44748503e-01  4.97177429e-02 -9.58145142e-01  4.67866123e-01
  4.89380181e-01  6.27292097e-02  1.94662705e-01 -5.68079174e-01
 -1.69913232e-01  5.43918490e-01 -6.85943604e-01 -6.36755109e-01
  2.70639420e-01  6.15531914e-02 -3.26060712e-01 -9.57592249e-01
 -1.97490796e-01 -3.58115435e-01  2.89127558e-01 -4.28639263e-01
  1.62303254e-01  1.23498198e-02 -5.65133810e-01 -1.75413221e-01
 -5.32848775e-01 -3.94395769e-01 -7.78370649e-02 -1.52942285e-01
 -4.35021520e-02 -2.34165028e-01  4.55569178e-02  8.60987008e-01
  5.78102887e-01 -3.40484947e-01 -6.78211376e-02  6.00131154e-01
  1.34011349e-02 -3.03174287e-01  1.34680793e-01 -1.44233227e-01
 -5.26163042e-01  4.35550392e-01  5.09154499e-01 -8.33733231e-02
  2.18092039e-01  2.67089635e-01 -7.99122572e-01 -4.18002486e-01
 -3.34506005e-01 -1.05095851e+00  4.23824608e-01 -3.56232166e-01
  8.67233098e-01 -5.95498502e-01  4.30989295e-01 -4.02423292e-01
  3.90986919e-01  1.71622541e-02  4.16390330e-01 -4.85770315e-01
 -1.32328975e+00 -3.38276356e-01 -2.78126150e-01 -6.34211361e-01
  1.08852756e+00 -1.20027043e-01 -7.55029440e-01  2.68978149e-01
  2.81859577e-01  1.83319554e-01 -2.46581674e-01  2.26847857e-01
 -3.90494317e-02 -1.69130769e-02  8.01749900e-03 -1.57665983e-01
  3.53744954e-01  3.58544439e-01  1.78397536e-01 -9.76162311e-03
  8.24940324e-01  3.85430932e-01  1.55031815e-01  1.72671199e-01
 -4.52601820e-01  2.31630221e-01 -8.50178897e-02 -2.92136341e-01
 -1.44215494e-01  4.84172821e-01 -4.87031668e-01  5.14036715e-01
  3.83085430e-01 -8.01923990e-01 -1.51489019e-01  1.19481027e+00
  2.63545394e-01  6.82392240e-01  7.65335336e-02 -9.81333405e-02
 -6.14413142e-01  7.81684965e-02  5.95352292e-01 -1.32365778e-01
 -4.47791576e-01  1.94167018e-01 -1.36386290e-01 -7.82188214e-03
  7.71508753e-01 -3.65745723e-02 -1.18379690e-01  3.81918460e-01
  6.33423403e-02 -3.29495847e-01  9.61151242e-01  9.25962180e-02
 -3.06232810e-01  2.92535964e-02 -5.50469980e-02  4.20026034e-01
  4.79091495e-01  1.94364086e-01  4.59074676e-01 -1.40517382e-02
 -5.84810674e-01  7.21693635e-02  3.96188885e-01 -2.21036226e-01
  8.91806424e-01 -3.36766124e-01 -2.76369184e-01  6.25843644e-01
  3.86376560e-01  1.28298014e-01 -1.49681764e-02 -7.28680491e-01
 -2.71520883e-01 -6.28290713e-01  6.71744421e-02  1.37115344e-01
  4.39225763e-01  3.18459839e-01  1.89389437e-01 -4.35012490e-01
  3.68715554e-01  3.21261317e-01 -1.68234855e-01 -3.00772935e-01
  6.84005171e-02  2.57900000e-01  2.62689501e-01  1.78413033e-01
  2.42349848e-01  8.31109434e-02 -4.74817395e-01  7.60157406e-01
 -2.58183986e-01 -1.07246801e-01 -9.47952121e-02  1.75308958e-01
  5.91599166e-01 -2.41050825e-01  3.20967257e-01  7.49908313e-02
 -4.73887809e-02  5.60566001e-02 -4.47945863e-01  1.06365249e-01
 -2.00239748e-01  2.81386194e-03 -2.55647004e-01  8.40660557e-02
 -6.80085182e-01 -8.13112259e-01 -2.01230571e-02  4.06319648e-01
 -4.02574241e-01 -5.07808864e-01  4.86407310e-01 -1.20434076e-01
 -5.76042056e-01 -1.56621480e+00  5.19383132e-01  8.15850645e-02
  1.06269373e-02  1.05899330e-02 -2.20879242e-01 -2.32655033e-01
 -1.76005363e-01  2.45941177e-01 -6.74645543e-01 -3.29390198e-01
 -9.80719566e+00 -1.24987848e-02 -5.16305089e-01 -1.69034228e-01
 -1.28199637e-01 -4.53296870e-01  1.13936782e+00  8.25395584e-01
 -5.36453128e-01  3.24026257e-01 -5.62829137e-01  2.93635935e-01
  5.91186583e-01  3.53038192e-01  4.28162724e-01 -3.93927336e-01
 -6.78737909e-02  6.66920915e-02  3.08079898e-01  1.39982000e-01
 -1.82690114e-01 -1.62025258e-01  1.01952136e+00  3.14514697e-01
  6.64615780e-02 -6.18861258e-01 -1.65896490e-01  6.42012000e-01
 -2.04370409e-01  2.01991171e-01 -9.69994366e-01  9.67738569e-01
 -1.64439350e-01  5.63455336e-02 -4.27154571e-01  1.41432285e-01
 -8.07258338e-02 -4.51164246e-02 -8.57247651e-01  4.81636137e-01
  3.63676101e-02 -1.15515734e-03  2.12058321e-01 -7.37558529e-02
  4.53648657e-01 -2.47572556e-01 -1.13700464e-01  2.64775455e-01
  3.16004544e-01 -1.87130738e-02 -1.75688401e-01  2.80899644e-01
  6.08626902e-01 -5.37230492e-01  3.72936457e-01 -7.10644662e-01
  3.59981090e-01 -9.49310005e-01  2.19201967e-01 -2.92246699e-01
  5.07802777e-02  1.27202868e-01  5.29527009e-01  7.47220516e-01
 -7.87647441e-02  5.49038589e-01 -2.04139622e-03 -6.29251659e-01
 -6.55556560e-01 -1.58900291e-01  3.97139251e-01  1.71144515e-01
  2.27958634e-02 -2.40527719e-01  1.44262925e-01  4.69414949e-01
 -8.20372067e-03  3.55487317e-01  7.01573551e-01 -2.77191818e-01
  7.40035355e-01 -5.10673463e-01  3.53430718e-01  5.59746802e-01
 -7.75950968e-01  3.75806212e-01  1.69567689e-01 -1.91189870e-01
 -2.10226551e-02 -7.55651236e-01  4.54522610e-01 -2.34404549e-01
 -2.77356386e-01  7.50988349e-02 -1.68514609e-01  1.70134261e-01
 -8.15538764e-02 -1.39744431e-01  9.23962072e-02 -5.64954102e-01]"
ム,"[ 1.43602103e-01  4.76014733e-01  5.20443857e-01 -4.05160859e-02
  1.35566756e-01  4.12154913e-01  2.47058079e-01  3.93412262e-02
 -2.44968280e-01 -3.18311125e-01  4.73327726e-01 -2.80617535e-01
 -9.56493989e-03  2.80475974e-01  4.65694368e-01  3.33313458e-02
  1.60197645e-01  1.66907031e-02  8.18050206e-02 -2.60904640e-01
 -5.24480283e-01 -3.85125041e-01 -6.81594387e-02  5.53932786e-01
 -1.12933330e-01 -2.90002614e-01  2.20831409e-01  2.34878063e-01
  1.45226836e-01 -2.68220574e-01 -5.38188219e-01 -1.14210941e-01
 -2.56053776e-01 -1.46924615e-01 -6.62969887e-01  1.60776123e-01
 -2.34564647e-01 -4.35554594e-01  1.94943249e-01 -6.49727806e-02
 -3.72458577e-01 -5.18435717e-01 -3.65786195e-01  2.53567874e-01
 -2.67030180e-01  6.47985578e-01  2.86863655e-01  1.20322350e-02
 -3.60344611e-02 -1.44429207e-01 -4.47519183e-01  3.80639464e-01
  5.23644865e-01  2.22278804e-01  4.63201404e-01  3.92754823e-02
  4.38151091e-01 -4.53714728e-01 -8.96975771e-02  3.00553441e-01
 -3.49346995e-01 -3.32015753e-01  2.07146972e-01  1.77321717e-01
 -2.78252065e-01 -2.87022799e-01 -2.73763627e-01 -2.50691056e-01
  3.53977710e-01 -4.80134070e-01  2.30920345e-01  6.90744519e-02
  2.44809408e-02 -4.77312773e-01  7.76027441e-01 -4.71614242e-01
  1.06104650e-01  6.69761837e-01  1.92513853e-01 -5.00406027e-01
 -3.05976778e-01  3.81782323e-01  6.95223585e-02 -5.22531450e-01
  2.68813260e-02  4.84450310e-01 -2.76530087e-01 -6.40052617e-01
  2.57360101e-01 -2.69385010e-01  1.69787720e-01 -3.14377323e-02
 -8.67879763e-02  1.09052278e-01  2.57777274e-01  5.12136742e-02
  2.26103038e-01 -3.76034856e-01 -5.38956165e-01  5.31137764e-01
  2.51044039e-05  3.54206115e-01 -7.39018768e-02 -3.58157724e-01
 -3.20479006e-01 -2.43710369e-01 -3.48937958e-01  1.25368655e-01
  1.41427398e-01  2.45647784e-02 -4.84818935e-01 -4.82831836e-01
 -5.03641844e-01  1.29094526e-01  3.01603228e-01  4.35933471e-01
 -2.95801729e-01  8.38965416e-01 -6.99007213e-01  2.63516903e-01
  1.91624507e-01  1.63042501e-01 -1.18442826e-01 -7.73402929e-01
 -3.93626034e-01  3.83634657e-01  1.05268890e-02 -3.60273600e-01
 -2.67334551e-01 -2.12036282e-01 -2.69481122e-01 -7.63939738e-01
 -2.01887503e-01  1.06077172e-01 -5.57218790e-01  8.40031326e-01
  2.14869276e-01  3.45688388e-02 -2.11836770e-01 -5.97970963e-01
 -2.13978440e-01  1.80454239e-01  1.81049615e-01 -4.71936226e-01
  1.53009683e-01 -1.64255917e-01 -5.66155612e-01 -1.95606336e-01
  4.01072055e-01  3.13333452e-01 -2.39090025e-01  1.07133281e+00
 -5.40409923e-01  3.49732041e-01  2.89383829e-01  3.75502855e-01
 -5.91118515e-01  4.70193118e-01  1.91331640e-01  4.68349457e-01
  4.91521239e-01 -4.73837256e-01  1.57965735e-01  8.40475321e-01
  1.73598617e-01  9.70089495e-01  3.40938479e-01  1.32305652e-01
 -1.25149831e-01  2.83728212e-01 -1.12132505e-01  1.16427243e-01
  2.94206142e-01  2.47102380e-02 -2.11563617e-01  1.48512378e-01
  6.58019543e-01  4.61067036e-02  1.11959547e-01 -7.58130193e-01
 -1.70789137e-01 -1.04324065e-01 -6.31945133e-02 -3.72061133e-01
  1.06915526e-01 -1.93851724e-01  1.03730962e-01 -1.76975980e-01
 -2.62136966e-01  3.67826037e-02 -5.44879474e-02 -3.00219119e-01
  8.92605856e-02 -2.27236539e-01 -7.43028428e-03 -9.99141261e-02
 -1.09002247e-01  3.78109127e-01 -3.28946084e-01  1.25452593e-01
  4.52589020e-02  1.74640402e-01  1.42606899e-01 -4.20295715e-01
 -9.80433047e-01  1.61179587e-01  3.52293134e-01  5.06167293e-01
  3.87237132e-01  4.76538748e-01 -4.68051970e-01 -1.16581798e-01
  3.25313866e-01  2.91542470e-01  9.52239633e-02  7.21261576e-02
 -5.00888526e-01 -3.55026759e-02  1.75400153e-01 -1.56104848e-01
  3.52571011e-01 -3.14814895e-01  4.33689468e-02 -3.23833413e-02
 -1.41914517e-01  3.38361949e-01 -9.49990749e-03  1.98075175e-02
 -3.67047548e-01  7.03561723e-01 -6.24135256e-01 -4.33892250e-01
 -3.05933416e-01  8.42372552e-02 -5.28609157e-01 -1.50571376e-01
 -2.34844029e-01 -5.14954627e-02 -2.27427632e-01  3.51561517e-01
 -8.33070502e-02 -4.91757482e-01  3.56944233e-01 -4.17574883e-01
 -1.15273967e-01  2.41975591e-01  2.82577515e-01 -1.83099732e-02
 -4.07564163e-01 -1.03666387e-01 -4.94906157e-01 -2.79055506e-01
  5.63309109e-03 -6.78305179e-02 -5.13651818e-02  3.70434999e-01
  2.04299554e-01 -3.84737730e-01  3.55272628e-02 -2.04454646e-01
 -3.02855223e-01 -5.29238224e-01  1.82055421e-02  2.59900391e-01
 -3.72598410e-01  9.17545483e-02  1.85743019e-01 -2.93066204e-01
 -3.50224584e-01 -5.98993778e-01 -1.79790348e-01 -4.26471561e-01
 -1.89946115e-01 -3.20223048e-02 -2.14276642e-01 -9.85549688e-02
  3.69618014e-02  5.87903380e-01  2.30570212e-02  2.87587732e-01
 -6.19765162e-01  7.36136138e-01 -6.08293533e-01  6.76687807e-02
  6.12765886e-02  1.32670384e-02 -2.77873546e-01 -2.73220260e-02
 -1.51868954e-01  3.70415509e-01  3.22019368e-01 -3.36105824e-01
 -7.74042726e-01  2.63760686e-01 -5.00166833e-01  5.18919958e-04
  3.94204676e-01  1.08608410e-01  1.44411013e-01  4.72095758e-01
  3.07359576e-01  3.23571414e-01  2.22180098e-01 -2.37411126e-01
  1.78797860e-02 -5.31470954e-01 -2.35305578e-01  2.23541871e-01
  2.00218648e-01 -5.35578489e-01  6.54555976e-01  8.80417466e-01
 -3.13839346e-01  3.07702631e-01  6.68286562e-01  4.99851376e-01
 -1.56728840e+00 -5.53278744e-01  5.60714662e-01 -2.90586464e-02
 -2.57980555e-01  2.89472848e-01  1.66867003e-01 -1.15851365e-01
 -2.58879155e-01 -5.37026227e-01  1.07044673e+00  3.89270127e-01
 -5.14962673e-01 -1.51201725e-01  4.11869526e-01 -4.66638416e-01
 -5.38217500e-02 -4.33745831e-01  2.32112736e-01  2.74624705e-01
 -1.53075501e-01 -1.06283061e-01 -9.78514031e-02 -2.57474959e-01
 -4.75186825e-01  1.47520617e-01 -1.57898903e-01  1.76917657e-01
 -7.73607671e-01  1.36210084e-01  5.63018560e-01  8.86220336e-01
  5.45750082e-01  9.19663161e-02 -4.90884930e-01 -1.93456307e-01
  1.07075341e-01 -1.33103251e-01  1.47745252e-01  1.04201652e-01
 -1.48111820e-01 -3.97655994e-01  1.00765064e-01  2.91429907e-01
  3.58782783e-02 -2.46121928e-01  2.41477698e-01  2.41825715e-01
 -3.71893466e-01  6.00410998e-01  6.03201270e-01  2.41872728e-01
  5.43709733e-02  4.71977413e-01  4.31860268e-01  1.42900229e-01
  1.42749101e-01 -6.79327548e-01 -1.88216209e-01 -6.50391817e-01
  4.76876795e-01  4.89878058e-02 -9.86547861e-03  1.05629869e-01
 -4.70140368e-01 -1.11863352e-01 -2.34892458e-01 -5.51430464e-01
  2.14695439e-01 -6.09879911e-01 -1.14855886e-01  1.24675073e-01
  2.47741002e-03 -7.24750698e-01  7.29268789e-01  4.21794385e-01
  2.29119018e-01 -3.16538736e-02 -5.04948080e-01  3.41323018e-01
 -6.59356937e-02  2.84422338e-01 -1.33191124e-01  1.86302528e-01
 -2.00757354e-01 -1.65417001e-01 -1.41454175e-01 -4.37822610e-01
 -2.38257736e-01 -2.41436139e-01 -6.66549444e-01  3.39692719e-02
 -2.98880577e-01  5.97077072e-01 -3.21839340e-02 -2.81089358e-02
  1.59569696e-01 -2.18652412e-02 -7.27526665e-01  2.23996356e-01
 -2.13719040e-01  5.04211724e-01 -5.90324290e-02  3.67360592e-01
  4.30618674e-01  3.79230440e-01  4.77692395e-01 -3.13632816e-01
 -2.48931661e-01  4.95454073e-02 -2.03749359e-01 -4.21850890e-01
  4.28961724e-01 -1.66533545e-01  3.51325035e-01  1.48043126e-01
 -6.44152537e-02  7.45336771e-01 -3.86346012e-01 -5.90925395e-01
  3.70312065e-01  1.34378538e-01 -3.28842580e-01  5.91751516e-01
  5.02657294e-01  1.11457396e+00  1.15203470e-01  4.21844330e-03
 -2.13708375e-02 -4.20418888e-01 -1.95613131e-01 -3.39222282e-01
  1.68487579e-01  8.04361701e-02  1.21332914e-01  2.92209119e-01
  3.02686274e-01  2.36103281e-01  4.00271118e-01  4.37614709e-01
 -1.33047536e-01  1.91141769e-01  1.71185136e-01  5.15156388e-01
 -2.85354435e-01  2.19543710e-01 -4.55218971e-01  8.33936930e-02
 -1.81842789e-01 -1.85832202e-01  4.64251697e-01  1.22611605e-01
  5.88583648e-01 -2.60491759e-01 -4.41589862e-01 -6.52354002e-01
 -4.90104437e-01  1.91662088e-01  2.57072281e-02  2.63595641e-01
  3.68470252e-01  2.61401683e-01 -5.78796268e-01  4.72076744e-01
  5.49337327e-01  5.44165373e-01 -2.81932324e-01 -3.39191020e-01
 -3.31447512e-01  3.98856044e-01 -3.14457208e-01 -2.85281576e-02
  1.78262338e-01 -1.48767903e-01 -4.54703689e-01 -7.67425179e-01
 -2.56890595e-01 -1.06423400e-01  3.02468270e-01 -2.60854244e-01
  2.23144963e-01  2.08165288e-01 -5.32685816e-01 -4.39787246e-02
 -2.68126309e-01 -2.41584796e-03 -1.18186705e-01 -6.09646797e-01
  8.67198631e-02  8.56338255e-03  1.49200976e-01  3.67631495e-01
  3.95044446e-01 -4.11272645e-01 -1.50471300e-01  7.60785460e-01
  2.57019997e-01 -3.15740138e-01 -4.43465039e-02 -1.18165895e-01
  7.11392844e-03  1.26391426e-01  3.08391631e-01  1.36229321e-01
  1.07494399e-01 -7.45394006e-02 -9.37302113e-01  8.10179114e-02
  2.07106903e-01 -9.18639421e-01  6.26550019e-01  2.21743494e-01
  3.90430510e-01 -5.58632672e-01  8.92588776e-03 -1.46400258e-01
  1.47120163e-01 -2.86505911e-02  2.44063348e-01 -2.97313579e-03
 -7.82563329e-01  1.93731740e-01 -4.96804528e-02 -5.58228314e-01
  5.71709275e-01  1.66154817e-01 -4.57054287e-01  6.03397608e-01
  7.64311075e-01  1.27387404e-01 -1.11643620e-01  1.94878161e-01
 -2.48559222e-01 -1.73145995e-01  3.78760487e-01 -2.00731993e-01
  3.68203223e-01  7.26856530e-01 -1.94112763e-01  7.70600960e-02
  6.82470143e-01  2.83455878e-01  6.20780170e-01  2.16732919e-01
 -3.22537214e-01 -1.51516855e-01 -4.58547831e-01  1.66072935e-01
  3.02899361e-01  4.39597666e-01 -7.40923822e-01  7.94438004e-01
  3.85547429e-01 -4.02237028e-01  1.85213804e-01  1.22025025e+00
  7.50517473e-03  5.47075629e-01  1.79214269e-01 -1.96984410e-02
 -8.12765062e-01  5.17830141e-02  3.30034971e-01 -8.44670981e-02
 -3.95940214e-01  1.98776014e-02 -2.77987212e-01 -2.42729381e-01
  7.72854090e-02  3.58061865e-02  1.62495360e-01  4.40441728e-01
  8.21168303e-01 -9.91571546e-02  5.42005002e-01  1.01040304e-01
  3.80055398e-01  1.05974078e-01  1.52239338e-01  8.99064779e-01
  8.47591579e-01  9.57222432e-02  5.67025661e-01 -3.07409197e-01
 -6.25775397e-01 -1.45964697e-02  8.49113241e-02 -2.42564559e-01
  4.35397685e-01 -1.95100725e-01 -6.29262507e-01  9.37519073e-01
  4.56567198e-01 -2.20402822e-01 -3.53262395e-01 -6.34296954e-01
 -7.46966377e-02 -1.04963444e-01 -3.01106155e-01  1.13430262e-01
 -5.28447963e-02  2.99859166e-01  5.71296960e-02 -5.63237309e-01
  2.01396048e-01  6.45252168e-01  8.56429115e-02 -4.86158997e-01
  6.69129565e-02  3.13488245e-01 -1.20544592e-02  2.23075449e-01
  3.97230119e-01 -3.59833986e-02  8.46792907e-02  4.68214229e-03
 -3.15375984e-01 -2.36037925e-01 -1.22031525e-01  3.91649693e-01
  2.24043801e-01 -3.60574007e-01 -2.84052849e-01 -5.43047547e-01
  4.00020480e-01 -1.04552142e-01 -4.44317162e-01 -1.87673628e-01
 -1.94360420e-01  4.54037003e-02 -2.65173346e-01 -1.70264259e-01
 -6.93827033e-01 -2.41711602e-01 -4.19434339e-01  2.97287926e-02
 -1.01088083e+00 -3.62304121e-01  3.38936001e-01  9.47883278e-02
 -1.92734286e-01 -1.17797983e+00  7.67312646e-01  1.39820755e-01
  4.11359742e-02 -1.00355165e-03  1.53267860e-01  1.91805437e-01
 -1.73987702e-01 -1.63382426e-01 -5.49235940e-01  1.75660267e-01
 -1.03474712e+01  2.49925479e-02 -1.96523532e-01 -2.13349253e-01
 -1.46689609e-01 -1.48057207e-01  3.36901039e-01  4.97120231e-01
 -2.49478489e-01  2.35282347e-01 -3.66511226e-01  1.19574837e-01
  3.87435049e-01  4.73670214e-01 -5.76214671e-01 -2.97818691e-01
 -3.61331612e-01 -3.12052608e-01 -4.33671772e-01 -1.01882242e-01
 -4.00985122e-01 -1.50986835e-01  4.56144243e-01  2.69071639e-01
  3.73668939e-01 -7.61301994e-01  6.15807697e-02  7.94048756e-02
 -6.47756457e-02  4.63419825e-01 -7.39560843e-01  5.34527838e-01
 -1.80346206e-01  5.74372053e-01 -1.98814437e-01  2.69316047e-01
  7.17712417e-02  9.68846738e-01 -3.13359529e-01  8.12102497e-01
  1.05990246e-01  2.38130555e-01 -1.22601077e-01 -1.60979718e-01
  2.94128269e-01  1.11644655e-01  1.96552351e-01  1.47409096e-01
  3.62274766e-01  4.51815203e-02 -5.63434772e-02 -8.35579634e-02
  2.54499763e-01 -3.59209716e-01  2.68491238e-01  6.32865261e-03
  4.14926887e-01 -5.99614561e-01  1.55654967e-01  6.64178208e-02
  1.40055522e-01  2.82734662e-01  9.31817293e-01  4.50724900e-01
  5.64612895e-02  4.59706753e-01 -2.88171560e-01 -1.90913498e-01
 -5.83573341e-01 -2.11839080e-02  3.07116747e-01  3.94616067e-01
  5.45001626e-02  2.18488783e-01 -1.36425301e-01  3.00692827e-01
 -1.60969406e-01  1.99888900e-01  2.61078566e-01  1.33690447e-01
  6.10190868e-01 -5.38430393e-01 -1.35856047e-01  3.08918297e-01
 -3.43137145e-01 -1.36707082e-01 -2.87137609e-02 -7.55045284e-03
  4.21187818e-01 -4.82663721e-01  6.33365333e-01 -6.93775937e-02
 -5.32140255e-01  4.43954527e-01  3.35505664e-01 -6.27859771e-01
  1.57734022e-01  4.78217125e-01  6.58742189e-02 -4.46895033e-01]"
チュ,"[ 8.85602772e-01  3.36013973e-01  7.91244030e-01 -7.02981770e-01
  2.08289430e-01  4.35614675e-01  3.96661967e-01  7.59151429e-02
 -6.98573291e-01 -2.18897134e-01  9.74120200e-01 -2.03241646e-01
 -1.10443473e-01  1.00228921e-01  1.93356052e-01  2.97204517e-02
 -1.58757746e-01  3.22832577e-02  7.42252246e-02 -4.28802818e-01
 -8.08896303e-01 -4.93677944e-01  7.29778607e-04  2.43525296e-01
 -9.38616395e-02 -5.92827797e-01 -7.31653869e-02  3.93674046e-01
 -1.31236899e-04 -3.98511708e-01 -4.51279938e-01 -6.04926527e-01
  8.03183168e-02  4.00250524e-01 -6.30318284e-01  4.98879641e-01
 -1.56665146e-01 -3.27137530e-01  5.46046317e-01  1.50396779e-01
  2.42875159e-01 -7.03366548e-02 -2.41244510e-01  3.15734506e-01
  9.66572016e-02  6.30167782e-01 -2.98580110e-01  1.83045696e-02
  3.37911308e-01 -1.41230440e-02 -4.03523654e-01  3.59769613e-01
  1.43248424e-01  3.81287366e-01 -2.78635770e-01 -1.38382792e-01
  3.80397826e-01 -7.52075434e-01 -3.03142667e-01  9.86154452e-02
 -4.85066354e-01 -6.34163693e-02  3.32472809e-02 -1.21298648e-01
 -4.78133649e-01 -3.83304536e-01  4.56155650e-02  2.38161031e-02
  3.92089009e-01 -3.20380390e-01 -9.41301063e-02  4.74361360e-01
 -1.36540204e-01 -3.26318711e-01  6.23165786e-01 -1.64763421e-01
  4.49910052e-02  3.46098304e-01  3.11751783e-01 -6.02497272e-02
 -7.63617009e-02  1.70928255e-01 -8.46946519e-03 -2.06877202e-01
 -2.84438998e-01  1.55243784e-01 -3.47605288e-01 -7.32416928e-01
  1.65419862e-01 -3.72393668e-01 -1.42620638e-01  4.33765277e-02
 -3.37863803e-01  9.65338871e-02  5.23138404e-01  2.34204590e-01
  2.45181084e-01 -2.01143846e-01  1.03672691e-01  1.66143894e-01
 -1.57899320e-01  2.01900169e-01  6.31048799e-01 -4.65196699e-01
 -2.03592822e-01  1.94817528e-01 -3.53566527e-01 -2.32251018e-01
  3.50578904e-01  2.32485533e-01  3.36342417e-02 -1.49056718e-01
 -5.64186752e-01 -1.23437881e-01  1.55164927e-01 -1.25871256e-01
 -4.10117865e-01  1.89790532e-01 -4.15663034e-01  6.20231926e-01
  2.34030023e-01  5.18292189e-01 -2.57818788e-01 -3.33096474e-01
 -1.95522130e-01  1.42748699e-01  2.48893842e-01 -1.76126100e-02
 -4.51459140e-02  2.49473355e-03 -8.01835179e-01 -5.09292722e-01
 -3.47127289e-01 -9.38694924e-02 -3.42483282e-01  4.92297739e-01
  1.63186952e-01 -2.65492141e-01  1.76729470e-01 -2.75459617e-01
 -5.36504209e-01  1.38219699e-01  4.75865573e-01 -2.34932080e-01
  4.03984576e-01  8.08920935e-02 -1.98161051e-01 -3.79017353e-01
  3.18723530e-01  1.53603509e-01  1.83820017e-02  8.90780270e-01
 -4.70622391e-01  2.63023555e-01  2.65862495e-01  7.58411512e-02
 -2.93340623e-01  1.07945815e-01 -1.27431825e-01  1.12777062e-01
  3.30306828e-01 -6.79725260e-02  2.39150345e-01  3.63672614e-01
  3.58075976e-01  4.39552397e-01  4.82861727e-01 -3.85756910e-01
  2.13648006e-01  7.17738330e-01  4.98953998e-01  6.58876359e-01
  2.54325002e-01  5.29621243e-02  4.91113402e-02  7.55659044e-02
  1.25442994e+00  2.28513420e-01  2.89186269e-01 -2.76677996e-01
 -3.89614850e-02  3.50084633e-01  5.08182729e-03 -6.75354600e-01
  3.74161214e-01  1.27669200e-01  1.26683041e-01 -1.71420574e-01
 -2.86770582e-01  3.26866537e-01 -4.47422296e-01 -1.43749416e-01
  4.28286314e-01 -5.21679521e-01 -1.19885311e-01 -3.10897738e-01
  4.78854269e-01 -3.10523063e-01 -2.40284994e-01  3.06002319e-01
  4.89169121e-01  5.39698079e-03 -2.13123765e-02 -4.34104770e-01
 -7.56110728e-01 -2.10417613e-01  1.81395650e-01  4.27005887e-01
 -8.14766362e-02  3.95133108e-01 -6.31321192e-01  2.50865340e-01
  1.43357113e-01  1.83835238e-01  7.72725344e-01 -8.13531950e-02
 -4.95176792e-01 -3.94151270e-01  2.26486251e-01 -5.72524250e-01
  1.99364021e-01 -4.94325720e-02  3.96025985e-01  3.57238837e-02
  5.11765897e-01  2.95754015e-01  3.55373502e-01 -4.20565307e-01
  4.76117544e-02  1.94854975e-01 -4.38763320e-01 -2.78414190e-01
 -4.54493195e-01  3.62331152e-01 -8.72365654e-01 -3.58862221e-01
 -3.84463608e-01  5.95590055e-01 -1.31901920e-01  3.45627755e-01
 -3.33752126e-01  8.30399469e-02  2.73713857e-01 -4.42833960e-01
 -2.95899332e-01  1.26342420e-02 -9.01923224e-04 -1.87871218e-01
 -5.14073193e-01 -2.52174109e-01 -1.41122505e-01 -3.82323444e-01
 -7.55425841e-02 -5.30295491e-01  9.98437107e-01  9.57425416e-01
  6.81094706e-01 -1.64698735e-01  4.10391837e-01 -5.64462245e-01
 -1.58045322e-01 -6.05988324e-01 -3.36902022e-01  5.81844710e-02
  2.52570480e-01 -3.88605818e-02 -1.75838143e-01 -4.57013994e-01
 -5.12918532e-01  2.48501971e-02  9.51930881e-01 -7.87039816e-01
  1.17602184e-01  2.59409189e-01  5.40776193e-01  1.65134236e-01
 -2.52235293e-01  4.75426346e-01 -1.65332720e-01 -2.45135836e-02
 -4.46239173e-01  4.57572162e-01 -3.68843466e-01 -2.34429881e-01
 -1.72587618e-01  7.34729543e-02 -2.29381606e-01 -4.21544403e-01
 -2.96782672e-01  5.02722740e-01  5.74530363e-01 -6.35954857e-01
 -9.22554880e-02 -2.22582951e-01 -8.47650766e-01  2.72618011e-02
  7.17667997e-01 -7.79482871e-02 -2.91755825e-01  1.88366309e-01
  4.53367680e-01  3.26480240e-01  6.28214419e-01 -4.05578971e-01
 -2.12646909e-02 -3.94463390e-01  1.90574042e-02  4.55999784e-02
  5.01864314e-01 -4.62440476e-02 -6.48983940e-02  7.58074939e-01
 -3.67357045e-01 -7.08463416e-02  5.01531899e-01  5.10025024e-01
 -1.58558166e+00 -1.90949887e-01  4.73853618e-01 -6.47253320e-02
 -9.19933394e-02  5.92884839e-01  2.19843864e-01  3.79220635e-01
 -1.55457705e-01 -6.34016633e-01  9.35613811e-01  3.22949998e-02
 -2.89452970e-01 -4.29892987e-02  4.10674602e-01 -1.74088180e-01
 -1.03667624e-01 -3.32417458e-01 -4.44145836e-02  6.18314505e-01
 -3.65214020e-01 -4.64246303e-01 -1.33979887e-01 -5.32288074e-01
 -2.88114995e-01  5.14334366e-02 -8.86653736e-02 -3.90704840e-01
 -4.66099977e-01 -1.53259680e-01  4.34703290e-01  1.48895633e+00
  7.03910470e-01  7.22995341e-01 -5.07765710e-01 -3.16248313e-02
 -5.88437915e-02  2.84706876e-02 -1.83079541e-01  3.07602063e-02
 -2.81738579e-01 -1.98485002e-01  3.24821919e-01  1.33368641e-01
  1.94537759e-01 -4.86413777e-01 -3.44532639e-01 -8.93785730e-02
 -3.50413531e-01  5.18931031e-01  8.32568586e-01  1.71485662e-01
 -7.62905329e-02  1.84674069e-01  1.00459194e+00  9.24354121e-02
  9.95809808e-02 -3.57177168e-01 -1.48483412e-02 -9.44507718e-01
 -1.58156365e-01 -4.85060841e-01 -4.65577900e-01  3.92187506e-01
 -1.00363314e-01  3.91355574e-01  1.12371050e-01 -1.17945053e-01
  3.94251347e-01 -4.21533048e-01 -5.25054514e-01  2.81181503e-02
 -3.07610273e-01 -3.88387024e-01  3.66446972e-01 -1.73003003e-01
 -9.87309813e-02 -2.37579882e-01 -1.41748460e-02  2.11605981e-01
  8.09131414e-02  1.43130153e-01  2.80659646e-02  7.44489610e-01
 -7.62909502e-02  3.36564451e-01 -2.32693076e-01 -7.81844139e-01
 -7.36260593e-01 -4.08785284e-01 -8.34959388e-01  2.27248654e-01
  2.41323978e-01  5.46360493e-01 -4.68544662e-01  5.16906120e-02
  3.47728394e-02  3.36472303e-01 -7.26852298e-01 -4.18764681e-01
 -1.53461084e-01  8.82929042e-02  2.04646587e-02  3.90280694e-01
  1.65498868e-01  1.24467060e-01  1.78084835e-01  1.97791398e-01
  4.67247397e-01 -3.63511816e-02 -4.15265173e-01 -2.34281525e-01
  7.89486706e-01 -1.60587236e-01  2.94161439e-02  3.23883109e-02
 -1.84327029e-02  3.53928953e-01  1.28432930e-01 -8.78608525e-01
  1.61880940e-01  1.85021460e-01 -8.10250416e-02  6.74744427e-01
  3.93042237e-01  5.08882523e-01  2.15534642e-01  6.63655028e-02
 -3.50698620e-01 -2.03958422e-01  3.94785464e-01 -1.65768445e-01
  2.31561646e-01  2.98723727e-01  2.32487962e-01  8.40206385e-01
  2.92558908e-01  2.65136421e-01  1.79222077e-01  3.29101294e-01
 -5.67482233e-01  3.50975275e-01  1.23420700e-01  5.41956127e-02
 -5.36464512e-01  5.91194093e-01 -3.19521055e-02  1.38336629e-01
 -3.52320164e-01 -1.98010877e-01  1.52886569e-01  2.17345774e-01
  6.81556582e-01 -3.99681389e-01 -1.52807087e-01 -4.38837200e-01
 -5.42415500e-01  5.02617620e-02 -4.14131701e-01 -1.18416175e-01
  1.84807241e-01 -4.70346829e-04 -3.22684348e-01  1.70529634e-01
 -3.45133878e-02  1.59153789e-01  1.05054654e-01 -7.70475686e-01
  1.32736587e-03  1.76764250e-01 -2.85935640e-01 -5.85518301e-01
  1.98063016e-01  4.52428043e-01 -3.63931656e-01 -7.57669389e-01
  7.74853230e-02  5.45904674e-02 -2.01119203e-02 -8.91629994e-01
  3.22919190e-01  2.29636833e-01 -6.33494377e-01 -3.76353204e-01
 -5.89946806e-02 -1.57533497e-01 -4.60839182e-01 -5.34787953e-01
 -7.45356381e-02 -6.75435960e-02  5.33775724e-02  4.41192389e-01
  8.27084005e-01 -3.10702533e-01  1.42992988e-01  5.32607496e-01
  1.98939160e-01  2.46727586e-01  4.27604884e-01 -3.62796545e-01
 -7.88191199e-01 -7.03984380e-01 -1.44822612e-01 -3.40516120e-01
  2.83625454e-01  1.93901613e-01 -5.70605278e-01 -4.01093066e-01
 -3.61030072e-01 -7.43649542e-01  3.61809999e-01  2.99396098e-01
  7.04832494e-01 -2.76724249e-01  2.05513954e-01 -2.25625381e-01
  1.57018423e-01 -3.38679582e-01  4.93036807e-01  4.91384901e-02
 -6.91911876e-01 -2.92480618e-01 -2.68348932e-01 -4.16236162e-01
  8.45586717e-01  6.52600646e-01 -9.57726419e-01  8.97392705e-02
  6.13211811e-01  5.51054418e-01 -1.92466751e-01 -3.33301932e-01
 -2.11199969e-01  2.93381792e-02  2.43192658e-01  1.81377068e-01
  6.33632839e-01  6.22305512e-01 -2.87674397e-01 -5.79421297e-02
  4.23965007e-01  5.43153405e-01  4.35447574e-01  2.20933944e-01
 -3.87050807e-02 -1.93299443e-01 -4.67206299e-01 -1.04289941e-01
  1.87379077e-01  5.36308229e-01 -5.74766099e-01  6.05634511e-01
  1.35035232e-01 -3.68288934e-01 -1.37608796e-01  4.07325655e-01
  5.14860034e-01  8.22607279e-01 -5.80487326e-02  3.58505279e-01
 -5.35087943e-01  1.03282996e-01  4.36115474e-01  8.09163824e-02
  3.98504287e-01  2.94775963e-01  8.91085938e-02 -2.33632356e-01
  2.08470955e-01  2.73596942e-01  1.09374337e-01  3.54339987e-01
 -5.14902882e-02 -4.55635339e-01  1.02602029e+00  5.59020340e-01
 -2.40009531e-01 -1.77072406e-01  1.14888186e-02  4.66450602e-01
  7.62909532e-01  3.76947790e-01  8.83018821e-02  3.96250375e-02
 -1.07927167e+00  3.91367078e-01  4.43598211e-01  2.36959964e-01
  3.09893847e-01 -3.31972092e-01 -8.18568647e-01  7.77260184e-01
  2.62123406e-01  9.72733498e-02 -3.75169814e-01 -8.96613359e-01
  3.23510975e-01 -3.64600986e-01 -2.41190493e-01  5.26527882e-01
  1.26375839e-01  7.29300976e-01  2.24140212e-01 -3.75745445e-01
 -2.64501750e-01  6.51032090e-01  9.54530314e-02 -3.67062651e-02
  4.26054537e-01 -3.03139925e-01 -1.74095094e-01  7.41762668e-02
  3.99773270e-01 -2.13819429e-01 -5.72451949e-01  1.35233581e-01
 -4.87802804e-01 -3.10437232e-01 -1.81354925e-01  4.81990308e-01
  2.45703176e-01  1.07148781e-01  2.00548898e-02 -7.13151276e-01
 -2.10283294e-01 -2.22936258e-01 -5.18508315e-01 -2.26717517e-01
  9.85064637e-03 -2.76573710e-02 -5.23595095e-01 -6.74260482e-02
 -9.26088810e-01 -3.46360683e-01 -3.62952761e-02  1.06936425e-01
 -7.54687667e-01 -4.69862938e-01  2.62749672e-01  3.73675883e-01
 -1.55560315e-01 -1.38658845e+00  2.56933421e-01  4.87450629e-01
  1.18966913e-02 -4.69746962e-02  6.11995995e-01 -4.41163391e-01
 -2.23148838e-02 -2.04359680e-01 -4.96086538e-01 -1.29606217e-01
 -1.01418009e+01 -6.74378574e-02 -6.51125431e-01 -4.97285604e-01
 -1.14283092e-01  2.05662608e-01  1.12653327e+00  8.95444810e-01
 -6.46135867e-01  9.19638097e-01 -1.58634409e-01  4.83795077e-01
  3.93998444e-01  2.58259743e-01 -5.70913553e-01  1.17108725e-01
 -3.32847327e-01 -3.10623318e-01 -2.21348051e-02 -1.99722826e-01
 -2.26449579e-01 -2.56411880e-01  3.14693391e-01  4.75240052e-01
  3.57297838e-01 -4.81323212e-01 -2.78957814e-01  2.54288673e-01
 -1.73395187e-01  3.44114691e-01 -8.91608298e-01  2.01104596e-01
 -2.92562008e-01  5.29361725e-01 -2.28101909e-01 -3.04252446e-01
 -5.71847893e-02  4.08648670e-01 -3.45910460e-01  5.35713017e-01
  8.17433652e-03  3.34366322e-01  2.44174764e-01  1.28581509e-01
  5.02473354e-01 -5.82967177e-02  2.39364311e-01 -1.92745388e-01
  6.28495693e-01 -6.69528365e-01  2.51285397e-02 -2.85059243e-01
  1.38497397e-01  5.71783958e-03  6.52780896e-03 -3.19195628e-01
  6.80128336e-01 -8.56288552e-01  5.59786856e-01  2.84126252e-01
  2.23842442e-01  1.63442925e-01  3.49649519e-01  4.21597421e-01
 -2.07966685e-01  5.11077940e-01  1.99734867e-01  1.24734461e-01
 -5.77967882e-01 -4.00459468e-01  1.84858412e-01  2.82644451e-01
 -4.85576056e-02 -2.58448087e-02  4.91160341e-02  3.52285832e-01
  4.67475474e-01  2.14446008e-01  2.81377852e-01 -3.43863696e-01
  4.06817973e-01 -2.04551369e-01  3.23823303e-01  4.61573571e-01
 -1.09644091e+00  2.87889019e-02  1.72533259e-01 -4.26471144e-01
  6.33682758e-02 -5.63816607e-01  7.38365829e-01  3.18710923e-01
 -5.06677568e-01  3.34798485e-01  3.30713004e-01 -4.17697340e-01
 -2.49087378e-01 -3.53450477e-01  1.05239436e-01 -5.73269427e-01]"
ウ,"[ 7.16040671e-01  5.49604118e-01  1.06005788e+00 -4.43172455e-01
  4.48430814e-02  3.21956873e-01  2.71565050e-01  6.27996447e-03
 -6.29997611e-01 -2.32913792e-01  5.50556898e-01 -5.56434214e-01
 -2.96823680e-01 -1.86366051e-01  3.26148659e-01  1.99595429e-02
 -1.58993572e-01 -4.17444408e-01  3.07723641e-01 -4.44192618e-01
 -1.43569231e+00 -5.54302156e-01 -1.95291460e-01  1.66947424e-01
 -3.15049201e-01 -4.72497463e-01  2.60067999e-01  9.22654122e-02
  3.44574243e-01 -3.43114972e-01 -6.20528758e-01 -1.69486374e-01
  2.76246853e-02  1.34527147e-01 -5.56464970e-01  5.06611824e-01
  1.04094464e-02 -3.86327565e-01  7.52918601e-01  1.90581203e-01
 -4.34430949e-02 -6.25337195e-03 -1.10675767e-01 -1.08855870e-03
 -2.32951060e-01  1.11647189e-01  1.65237427e-01  3.18500936e-01
 -2.47206446e-02 -4.21565592e-01 -8.24009240e-01  5.96374750e-01
  3.77323061e-01 -2.69231144e-02  1.93046033e-01 -2.09483609e-01
  9.54737663e-01 -1.06687963e+00  1.30802184e-01  3.89132231e-01
 -6.29865587e-01 -3.24621201e-01  4.78024840e-01 -1.24621272e-01
 -1.86718076e-01  2.39668280e-01  2.34998707e-02 -4.59245592e-03
  4.92657870e-01 -5.36670446e-01  4.45383221e-01  1.37165293e-01
 -1.06255487e-01 -7.00016022e-01  5.88559628e-01 -2.72763222e-01
  1.12935334e-01  3.39727432e-01  1.95166901e-01  2.92498488e-02
  1.83363944e-01  1.89394563e-01  1.85008928e-01 -4.67837989e-01
 -4.56617743e-01  1.38285562e-01 -7.63405025e-01 -1.02783906e+00
  5.83211482e-01 -3.62402737e-01  3.35579403e-02  2.73272693e-01
  3.22291493e-01 -1.09906569e-01  4.74197924e-01  2.39227071e-01
  1.66855566e-02 -4.34027566e-03 -3.33974242e-01  3.18278372e-02
 -3.18505466e-01  6.91365972e-02  1.39354065e-01 -4.68101025e-01
  1.09371647e-01 -1.71451703e-01 -3.93294811e-01  5.83107769e-01
  3.21184307e-01  2.40821555e-01 -3.93265545e-01 -3.88634324e-01
 -5.44151247e-01 -2.60616064e-01  4.82611597e-01  4.43647839e-02
 -5.01767933e-01  6.23804390e-01 -3.32778066e-01  5.30165613e-01
  1.64832041e-01  3.45000714e-01 -4.61008027e-02 -4.88058507e-01
 -1.34052157e-01  6.93930864e-01  2.39530593e-01 -8.71166661e-02
  2.27967203e-01 -1.75932318e-01 -1.81243718e-01 -7.23655999e-01
 -6.06303625e-02 -1.28423259e-01 -4.14808691e-01  7.96422780e-01
  3.08164418e-01  4.59326208e-02  2.72155344e-01 -5.11127651e-01
 -5.17636001e-01 -2.33959407e-01  4.80236083e-01 -6.77524328e-01
  1.86314955e-01  4.57313567e-01 -3.24295014e-01 -2.71047413e-01
  7.19058096e-01  3.44485730e-01 -4.05073091e-02  1.22162378e+00
 -5.08316815e-01 -4.21504397e-03 -1.09104328e-01  5.94537437e-01
 -7.33305216e-01  3.25606942e-01  5.37666380e-01  4.37829107e-01
  7.36100733e-01 -1.03426576e-02  5.24857640e-02  4.43390757e-01
  2.24078279e-02  2.88335592e-01  1.59544170e-01 -4.79702562e-01
 -3.03679973e-01  4.21258777e-01  1.49492174e-01  5.48896074e-01
  3.40950936e-01 -8.71381015e-02 -3.95018846e-01  1.61977962e-01
  8.20331812e-01 -1.80283591e-01  2.67578334e-01 -7.52974987e-01
 -2.78710455e-01  1.59581810e-01  5.62970757e-01 -6.08632386e-01
  4.92239565e-01 -6.07765988e-02  5.25845625e-02 -1.43023312e-01
 -1.91966355e-01  9.97748300e-02 -3.55560511e-01 -5.00298202e-01
  5.06961286e-01 -5.31934798e-01 -3.02319258e-01 -4.19243068e-01
  3.32695007e-01  1.38085470e-01 -4.93383825e-01  6.11286104e-01
  3.28400701e-01  1.61657035e-01 -1.62158489e-01 -5.78785896e-01
 -9.84539866e-01 -6.54933900e-02 -3.81376334e-02  2.91111887e-01
  2.58381993e-01  3.82747889e-01 -5.70695341e-01  7.09239393e-02
  7.39507303e-02  2.86776960e-01  6.94371700e-01  3.66030782e-01
 -2.54819304e-01 -4.56412643e-01 -3.78085524e-02 -4.54684757e-02
  1.46628395e-01 -2.53059566e-01  3.08271676e-01  1.77779138e-01
  4.23457958e-02  1.95485353e-01  1.80061296e-01 -4.82959569e-01
 -4.46991146e-01  4.22453701e-01 -5.54798007e-01 -6.09553218e-01
 -2.87503093e-01 -7.14776516e-02 -6.48085237e-01 -5.90021431e-01
 -3.88478547e-01 -2.70618126e-02 -2.96799630e-01  5.09854853e-01
 -2.20749557e-01 -3.46815139e-01  4.21644419e-01 -3.03888112e-01
 -2.97898710e-01  3.92776459e-01 -5.96282370e-02  4.85152230e-02
 -2.71362692e-01 -1.80214211e-01 -4.85119194e-01 -5.50102711e-01
 -1.46064058e-01 -5.48247062e-02  3.20635945e-01  4.96225029e-01
  4.85402435e-01 -2.99278855e-01  3.81333351e-01 -3.73530388e-01
 -4.47713405e-01 -5.84976196e-01 -1.86789498e-01 -1.52982026e-01
  6.60977811e-02  1.69545248e-01 -7.59079531e-02 -3.52529973e-01
 -7.25149870e-01 -4.50740993e-01  7.21923411e-02 -1.67071857e-02
 -5.82984127e-02 -1.75238892e-01  1.76436588e-01  8.80754665e-02
  1.37753308e-01  4.12329048e-01 -4.05186027e-01 -8.90388526e-03
 -2.57804722e-01  5.31994402e-01 -6.91399395e-01  1.42606691e-01
  9.13780835e-03  4.74073827e-01 -6.84618592e-01  1.83268113e-03
 -4.53542352e-01  7.37884343e-01  5.01132190e-01 -5.56135714e-01
  6.02494963e-02 -1.66056618e-01 -9.42103505e-01 -2.07673684e-01
  6.04506969e-01 -1.59555115e-03  4.08099085e-01 -1.18454859e-01
  3.92930657e-01  4.43378568e-01  8.90624821e-01 -6.74004629e-02
 -1.12778442e-02 -3.92647624e-01  1.57701224e-01  1.88776746e-01
  5.44503987e-01 -1.62852779e-01  2.81394482e-01  5.10875642e-01
 -6.43028021e-01  3.15815985e-01  8.40604305e-01  4.54933047e-01
 -1.77802837e+00 -3.15490574e-01  5.09924591e-01  1.88154355e-01
 -3.58378887e-01 -2.12312624e-01  2.24696264e-01  3.30497444e-01
 -3.35794449e-01 -4.86739337e-01  1.28249645e+00  2.57858187e-01
  1.95693672e-01 -4.18170601e-01  1.12636484e-01 -5.62515445e-02
 -1.41708806e-01 -5.21446228e-01  3.38325202e-01  4.10431117e-01
 -7.61240005e-01 -6.54457929e-03 -2.19285846e-01 -3.20843577e-01
 -5.57930410e-01  3.38376254e-01 -6.22255981e-01 -1.54126929e-02
 -3.61003816e-01 -1.23855829e-01  6.44548163e-02  1.19892108e+00
  8.73766601e-01  1.13605425e-01 -7.85572767e-01 -1.87774196e-01
 -5.42365722e-02 -3.29933971e-01  1.71589345e-01 -4.71077673e-02
 -1.40358746e-01 -1.25417739e-01  3.49879503e-01  1.09792404e-01
  1.69236571e-01 -9.03558135e-02 -6.12367451e-01 -1.05428100e-01
 -1.60651013e-01  7.27182508e-01  9.39148664e-01  1.42024815e-01
 -1.07327076e-02  5.41143000e-01  9.44216192e-01  3.77133340e-01
  1.17603675e-01 -6.48429930e-01 -3.32254231e-01 -4.62767929e-01
  7.66859427e-02 -2.49351487e-01 -4.17594105e-01  5.56211174e-01
 -1.49287611e-01  3.68744880e-02  1.74082235e-01 -8.22863281e-01
  4.12290752e-01 -5.09033144e-01 -2.34752417e-01 -2.06544533e-01
 -1.70366451e-01 -4.29976463e-01  7.41584122e-01  2.43178412e-01
  3.58751476e-01 -3.15397292e-01 -9.57608461e-01  6.62799597e-01
 -1.86171591e-01 -1.34786561e-01  1.95244402e-01  1.56921580e-01
 -1.30145578e-02  1.55310869e-01 -5.91698289e-02 -3.21650922e-01
 -8.68708730e-01 -3.00891966e-01 -4.20406580e-01 -6.36451244e-02
 -8.57962519e-02  6.06308579e-01  1.67367030e-02  1.61768347e-01
  2.56656736e-01  3.89099389e-01 -1.40243977e-01 -2.96801627e-01
 -5.63014865e-01  4.06154007e-01  3.24818224e-01  9.64802563e-01
  4.04055476e-01  7.86697958e-03  5.23979902e-01  1.74883660e-02
  8.57487842e-02  1.28358930e-01 -6.16624892e-01 -4.25798893e-01
  9.45486486e-01 -4.24720228e-01 -2.15534687e-01  3.16232592e-01
  1.19009264e-01  5.50872147e-01 -3.95574868e-01 -1.00243187e+00
  5.23220181e-01 -3.21571022e-01  2.51395792e-01  1.02209866e+00
  2.45553657e-01  1.29528150e-01  2.35287622e-01  2.30562892e-02
 -4.23205048e-01 -2.76933640e-01 -3.28922331e-01 -5.09810746e-01
  4.11363840e-01 -1.82649434e-01  6.00071728e-01  4.72385496e-01
  5.99153638e-01 -4.93774936e-02  3.51201832e-01  2.94397473e-01
 -5.44508100e-01  4.76869196e-01  6.14898860e-01  3.76830667e-01
 -2.98026800e-01  4.51095432e-01 -4.61815894e-01  2.61024199e-02
 -2.56652623e-01 -2.92400658e-01  1.01136053e+00 -3.66128348e-02
  5.85108876e-01 -7.22363710e-01 -3.12030435e-01 -4.95933414e-01
 -4.94141340e-01 -1.92767397e-01 -2.27434888e-01  7.53657743e-02
  2.83958793e-01 -3.67110074e-01 -6.58712447e-01  2.88394988e-01
  5.98970175e-01  4.79709685e-01 -5.10609299e-02 -3.06638241e-01
 -2.42385089e-01  1.44310355e-01 -7.13408232e-01 -5.08119762e-01
  5.75716496e-01  1.33645713e-01 -3.49325001e-01 -8.85440588e-01
 -3.18086386e-01 -1.37975529e-01  1.80566147e-01 -4.81180012e-01
  4.65103425e-02 -2.90102869e-01 -7.40047514e-01 -2.73175985e-01
 -4.84755099e-01 -1.20044157e-01 -6.42106056e-01 -3.72304142e-01
 -2.52456278e-01 -4.79332060e-01  4.62514767e-03  6.94812894e-01
  7.40345001e-01 -4.98549789e-01 -2.38092914e-01  1.25692427e-01
  1.68650851e-01 -2.38517508e-01  1.64094210e-01 -3.25444698e-01
 -1.57747671e-01 -5.75693488e-01  2.04005197e-01 -2.76162952e-01
 -6.52704909e-02 -8.76909718e-02 -7.34548450e-01 -4.65900540e-01
  3.24366055e-02 -8.09866250e-01  1.94154412e-01 -5.71203344e-02
  9.31557417e-01 -5.27416945e-01  1.28314644e-01 -5.06936982e-02
 -2.37449393e-01 -5.59950769e-01  5.27624726e-01 -3.12546849e-01
 -1.15858138e+00  3.61088723e-01  1.45674750e-01 -4.96135384e-01
  1.24215174e+00  2.09113210e-01 -6.29974842e-01 -1.04992591e-01
  1.29986420e-01  1.62437677e-01 -2.30471909e-01  1.48638442e-01
  3.89331430e-02  3.44085783e-01  4.43722427e-01 -4.37509924e-01
  6.19332314e-01 -3.59158660e-03 -2.29898542e-01 -1.35452345e-01
  3.42429459e-01  3.44156265e-01  6.82905555e-01  1.29414752e-01
 -6.26249969e-01 -2.23208055e-01 -3.25437993e-01 -6.77823722e-02
 -4.93472163e-03  3.35961312e-01 -5.25542736e-01  8.92374694e-01
  5.95879138e-01 -5.63697219e-01  3.58893722e-01  1.21140432e+00
 -4.23423871e-02  1.00338936e+00  1.73222333e-01  4.11442295e-02
 -6.27874792e-01  1.51021287e-01  7.85162672e-02  1.13573238e-01
 -7.04819784e-02  6.16788268e-02 -2.95042545e-01 -2.07189351e-01
  8.60603988e-01 -1.21087298e-01 -3.26449782e-01  8.48917291e-02
  2.58577079e-01 -2.89985210e-01  8.56760681e-01  3.06805164e-01
 -1.36516513e-02 -1.71894342e-01  3.32547456e-01  6.21066749e-01
  1.23173916e+00 -4.21998173e-01  3.74052674e-01 -3.31547111e-01
 -5.47127068e-01  1.43684179e-01  1.50127530e-01 -8.64528418e-02
  6.01215363e-01 -6.97274566e-01 -8.04886967e-02  7.73182809e-01
  2.36947969e-01  3.00097913e-02 -7.37051517e-02 -5.07893443e-01
  1.77318618e-01 -4.61463809e-01 -1.80193573e-01  4.58078273e-02
  3.56192291e-01  7.27163076e-01  4.08696771e-01 -1.53136924e-01
 -6.61972314e-02  8.01147103e-01 -9.96110737e-02 -4.93488669e-01
 -7.96970874e-02 -1.86291501e-01  3.93057391e-02 -5.20649850e-02
  3.48019212e-01 -2.10816879e-02 -2.20096946e-01  6.96488619e-01
 -2.26593941e-01  1.58699993e-02 -2.68517137e-01  3.71264756e-01
  1.12312593e-01 -1.10282540e-01  2.15176210e-01 -2.13267505e-01
  2.19078302e-01 -8.04663170e-03 -8.18797827e-01  5.76216057e-02
  1.49572268e-01  8.99965018e-02 -5.05091488e-01  5.94391348e-03
 -4.69350129e-01 -3.57458442e-01 -1.22824110e-01  1.75755724e-01
 -1.18492377e+00 -7.96239614e-01  4.04311538e-01 -1.13843111e-02
 -2.22231910e-01 -1.39412284e+00  6.04565978e-01  3.70403737e-01
 -3.32081988e-02 -1.89859390e-01  2.78543860e-01 -6.24178387e-02
 -2.02721819e-01 -1.56946585e-01 -2.01258510e-01  3.42308521e-01
 -9.88176918e+00  1.12770759e-01  2.50407439e-02 -6.22600853e-01
 -2.76820093e-01 -1.41919762e-01  1.09794724e+00  8.69891942e-01
 -1.87412709e-01  4.06247199e-01 -2.01487169e-01 -3.28345932e-02
  4.22211558e-01  6.47771239e-01  1.65358242e-02 -7.57811219e-02
 -2.08381042e-01  1.53451160e-01  1.10351264e-01 -8.12371746e-02
 -6.07629895e-01 -3.31951827e-01  7.04402804e-01  2.13520423e-01
  3.32133681e-01 -5.60950339e-01 -5.38508654e-01  7.21315145e-01
  2.39347965e-02  2.18113080e-01 -1.00224507e+00  2.96147227e-01
  1.26131713e-01  4.14044440e-01 -1.12271339e-01  3.90668362e-01
  1.04702450e-01  8.87585223e-01 -6.42447472e-02  1.89240113e-01
  1.08976685e-01  4.44355249e-01  7.05835000e-02  4.31388766e-02
  3.93780977e-01 -6.31690770e-02  2.85484418e-02  4.78996664e-01
  8.08911502e-01 -2.49125585e-01 -4.23261702e-01 -2.74450004e-01
  4.65073913e-01 -2.50932336e-01  1.57838166e-01 -4.56525050e-02
  6.44307196e-01 -9.43918109e-01  1.45242319e-01  1.49372593e-01
  3.02978486e-01  5.56549609e-01  6.30358040e-01  7.06629515e-01
 -1.50151372e-01  4.65382963e-01  5.70741117e-01  5.43890186e-02
 -1.22884679e+00 -4.16785181e-01  3.50274801e-01  3.19097728e-01
  2.79913932e-01  2.02869564e-01  1.53428257e-01  3.13708216e-01
 -2.31102943e-01  1.96545213e-01  2.69514769e-01  1.90439910e-01
  6.27090394e-01 -4.20842886e-01  1.83549061e-01  6.61153436e-01
 -5.12235284e-01  3.42084557e-01  2.13412911e-01 -2.76893467e-01
  2.21116453e-01 -5.82990050e-01  6.00941181e-01  1.98592559e-01
 -5.65831959e-01  4.26244050e-01  4.98821706e-01 -1.24667063e-01
 -2.60311179e-02  7.08031207e-02  2.06412062e-01 -3.70711058e-01]"
ニ,"[ 2.39988178e-01  4.98018354e-01  8.95507991e-01  5.04149776e-03
 -2.96980441e-01 -1.28887564e-01  8.37725878e-01 -2.46583581e-01
 -6.96334004e-01 -3.83814514e-01  5.02365887e-01 -2.31945470e-01
 -2.09004536e-01  1.23188756e-02  3.37587237e-01  9.55833197e-02
 -2.99468726e-01 -3.32096785e-01  1.05328545e-01 -3.35621864e-01
 -1.19924712e+00 -4.85773325e-01 -1.45177497e-02  6.03932813e-02
  5.99503107e-02 -7.81361461e-01  1.38590381e-01  7.01314211e-02
  1.48276970e-01 -4.49906230e-01 -5.65768123e-01  9.19201374e-02
 -1.73622057e-01  3.05349496e-03 -4.91009176e-01  6.13108039e-01
  1.52755463e-02 -9.71176624e-02  5.18929482e-01  1.48104697e-01
  3.02371359e-03 -1.04456700e-01  2.00241767e-02  4.10717428e-02
 -1.00732647e-01  4.26466435e-01  1.32814810e-01  4.96850312e-01
 -1.85599312e-01 -1.61219478e-01 -3.43895525e-01  3.89820635e-01
  5.20955980e-01  1.57752603e-01  1.92417175e-01  6.55715242e-02
  8.84710133e-01 -6.20181322e-01  2.48170391e-01  4.45669949e-01
 -4.49268341e-01 -5.54559171e-01  2.07646072e-01  9.06073600e-02
 -3.40903044e-01  4.91930664e-01 -5.97350180e-01 -1.56829968e-01
  4.56269503e-01 -5.39125562e-01  4.92937267e-02 -2.53828436e-01
  1.44734114e-01 -7.69211173e-01  5.15935540e-01 -4.59401578e-01
  1.82134658e-01 -1.12531677e-01 -7.64267743e-02  1.73809811e-01
  2.12652758e-01  2.44235754e-01  5.53750321e-02 -6.86998665e-01
 -3.67736429e-01  6.94059134e-01 -9.10184622e-01 -1.08163643e+00
  8.66368055e-01 -2.36262754e-01 -1.76884800e-01  3.00073773e-01
  1.56975225e-01  8.42565894e-02  6.70451820e-01  6.20414972e-01
  8.54531080e-02  2.57643044e-01  2.82056499e-02  2.92650551e-01
 -3.81049931e-01 -2.81757742e-01  3.63446027e-01 -3.95799786e-01
 -4.15611774e-01  2.61318475e-01 -1.87292680e-01  3.63612592e-01
  9.76108462e-02  4.04498488e-01 -2.06691846e-01 -9.86826599e-01
 -2.26228744e-01  1.46449551e-01  5.39549470e-01  2.33269021e-01
 -1.63488612e-01  3.49314034e-01 -2.61843711e-01  2.53573030e-01
  1.71662539e-01  5.83239615e-01 -3.42006832e-02 -1.10916424e+00
  7.96048045e-02  3.21269304e-01 -8.85724649e-02  2.60915197e-02
 -1.13755137e-01 -1.52995363e-01 -4.82470751e-01 -6.09114051e-01
 -3.28988731e-01 -9.74496305e-02 -6.01261318e-01  6.51743472e-01
  6.65056109e-01  5.21687448e-01  8.27017352e-02 -2.81015009e-01
 -6.03887081e-01 -6.20010272e-02  4.01846975e-01 -3.22541028e-01
  6.03326857e-01 -1.02281785e-02 -4.96304125e-01 -4.26085979e-01
  1.62226528e-01  1.48317486e-01 -1.59876928e-01  8.02332342e-01
 -7.59132564e-01 -6.17249794e-02  1.53783709e-01  4.51979250e-01
 -7.27886617e-01  1.69708714e-01  2.76408553e-01  1.89026684e-01
  7.83275664e-01  3.37716967e-01  1.77055672e-01  7.06372678e-01
  3.58970881e-01  3.68409246e-01  3.85559678e-01 -3.53331655e-01
  1.53440619e-02  4.55874085e-01  3.50383490e-01  2.17953846e-01
  7.68198848e-01  1.38644367e-01 -5.55621028e-01  6.62138402e-01
  1.07146370e+00 -3.01238596e-01 -2.04942793e-01 -5.72211206e-01
 -2.70607501e-01 -2.14417055e-01  5.49105227e-01 -7.79320717e-01
  5.07459939e-01 -6.77689153e-04  2.81504181e-04 -2.34270364e-01
  1.57279626e-01  6.06056094e-01 -4.20353681e-01 -5.84464729e-01
  2.66149670e-01 -5.12387574e-01 -2.07080051e-01 -2.71703005e-01
 -2.05106005e-01  2.20942393e-01 -9.21006858e-01  3.23648512e-01
  4.33096886e-01  7.33364746e-02 -1.98340982e-01 -4.93855506e-01
 -6.89294100e-01  6.02587014e-02 -8.97126719e-02  3.99407655e-01
 -1.87018573e-01  8.92463326e-02 -2.99725264e-01 -1.55441687e-01
  3.47486079e-01  2.82178491e-01  4.19694215e-01  1.55134380e-01
 -1.16505414e-01 -1.75717235e-01  3.27611148e-01  5.51695228e-02
  3.73387218e-01 -1.66614413e-01  1.50819710e-02 -2.42360711e-01
  1.22449778e-01  5.37093580e-01  3.70651454e-01 -6.75179839e-01
 -2.30487987e-01  4.68411744e-01 -6.56977355e-01 -8.94375801e-01
 -5.81995785e-01 -1.02702983e-01 -5.70869088e-01 -5.74259520e-01
 -4.28675741e-01  2.31389746e-01 -5.87648094e-01  5.27140200e-01
 -1.35432541e-01 -3.49061757e-01  2.20525056e-01 -5.16434789e-01
 -2.15833813e-01  1.98885590e-01  1.23256803e-01 -1.67608425e-01
 -6.28982604e-01 -2.82601506e-01 -2.26736084e-01 -2.49921575e-01
  1.01974934e-01 -3.67952704e-01  5.21100342e-01  7.17682838e-01
  8.67065132e-01 -1.78678766e-01  3.08760971e-01 -3.62246484e-01
 -4.94038820e-01 -6.56109869e-01  7.56227598e-02  1.84467956e-01
 -9.68985036e-02  4.71398607e-02 -1.32945165e-01 -2.87313789e-01
 -9.78180587e-01 -3.19053590e-01  3.31853360e-01 -2.46191680e-01
  1.73809994e-02 -1.85013145e-01  4.62290138e-01  1.79328620e-01
  2.59251177e-01  7.66176939e-01 -3.64025652e-01  2.71997869e-01
 -3.02224636e-01  2.61138618e-01 -6.11751914e-01  1.41730681e-01
 -1.54224768e-01  4.24566209e-01 -5.10331392e-01 -5.34509361e-01
 -5.33447266e-01  7.16960073e-01  4.46059614e-01 -6.07499242e-01
  2.07023591e-01 -1.22298248e-01 -5.59150815e-01  4.84924793e-01
  3.39263827e-01  2.01661754e-02  2.77093083e-01 -7.16230199e-02
  6.28801644e-01  2.93567091e-01  8.05922031e-01 -8.94927382e-02
 -2.00201899e-01 -1.22476704e-01  1.70935780e-01  7.12828279e-01
  1.83763400e-01 -8.02681029e-01  6.80369377e-01  3.82238477e-01
 -5.34948111e-01  3.93619537e-01  5.95366955e-01  5.87542713e-01
 -1.38230765e+00 -1.75351441e-01  6.86440587e-01  7.56553888e-01
 -6.60086274e-01 -7.14258658e-06  2.97134340e-01  3.12337548e-01
 -1.88899130e-01 -2.40754262e-01  1.23286712e+00 -9.09240395e-02
 -6.52929991e-02 -2.22514734e-01 -7.49331564e-02 -3.39318931e-01
  2.48290256e-01 -3.78671199e-01  9.35624242e-02  4.35639024e-01
 -5.85079014e-01 -1.83174744e-01 -3.18006545e-01 -2.90594935e-01
 -4.24087793e-01  6.38543367e-01 -5.36976278e-01 -1.30527511e-01
 -1.90998502e-02 -4.49397177e-01 -1.47821322e-01  1.06924582e+00
  1.11024654e+00  1.68292746e-01 -8.28435302e-01 -7.25870073e-01
  1.02730483e-01 -3.82748246e-01 -9.08938646e-02 -5.36572218e-01
  1.47394165e-01 -2.61008650e-01 -2.49914333e-01 -1.99813452e-02
  4.39121537e-02  1.04779318e-01 -2.14180186e-01  1.83400869e-01
 -3.46643627e-01  3.88646126e-01  1.03277528e+00  3.49547789e-02
  3.68846476e-01  6.38868928e-01  6.72288179e-01  3.38695914e-01
  6.50130883e-02 -8.78607035e-01  6.81200475e-02 -5.90404987e-01
  4.95224267e-01 -8.86519551e-02 -7.30560660e-01  9.07346785e-01
 -8.63807574e-02  1.66115239e-01 -3.56405050e-01 -5.11898935e-01
  2.59050071e-01 -4.33588028e-01 -1.34439599e-02  1.83345765e-01
  1.51775464e-01 -1.97776735e-01  7.99921691e-01  4.20220852e-01
  6.37763143e-01 -4.77705687e-01 -7.68992126e-01 -1.67379096e-01
 -3.21367145e-01  1.55838728e-01  3.72185826e-01  5.08289456e-01
 -9.48093012e-02 -1.15304634e-01  1.59989353e-02  2.06453741e-01
 -9.58780050e-01  6.85359314e-02 -6.51793361e-01  7.04318658e-02
  7.30981156e-02  2.11315274e-01  3.15223746e-02  5.27812578e-02
  3.18917871e-01  5.80801547e-01 -7.78379977e-01 -1.61388829e-01
  1.78864390e-01  3.19994479e-01  3.38855326e-01  6.49617970e-01
  5.54922700e-01  5.90652749e-02  5.40966034e-01 -2.23577231e-01
  3.46589625e-01  1.65587157e-01  1.74746141e-01 -5.20546496e-01
  9.49707210e-01 -4.51154590e-01 -8.76128525e-02  1.54448807e-01
  6.02484681e-02  5.61193466e-01 -4.67550218e-01 -8.07605207e-01
  4.19911563e-01 -1.82609066e-01  5.61552107e-01  1.18297470e+00
 -8.05006996e-02  2.96015471e-01 -4.64479625e-02  1.87562793e-01
 -2.05320850e-01  3.64763290e-01 -1.00939989e-01 -6.39843345e-01
  4.27743912e-01  1.48142621e-01  2.72276789e-01  1.41129005e+00
  8.62573981e-02  2.67267913e-01  1.45289376e-01  2.41290808e-01
 -3.22308242e-01 -9.55208763e-02 -3.00914079e-01  1.27816588e-01
 -1.15207039e-01  8.35735679e-01 -6.28821492e-01  5.30882254e-02
 -1.28828391e-01  5.24586625e-02  6.77211404e-01  4.08189178e-01
  1.27430807e-03 -3.65740597e-01 -5.74689567e-01 -4.13478673e-01
 -4.50351298e-01  1.39700668e-02 -6.15269423e-01 -5.08028306e-02
 -2.44748503e-01  4.97177429e-02 -9.58145142e-01  4.67866123e-01
  4.89380181e-01  6.27292097e-02  1.94662705e-01 -5.68079174e-01
 -1.69913232e-01  5.43918490e-01 -6.85943604e-01 -6.36755109e-01
  2.70639420e-01  6.15531914e-02 -3.26060712e-01 -9.57592249e-01
 -1.97490796e-01 -3.58115435e-01  2.89127558e-01 -4.28639263e-01
  1.62303254e-01  1.23498198e-02 -5.65133810e-01 -1.75413221e-01
 -5.32848775e-01 -3.94395769e-01 -7.78370649e-02 -1.52942285e-01
 -4.35021520e-02 -2.34165028e-01  4.55569178e-02  8.60987008e-01
  5.78102887e-01 -3.40484947e-01 -6.78211376e-02  6.00131154e-01
  1.34011349e-02 -3.03174287e-01  1.34680793e-01 -1.44233227e-01
 -5.26163042e-01  4.35550392e-01  5.09154499e-01 -8.33733231e-02
  2.18092039e-01  2.67089635e-01 -7.99122572e-01 -4.18002486e-01
 -3.34506005e-01 -1.05095851e+00  4.23824608e-01 -3.56232166e-01
  8.67233098e-01 -5.95498502e-01  4.30989295e-01 -4.02423292e-01
  3.90986919e-01  1.71622541e-02  4.16390330e-01 -4.85770315e-01
 -1.32328975e+00 -3.38276356e-01 -2.78126150e-01 -6.34211361e-01
  1.08852756e+00 -1.20027043e-01 -7.55029440e-01  2.68978149e-01
  2.81859577e-01  1.83319554e-01 -2.46581674e-01  2.26847857e-01
 -3.90494317e-02 -1.69130769e-02  8.01749900e-03 -1.57665983e-01
  3.53744954e-01  3.58544439e-01  1.78397536e-01 -9.76162311e-03
  8.24940324e-01  3.85430932e-01  1.55031815e-01  1.72671199e-01
 -4.52601820e-01  2.31630221e-01 -8.50178897e-02 -2.92136341e-01
 -1.44215494e-01  4.84172821e-01 -4.87031668e-01  5.14036715e-01
  3.83085430e-01 -8.01923990e-01 -1.51489019e-01  1.19481027e+00
  2.63545394e-01  6.82392240e-01  7.65335336e-02 -9.81333405e-02
 -6.14413142e-01  7.81684965e-02  5.95352292e-01 -1.32365778e-01
 -4.47791576e-01  1.94167018e-01 -1.36386290e-01 -7.82188214e-03
  7.71508753e-01 -3.65745723e-02 -1.18379690e-01  3.81918460e-01
  6.33423403e-02 -3.29495847e-01  9.61151242e-01  9.25962180e-02
 -3.06232810e-01  2.92535964e-02 -5.50469980e-02  4.20026034e-01
  4.79091495e-01  1.94364086e-01  4.59074676e-01 -1.40517382e-02
 -5.84810674e-01  7.21693635e-02  3.96188885e-01 -2.21036226e-01
  8.91806424e-01 -3.36766124e-01 -2.76369184e-01  6.25843644e-01
  3.86376560e-01  1.28298014e-01 -1.49681764e-02 -7.28680491e-01
 -2.71520883e-01 -6.28290713e-01  6.71744421e-02  1.37115344e-01
  4.39225763e-01  3.18459839e-01  1.89389437e-01 -4.35012490e-01
  3.68715554e-01  3.21261317e-01 -1.68234855e-01 -3.00772935e-01
  6.84005171e-02  2.57900000e-01  2.62689501e-01  1.78413033e-01
  2.42349848e-01  8.31109434e-02 -4.74817395e-01  7.60157406e-01
 -2.58183986e-01 -1.07246801e-01 -9.47952121e-02  1.75308958e-01
  5.91599166e-01 -2.41050825e-01  3.20967257e-01  7.49908313e-02
 -4.73887809e-02  5.60566001e-02 -4.47945863e-01  1.06365249e-01
 -2.00239748e-01  2.81386194e-03 -2.55647004e-01  8.40660557e-02
 -6.80085182e-01 -8.13112259e-01 -2.01230571e-02  4.06319648e-01
 -4.02574241e-01 -5.07808864e-01  4.86407310e-01 -1.20434076e-01
 -5.76042056e-01 -1.56621480e+00  5.19383132e-01  8.15850645e-02
  1.06269373e-02  1.05899330e-02 -2.20879242e-01 -2.32655033e-01
 -1.76005363e-01  2.45941177e-01 -6.74645543e-01 -3.29390198e-01
 -9.80719566e+00 -1.24987848e-02 -5.16305089e-01 -1.69034228e-01
 -1.28199637e-01 -4.53296870e-01  1.13936782e+00  8.25395584e-01
 -5.36453128e-01  3.24026257e-01 -5.62829137e-01  2.93635935e-01
  5.91186583e-01  3.53038192e-01  4.28162724e-01 -3.93927336e-01
 -6.78737909e-02  6.66920915e-02  3.08079898e-01  1.39982000e-01
 -1.82690114e-01 -1.62025258e-01  1.01952136e+00  3.14514697e-01
  6.64615780e-02 -6.18861258e-01 -1.65896490e-01  6.42012000e-01
 -2.04370409e-01  2.01991171e-01 -9.69994366e-01  9.67738569e-01
 -1.64439350e-01  5.63455336e-02 -4.27154571e-01  1.41432285e-01
 -8.07258338e-02 -4.51164246e-02 -8.57247651e-01  4.81636137e-01
  3.63676101e-02 -1.15515734e-03  2.12058321e-01 -7.37558529e-02
  4.53648657e-01 -2.47572556e-01 -1.13700464e-01  2.64775455e-01
  3.16004544e-01 -1.87130738e-02 -1.75688401e-01  2.80899644e-01
  6.08626902e-01 -5.37230492e-01  3.72936457e-01 -7.10644662e-01
  3.59981090e-01 -9.49310005e-01  2.19201967e-01 -2.92246699e-01
  5.07802777e-02  1.27202868e-01  5.29527009e-01  7.47220516e-01
 -7.87647441e-02  5.49038589e-01 -2.04139622e-03 -6.29251659e-01
 -6.55556560e-01 -1.58900291e-01  3.97139251e-01  1.71144515e-01
  2.27958634e-02 -2.40527719e-01  1.44262925e-01  4.69414949e-01
 -8.20372067e-03  3.55487317e-01  7.01573551e-01 -2.77191818e-01
  7.40035355e-01 -5.10673463e-01  3.53430718e-01  5.59746802e-01
 -7.75950968e-01  3.75806212e-01  1.69567689e-01 -1.91189870e-01
 -2.10226551e-02 -7.55651236e-01  4.54522610e-01 -2.34404549e-01
 -2.77356386e-01  7.50988349e-02 -1.68514609e-01  1.70134261e-01
 -8.15538764e-02 -1.39744431e-01  9.23962072e-02 -5.64954102e-01]"
ナ,"[-1.36217847e-01  3.79785836e-01 -7.92758390e-02 -5.09535491e-01
 -1.95318786e-03  2.65511032e-02  3.28162432e-01  1.86124414e-01
 -4.10467416e-01 -4.79793012e-01  5.64779341e-01 -1.58841357e-01
 -3.58249873e-01 -1.21736579e-01  8.01063955e-01 -2.62379080e-01
 -1.14656851e-01  5.74271560e-01  7.07754716e-02  2.66021073e-01
 -1.86416194e-01 -6.59682512e-01  3.99309322e-02  2.96137743e-02
  4.26596284e-01 -2.26286814e-01 -5.27459085e-02  2.43042350e-01
 -1.87669918e-01 -3.39602441e-01 -6.15385592e-01 -7.27221608e-01
 -2.41543472e-01 -5.58901489e-01 -3.99754226e-01  3.63775998e-01
  4.19665515e-01  1.36867613e-01 -1.26615241e-01 -3.62567186e-01
 -3.51681143e-01 -3.00753027e-01 -3.07276398e-01 -3.41567010e-01
  1.82689756e-01  7.73475230e-01 -1.72071517e-01  2.98296034e-01
  1.09790802e+00 -5.19320881e-03 -2.24340603e-01  3.36468339e-01
 -9.59923957e-03 -4.88534989e-03  1.07273594e-01 -1.52681500e-01
  6.55446112e-01  3.33327949e-02 -4.53105271e-02  3.10871243e-01
  6.76823854e-02 -1.04677454e-01  4.56239283e-01  2.24224582e-01
 -7.09120929e-01 -3.74676853e-01  4.51853909e-02 -6.66756928e-02
 -3.65355164e-01 -4.55440432e-01 -3.05466056e-01 -1.93880707e-01
  3.06158047e-02 -8.07640776e-02  1.83492303e-02 -4.41437542e-01
  1.64273813e-01 -4.63895202e-02  5.95329642e-01 -7.01336637e-02
 -3.65556823e-03  5.08116007e-01  5.08597158e-02 -1.96027994e-01
  2.67019659e-01  4.62842956e-02 -3.44363570e-01 -9.88484859e-01
  3.15028399e-01 -2.64876187e-01 -1.39831915e-01  5.50535142e-01
 -2.55879790e-01  1.75825730e-01 -5.80384552e-01 -1.28734753e-01
  1.76557988e-01 -1.89133123e-01  6.04552999e-02  2.59222746e-01
 -4.22254391e-02 -7.70054460e-02  7.04882324e-01 -5.76668568e-02
 -1.53928623e-01  3.42632353e-01 -3.43115151e-01  4.49620113e-02
  2.42110752e-02 -7.46607408e-02 -3.88004512e-01 -3.23105186e-01
  1.31809622e-01  5.69591165e-01 -6.86645955e-02  2.54773289e-01
  8.70746672e-02  2.53773272e-01  2.56878912e-01  2.00417340e-01
  4.36134845e-01  8.56271565e-01 -2.30346486e-01 -1.05310023e-01
 -5.41190982e-01  5.03071785e-01 -1.98655307e-01 -3.05972755e-01
 -1.14055686e-01 -5.99570692e-01  4.72426526e-02  2.75245816e-01
 -1.28947541e-01  2.38380015e-01 -5.20284116e-01  7.78640866e-01
 -1.01966277e-01  4.08485919e-01  4.54666317e-02 -4.16279823e-01
  3.09428930e-01  2.98197530e-02  2.51705293e-02  1.33771747e-01
 -3.04233849e-01  3.02716553e-01  1.36913702e-01 -2.07376768e-04
  3.76660138e-01  5.68434715e-01 -1.34753644e-01  7.10936606e-01
 -7.64993131e-01 -1.17561013e-01  1.90661415e-01  3.33658755e-01
 -7.87062764e-01  2.36750439e-01  4.83446121e-01  8.27533305e-01
  8.74495357e-02 -8.20303857e-01  5.06666861e-02 -5.36461994e-02
  3.01194191e-01  1.36812225e-01  1.21609658e-01 -3.14265013e-01
  4.17913049e-01  4.48738635e-01  3.17748487e-01  2.46622518e-01
  2.27483809e-02 -2.00229630e-01  6.43893063e-01  6.77333772e-01
  2.43685111e-01  2.57706285e-01 -1.15250852e-02 -1.76610917e-01
 -2.47992203e-01 -4.40509081e-01  7.68386200e-02 -1.65818632e-01
  9.74546149e-02 -3.75914931e-01 -1.54532149e-01 -3.64104837e-01
  1.88847661e-01 -1.59631923e-01  6.68581054e-02 -2.98287272e-01
  3.53886485e-01 -1.14993319e-01  2.72798166e-03 -5.53391516e-01
 -3.80839705e-02 -4.13825214e-01 -9.75275040e-02  2.52881944e-01
 -4.01181877e-01  5.58508001e-02 -1.11496776e-01 -1.42224833e-01
 -1.08030295e+00 -5.20593338e-02  3.11988711e-01  7.99841583e-01
  4.60781097e-01  4.70659047e-01 -1.18820198e-01 -2.65575480e-02
  6.86475158e-01  1.83247432e-01  2.20387485e-02  1.38242573e-01
 -6.60987377e-01  1.32219061e-01  2.95667499e-01  5.98401092e-02
 -5.83511233e-01  1.12225980e-01  2.05917597e-01  4.03799087e-01
  4.57566790e-02  6.79417625e-02  8.97147134e-02 -1.06335782e-01
  2.76489615e-01  2.20542759e-01 -9.18733925e-02  2.29321420e-02
 -7.94441044e-01 -1.39095321e-01 -1.19558227e+00  4.44883972e-01
 -1.01232916e-01  5.70947587e-01 -7.26514831e-02  8.01285803e-02
  3.90290692e-02 -2.42909957e-02 -7.13287592e-02 -1.06457040e-01
 -5.04622236e-02  5.21994591e-01 -2.17935219e-01 -2.63024211e-01
 -3.88072252e-01  6.34832829e-02 -9.22822654e-02 -6.15083814e-01
  2.72369564e-01 -2.32835665e-01  6.31019831e-01  4.55764443e-01
  4.66444761e-01 -6.27220929e-01 -3.09162855e-01 -3.47595394e-01
 -2.33423427e-01 -5.47605753e-01  1.95025384e-01 -3.92802775e-01
 -2.44636402e-01 -6.13931753e-03  3.07361662e-01 -7.44153321e-01
 -2.54494816e-01 -5.41086376e-01  2.85130084e-01 -7.32665181e-01
 -3.65930125e-02 -2.10548982e-01 -1.57022804e-01 -2.61361718e-01
 -2.50898272e-01  2.97212362e-01 -7.76135921e-01  1.28358558e-01
 -5.88600695e-01  4.96300757e-01 -7.17930615e-01  2.75920719e-01
  2.24471271e-01 -2.24002495e-01 -4.96995419e-01 -1.19362988e-01
  2.06217155e-01  1.59566939e-01  2.91711509e-01 -1.50227964e-01
 -1.06531978e-01 -2.88291186e-01 -2.69295812e-01 -1.27763137e-01
  1.79937214e-01 -2.57913977e-01  1.82493612e-01 -1.06588555e-02
  4.38590735e-01  5.49603939e-01  5.10780990e-01  8.62148404e-02
 -1.89244464e-01 -5.10406494e-01 -8.06207210e-02 -4.01949018e-01
  8.37279558e-01 -1.27503648e-01  6.81416690e-02  8.43417823e-01
 -3.43123525e-01  4.27420944e-01  4.92610663e-01  3.57669204e-01
 -1.83962739e+00  8.63521472e-02  1.83601186e-01 -1.78991839e-01
 -1.02437764e-01  4.95744765e-01  3.24417114e-01  3.79628479e-01
 -2.82256156e-01 -2.42777660e-01  1.53881446e-01  4.30253983e-01
 -2.43113890e-01 -5.06444931e-01  2.94239849e-01 -1.20952807e-01
 -1.11387268e-01 -5.77569306e-01 -2.61537135e-01  3.22505057e-01
  5.52402794e-01 -7.49784410e-02 -4.16341238e-02 -4.51178700e-01
  1.46364989e-02 -4.89417017e-02 -7.73097873e-02 -3.48984972e-02
 -5.18511772e-01 -2.18516905e-02 -5.50190685e-03  4.79943335e-01
  5.31697452e-01  6.18142724e-01  5.17191410e-01 -3.68477814e-02
  4.15738523e-01  4.09637064e-01  2.78648823e-01  2.58205205e-01
 -1.92478687e-01  3.38051021e-02  6.54076815e-01  4.56723630e-01
  1.25677779e-01  2.34822974e-01  2.94249147e-01  5.72276235e-01
  4.93437529e-01  2.86634922e-01  3.06924045e-01  1.74232289e-01
  4.80722755e-01  7.67842352e-01  4.61996824e-01 -1.49397627e-01
 -5.35545051e-01 -2.07195401e-01  4.61773090e-02 -7.19204664e-01
 -2.36712545e-02  1.69839919e-01  4.68096703e-01 -6.63670242e-01
 -3.45444322e-01 -2.95199662e-01  1.76241323e-02 -7.02230990e-01
 -3.58724922e-01 -6.69557035e-01 -6.39351606e-01 -1.93379059e-01
  1.65576994e-01 -4.11117226e-01  5.45201898e-02 -6.07914478e-02
  7.05879748e-01 -6.72730744e-01 -3.99949640e-01  1.13895223e-01
 -6.31103158e-01 -2.93652326e-01 -3.77531469e-01 -1.63616955e-01
 -3.91004562e-01 -1.25441849e-01  3.14322710e-01 -4.70428199e-01
 -7.83000410e-01 -2.88838267e-01 -6.09501421e-01 -3.22668433e-01
  3.07533801e-01  5.02631187e-01  3.61660123e-02  5.98707616e-01
  2.11616114e-01  3.22341442e-01 -3.80458027e-01  7.36585975e-01
 -8.92982781e-01  4.00662065e-01  2.41615936e-01  4.03680295e-01
  6.13344252e-01  5.35341918e-01  4.90175307e-01  8.57306346e-02
  1.54749513e-01 -3.47645255e-03 -1.79560825e-01 -6.78959489e-01
  6.71502113e-01 -4.02425438e-01  5.00388384e-01 -1.75969094e-01
 -2.62269527e-01  4.49397892e-01 -3.34530354e-01 -2.27431476e-01
 -1.88923135e-01  3.93853813e-01  3.31171937e-02  1.88998282e-01
  2.92169690e-01  9.07335699e-01 -1.43206015e-01 -1.83547169e-01
  9.28238034e-02  1.60436437e-01  4.88099992e-01  1.68469951e-01
  5.57058044e-02 -6.00753911e-02  2.54856884e-01  1.46979168e-01
 -1.44283250e-01  2.38408491e-01  2.79301614e-01  4.87950534e-01
  1.73891008e-01  2.02815458e-01  2.59649754e-01 -1.50730982e-01
 -4.01128232e-01 -4.44263101e-01 -7.44524181e-01 -3.40825647e-01
 -5.52254975e-01 -7.67023489e-02  9.34108198e-01 -2.39603773e-01
  2.25190129e-02 -4.28295434e-01 -4.49173182e-01 -3.42966765e-01
 -5.46806157e-01  1.06074482e-01  4.81443912e-01  2.84314156e-01
  9.18398738e-01  1.30967349e-01 -7.45666564e-01  1.76642686e-01
  2.21011579e-01  4.07253027e-01  6.63063765e-01  9.09066014e-03
  3.50896940e-02  1.83811858e-01  1.82680011e-01  4.70659614e-01
 -1.01974562e-01  6.26978725e-02 -9.40832615e-01 -6.52404249e-01
 -3.24350387e-01  3.67973775e-01  3.67124885e-01 -2.21401602e-01
  4.15161073e-01  9.94877517e-02 -4.92430925e-01 -7.80409276e-01
 -2.40423933e-01 -3.42800945e-01  1.29675731e-01 -9.90501523e-01
 -9.37732756e-02  1.18506961e-01 -1.67349026e-01  4.45392698e-01
  2.83873439e-01 -4.39427286e-01  2.52377331e-01  4.21399295e-01
  5.71334600e-01 -7.26973414e-01 -2.95927469e-02  2.91597378e-02
  4.24708948e-02  2.92873144e-01  2.04589441e-01 -1.02795161e-01
 -7.58736432e-02 -1.95115730e-01 -8.25254500e-01 -4.65269268e-01
 -5.27914286e-01 -1.17438126e+00  6.21102273e-01  1.46073565e-01
  1.34798642e-02 -4.54668194e-01  3.69665682e-01 -9.39018354e-02
  1.79259390e-01  3.46551925e-01  2.71567196e-01 -4.09156322e-01
 -9.87835944e-01  1.17123187e-01 -4.00100410e-01 -7.79720724e-01
 -6.15735836e-02  7.60794103e-01 -3.06203067e-01 -1.51217744e-01
  6.68269396e-02 -4.68070358e-02  5.00749517e-03 -3.84405628e-02
 -2.85034955e-01 -7.58327544e-02  7.27977306e-02  1.18851520e-01
  2.82191873e-01  1.08784445e-01 -5.96040972e-02  1.46751404e-01
  2.27181897e-01  8.85928571e-01  2.84479290e-01  1.18054681e-01
 -3.82209152e-01 -2.01807499e-01 -7.07857534e-02  6.98361918e-02
  2.02183425e-01  4.53183949e-01 -6.44808471e-01  1.25333160e-01
  6.75511301e-01 -6.16195202e-01  6.16117045e-02  4.95503813e-01
  6.56136870e-01  2.38089874e-01 -3.15300524e-01 -1.00683272e-02
 -6.44401968e-01  3.05437386e-01  4.04159427e-01  6.76220596e-01
 -1.20024569e-01  9.89443287e-02 -1.09465942e-01 -8.93416941e-01
 -6.44049406e-01  1.70678586e-01  2.32825950e-01  3.58750582e-01
  2.90902436e-01  6.03955314e-02  3.64982843e-01  2.88788140e-01
  3.25582206e-01  2.98508048e-01 -2.11853176e-01 -1.69587851e-01
  9.25581336e-01 -1.00967355e-01  4.19761032e-01 -5.97174942e-01
 -1.12329876e+00 -1.14141829e-01 -1.00131340e-01  2.89266169e-01
  6.18421614e-01 -2.26853136e-02 -2.46456966e-01  5.18426597e-01
  3.93800706e-01  2.33769998e-01 -3.89728211e-02 -7.22244859e-01
 -5.15709594e-02 -8.79537985e-02 -3.18342112e-02  2.17369661e-01
 -9.24059898e-02  3.81692141e-01  4.86069262e-01  4.05491590e-01
  5.01701906e-02  2.69278318e-01  7.19921067e-02 -2.63382852e-01
  3.92926067e-01  2.74747610e-01 -4.12314445e-01 -3.01242560e-01
  2.44315729e-01 -4.21547800e-01  7.09136343e-03  3.57484549e-01
 -2.73204625e-01 -5.03464162e-01 -1.94650888e-01 -3.36996615e-01
  3.47201884e-01  1.80828840e-01 -5.29132307e-01 -3.22091542e-02
 -6.23873733e-02  3.67710628e-02 -1.78253248e-01 -4.06050496e-02
 -3.81089188e-02 -8.67923498e-02 -1.65621966e-01  3.79243270e-02
 -6.91981614e-01  1.61953513e-02 -8.07290912e-01  1.26615137e-01
 -2.16477290e-01 -7.05652595e-01  4.07820255e-01  7.20290840e-02
 -4.22391802e-01 -1.19935584e+00  3.84969234e-01  1.55750945e-01
  5.93656301e-01 -2.86965460e-01  4.22575116e-01 -2.09008619e-01
  3.65491688e-01  2.06109527e-02 -5.05034685e-01  5.86398458e-03
 -1.02386160e+01  2.93695301e-01 -8.07565212e-01 -4.65996787e-02
 -2.19530776e-01  2.15877116e-01  4.06636357e-01  2.02618510e-01
 -1.14357591e-01  7.83499703e-02  4.85066801e-01  6.26463711e-01
  2.03689128e-01  3.30434442e-01 -5.96944213e-01 -2.57458121e-01
  1.55121490e-01 -5.21634400e-01 -4.14517932e-02 -6.80052564e-02
  3.14117461e-01 -5.96499518e-02  7.12457478e-01  4.58022505e-01
 -4.48841117e-02 -2.83873647e-01 -4.76288140e-01  6.18951201e-01
 -3.41623366e-01  3.32348108e-01 -5.62076449e-01  2.32299924e-01
  3.24432969e-01  5.09893335e-02 -3.02852899e-01 -2.84949720e-01
 -8.83074999e-02  1.36656255e-01  1.83941081e-01  1.22880384e-01
 -4.62945290e-02  4.57452267e-01  5.45233749e-02  6.43202439e-02
  2.69053727e-01  3.59110266e-01  4.33827117e-02  3.14644277e-01
  5.46511352e-01 -2.06803922e-02 -1.34080142e-01 -2.38514975e-01
  1.48372516e-01 -1.07856549e-01  3.60755771e-01 -3.13270502e-02
  7.97114253e-01 -2.66944528e-01 -3.02110076e-01  3.60109583e-02
  4.78554875e-01 -1.68002859e-01  6.27351522e-01  3.93252403e-01
  3.06651354e-01  3.53701234e-01  5.44516444e-01  3.99895757e-01
 -2.98449010e-01 -3.67829949e-01  2.15354741e-01  2.46415168e-01
 -1.14773951e-01 -3.16884935e-01 -3.18966627e-01  6.03009045e-01
  6.61231354e-02 -2.57588595e-01 -2.31780112e-02  9.41014364e-02
  2.65585244e-01 -5.33725787e-03 -4.46496755e-01  5.85658699e-02
 -9.59826112e-01 -6.34158403e-02 -3.14684808e-02  4.64487463e-01
  1.35348931e-01 -6.52033329e-01  4.94852304e-01 -1.96370915e-01
  1.20603964e-01  5.20343333e-02 -7.96077028e-02  9.75164324e-02
  2.76541382e-01  1.29650429e-01  6.51039779e-01  3.14553797e-01]"
ッ,"[-8.47506686e-04  2.42939927e-02  2.92595834e-01 -8.14079523e-01
 -1.90448701e-01  1.69514883e-02 -1.97485581e-01  8.23104233e-02
 -2.56802887e-02 -3.11568141e-01  9.89377499e-01 -3.98658514e-01
 -7.40464866e-01 -2.20807299e-01  8.63698218e-03 -2.98646897e-01
  4.27465320e-01  7.22979829e-02  6.94795847e-02 -2.50536650e-02
 -1.54569462e-01 -9.57251370e-01 -6.99210539e-02 -1.18036285e-01
  1.72650620e-01 -2.13143110e-01 -9.14977863e-02  4.07562435e-01
 -2.35810820e-02 -1.20783314e-01 -5.25771454e-02 -5.57964563e-01
  1.83352619e-01 -4.80833769e-01 -3.83052796e-01  2.27689296e-01
  6.66377544e-02 -1.85623124e-01  4.21090834e-02  1.06750607e-01
 -1.60486266e-01 -7.08496153e-01 -1.83558196e-01 -1.34461612e-01
 -3.83230746e-01  8.17966342e-01 -1.04487441e-01  4.73394454e-01
  9.34944212e-01 -7.90410042e-02  1.32304460e-01  9.53064203e-01
  4.84225065e-01  8.36067647e-02 -2.11102828e-01 -3.16094905e-01
  6.45886421e-01  1.09655246e-01  6.07465580e-02  1.68169916e-01
 -8.20827007e-01 -1.67322606e-01 -6.96369708e-02  3.01774234e-01
 -1.59296483e-01  1.27004638e-01  6.29984736e-01 -4.48810160e-02
 -3.58839601e-01 -2.63454050e-01  4.50156294e-02  5.23348488e-02
 -1.79233834e-01  9.79395956e-02  3.94698471e-01 -1.10990971e-01
  4.48001117e-01  7.81854615e-02  3.76926959e-02 -6.98037893e-02
  6.10019602e-02  6.93809509e-01 -3.00615519e-01 -5.83717227e-01
  4.89663422e-01  3.19297373e-01 -9.86517251e-01 -6.30892873e-01
  2.03965306e-01 -4.85032052e-01 -3.43829751e-01  4.04426605e-01
  5.63760042e-01  1.74714521e-01 -2.54069954e-01 -5.54850837e-03
 -4.07151639e-01 -3.97180140e-01 -6.96826577e-02 -1.03775948e-01
 -4.29990403e-02 -3.08415890e-01  8.10774416e-02 -6.27929986e-01
 -6.31677285e-02  4.42603141e-01  9.22260806e-02 -1.07993968e-01
 -8.02938715e-02  4.21695739e-01  3.82215902e-02 -2.91090041e-01
 -5.15611529e-01  4.72381622e-01  3.05263191e-01 -2.42019951e-01
  2.22711995e-01  2.47001320e-01  2.08430484e-01  2.26234168e-01
 -1.00659087e-01  3.79266351e-01  1.74238011e-01  8.36182535e-02
 -1.33942598e-02  2.39255339e-01 -1.30939618e-01 -2.66430587e-01
  7.50697777e-02 -4.44466136e-02 -1.25058651e-01 -2.96719640e-01
 -1.86754733e-01  4.62284870e-02 -1.54895216e-01  5.73002458e-01
 -3.15622211e-01  7.70455599e-01 -3.20683196e-02 -8.27799365e-02
 -3.32298666e-01  7.83412009e-02  5.61223209e-01 -1.40593082e-01
 -1.47807434e-01  7.12252706e-02  1.11468785e-01  1.49039268e-01
  5.94648540e-01  7.88424492e-01 -3.91317755e-01  6.91043139e-01
 -4.83508110e-01 -4.28604394e-01 -2.31125608e-01 -2.82913804e-01
 -2.63750523e-01 -7.04973117e-02  1.47693142e-01  4.35707957e-01
  1.04040034e-01 -1.85909553e-03  3.51055562e-01  5.78566730e-01
  3.56493235e-01  6.93491459e-01  6.79336667e-01  1.04836617e-02
  5.64589947e-02  7.34041274e-01  1.75245255e-01  2.01285884e-01
 -8.71088058e-02 -3.34875554e-01  3.41685236e-01  4.57763910e-01
  9.21465084e-02 -3.79127383e-01  1.97858661e-01 -3.54641646e-01
  2.27847993e-02  1.49662599e-01 -1.25286877e-01 -5.89776933e-01
 -1.40248507e-01 -3.27250779e-01 -6.84032962e-02 -3.22818726e-01
  1.90828200e-02 -2.64298260e-01 -1.89512879e-01  4.75499779e-01
  5.46563506e-01 -3.43252271e-01 -4.94703323e-01  6.61941245e-02
  1.48628056e-01 -2.43603975e-01  3.29280831e-02  3.34250718e-01
  6.09131381e-02 -1.99352786e-01 -1.03870869e-01 -1.22504130e-01
 -7.65457749e-01 -1.80951357e-01  1.82308063e-01  5.48664153e-01
  6.67081714e-01  8.36969092e-02 -4.10286725e-01 -1.59660488e-01
  6.41829669e-02  4.18602318e-01  4.69397753e-01  2.35138666e-02
 -2.17871487e-01 -1.16390340e-01  1.12331241e-01  2.34616790e-02
 -4.30729091e-01  4.54013079e-01  8.91013667e-02  6.94965944e-02
  1.87675163e-01 -3.53168607e-01  5.71272075e-02  9.92624238e-02
  2.43666977e-01  4.37540859e-01 -1.75157428e-01 -2.53198981e-01
 -1.15796626e+00 -1.47411004e-01 -4.23822612e-01  2.40944430e-01
 -2.29290519e-02  2.70325035e-01 -2.88698673e-02  3.00190561e-02
  1.06341422e-01  9.21325088e-02 -4.84354421e-03 -1.15073593e-02
 -6.69395864e-01  6.47869647e-01  3.73189062e-01 -3.99430767e-02
 -2.55176485e-01  8.68210196e-02 -6.69010699e-01 -8.68354917e-01
  4.48582083e-01  3.27773802e-02  4.75684166e-01 -1.87951401e-01
  6.30643785e-01 -1.76486447e-01  3.40425909e-01 -2.41494030e-01
  1.45505160e-01 -2.49008402e-01 -3.35902050e-02  3.57912965e-02
  1.18982039e-01  2.90074974e-01  1.72507614e-01 -2.29160145e-01
 -8.25703382e-01 -5.39578915e-01  2.12891892e-01  1.57956600e-01
 -8.46386105e-02  3.60620230e-01 -2.93606728e-01  1.42795816e-01
  1.35174662e-01 -5.01793735e-02 -7.02021182e-01 -1.10004142e-01
 -2.61116207e-01  1.68701619e-01 -2.93743283e-01 -2.77439535e-01
 -1.80265456e-01 -1.88336968e-01 -2.85822600e-01 -4.13237453e-01
 -2.19129056e-01  5.13268113e-01  2.14392528e-01 -3.70486051e-01
  2.13172466e-01 -2.27042928e-01 -1.16288401e-01  1.73262432e-01
  5.90516090e-01  2.44925678e-01 -5.42839207e-02 -6.69542491e-01
  5.97523510e-01  3.61676663e-01  6.71564817e-01 -2.78169990e-01
 -1.99699834e-01 -1.76418543e-01 -1.54903978e-01 -9.07438025e-02
  2.66942233e-01 -6.08694434e-01 -5.30273259e-01  6.35840595e-01
 -8.04271996e-01  3.06021899e-01  3.99774194e-01  5.80411032e-02
 -1.27470434e+00 -1.77075028e-01  1.99602470e-02 -5.59020899e-02
 -7.63286889e-01  3.30546498e-01  5.24254799e-01  1.76424041e-01
 -2.66655773e-01 -3.71856838e-02  3.81560355e-01  6.49979293e-01
  4.38561961e-02  4.34572339e-01  8.30164030e-02 -2.41769329e-01
  1.65009409e-01 -4.87840265e-01  5.10681868e-02  2.03279480e-01
  1.21932589e-01 -3.96724343e-01  5.46043292e-02 -6.94123745e-01
 -2.26219118e-01 -2.31471565e-02  2.78449118e-01  3.06026757e-01
  1.00672983e-01 -4.90973979e-01  2.38472387e-01  3.49034578e-01
  2.42558584e-01  7.42991567e-01 -3.22544366e-01  5.06904900e-01
 -1.01611048e-01  2.08872557e-01  2.72996962e-01  7.13843405e-02
 -3.15712363e-01 -1.08891599e-01  5.54433763e-01  3.19269538e-01
 -3.19388300e-01  7.70788789e-02 -4.13034335e-02  2.08734218e-02
 -2.05880031e-01  3.82290214e-01  5.48962116e-01  5.07611811e-01
  4.45574790e-01  1.42261192e-01  9.56121907e-02 -7.56447166e-02
 -7.84140229e-02 -2.99235940e-01  1.25958547e-01 -9.25358415e-01
  5.29253781e-01 -2.02331785e-02  2.88136780e-01  3.05612702e-02
 -2.73930401e-01 -3.86917382e-01  2.48603255e-01 -4.98808384e-01
 -2.83866316e-01 -5.09455025e-01 -6.84368134e-01 -3.06197137e-01
 -4.65287149e-01 -3.74651730e-01  3.58070210e-02  4.71418500e-01
  1.89269185e-01 -5.82943738e-01 -5.17256558e-01  2.93249249e-01
 -3.78361195e-02  1.89553946e-01  1.27694994e-01  1.62362978e-01
 -3.14908251e-02 -1.71098813e-01 -3.38809311e-01 -3.71348321e-01
 -4.75199580e-01 -2.89647341e-01 -4.34038043e-01  4.90949601e-02
  2.89366543e-01  5.01486123e-01  2.67183483e-02 -5.03257401e-02
  1.09760575e-02  2.30440453e-01 -1.98166892e-01 -2.66537905e-01
 -6.87542498e-01  1.11522146e-01  3.45836654e-02 -6.21969886e-02
  8.99233595e-02  2.76384264e-01  2.26911068e-01  3.56235147e-01
  1.98055521e-01 -1.19500801e-01 -2.94791996e-01 -1.33640662e-01
  3.47375304e-01  1.01813078e-01  5.73905051e-01  2.61757702e-01
  1.01998515e-01  5.32067418e-01  1.17770312e-02 -7.19606280e-01
 -3.07098925e-01  2.34142035e-01 -3.88557136e-01  5.45258462e-01
  3.11125308e-01  6.45825028e-01  4.71418239e-02  5.32802224e-01
  3.87044191e-01 -3.84281948e-02  6.05842378e-03 -1.84927061e-01
 -7.92526752e-02  2.98224181e-01  6.68091416e-01  3.04943085e-01
  2.76624531e-01  2.43416756e-01 -2.80041784e-01  3.93905073e-01
  1.69157777e-02  1.56918496e-01  3.21291775e-01  4.25111175e-01
 -3.54684651e-01 -1.95974112e-01 -6.56105019e-03 -1.79668605e-01
 -6.91111326e-01 -3.04593015e-02  3.63923818e-01  5.77213317e-02
  1.38374437e-02 -6.17824644e-02 -3.14596653e-01  5.75002320e-02
 -1.56237140e-01  8.46666694e-02 -2.97804344e-02  6.67660773e-01
  5.26712537e-01 -1.24667093e-01 -5.65044940e-01 -7.83725381e-02
  7.07679708e-03  5.11005819e-01  2.31497794e-01 -4.16817099e-01
 -4.20320123e-01  5.46391964e-01 -1.77787155e-01 -3.02303702e-01
  2.99235821e-01  4.87391621e-01  1.90210283e-01 -6.52332723e-01
 -1.31267652e-01  2.42344007e-01 -6.98639229e-02 -2.31751770e-01
  1.51189134e-01  3.22608203e-01 -6.72967732e-01 -2.05140516e-01
 -3.29638422e-01 -5.31659424e-01 -1.28801465e-01 -9.05934215e-01
  1.22679649e-02 -3.13087970e-01 -3.98196392e-02  1.16017498e-01
  1.16420947e-01 -4.42744583e-01  2.45429903e-01  1.89279631e-01
  5.48090458e-01  3.00165772e-01 -4.67945896e-02  2.77818576e-03
 -4.20744658e-01 -2.94364363e-01  5.25679350e-01 -7.89788589e-02
  2.41179056e-02 -5.65772176e-01 -7.64156461e-01 -1.95248082e-01
 -4.14111197e-01 -7.12515295e-01  3.46152127e-01  3.56806546e-01
  4.12776113e-01 -1.85369641e-01  4.51021165e-01 -4.17513460e-01
  1.34009952e-02  9.45235640e-02 -3.25989783e-01 -5.00334203e-01
 -6.87770367e-01  4.15633649e-01 -4.14894640e-01 -5.54629683e-01
  5.33082902e-01  7.36215115e-01 -6.05679035e-01 -4.70431417e-01
 -3.47102076e-01 -2.91393191e-01 -4.87988621e-01 -7.91056752e-02
 -1.52726322e-01  5.10874569e-01  2.99910396e-01  2.17180923e-01
  1.67730004e-01 -1.34261295e-01 -3.61462682e-01 -5.50509512e-01
  5.57986081e-01  3.14915031e-01 -1.14077568e-01 -4.31632288e-02
 -1.66878581e-01 -2.22636476e-01 -8.76133382e-01  3.56135458e-01
  1.66203454e-01  2.31309414e-01  3.39711964e-01  4.53466266e-01
  7.04250395e-01 -6.99137092e-01 -9.77260768e-02  3.35215628e-01
  2.90630013e-01  2.74315983e-01 -2.03353792e-01 -1.72365248e-01
 -8.64004731e-01  4.59424704e-01 -3.34643215e-01  2.34503314e-01
  8.86781588e-02 -3.82791430e-01  2.81619161e-01 -3.25470835e-01
 -3.26316893e-01  1.01723537e-01 -1.84479102e-01  1.15822263e-01
 -1.19098097e-01 -3.66676480e-01  1.75667003e-01 -4.54066694e-03
 -1.10253058e-01 -2.17340104e-02 -1.46190688e-01 -1.67545393e-01
  5.46591878e-01 -1.14716083e-01  3.25182259e-01  7.42973536e-02
 -1.25379455e+00  1.44153893e-01 -5.99849164e-01  9.84874368e-02
  6.86569154e-01  9.54359174e-02 -1.19657964e-02  7.81981423e-02
  1.66727483e-01  1.51386037e-01  9.79283154e-02 -5.02373099e-01
  5.60054541e-01 -7.06957057e-02  2.47862823e-02 -1.92125607e-02
  5.46874344e-01  6.66625321e-01  1.50740087e-01  1.33988649e-01
 -9.05893072e-02  5.73347569e-01  1.00745134e-01 -1.63917989e-01
 -1.30797774e-01  1.11221917e-01  4.73478079e-01 -4.64152880e-02
 -2.10045022e-03 -4.98632759e-01 -3.16165417e-01  1.27706796e-01
 -5.95438004e-01  3.21493149e-01  2.71850109e-01 -3.45778286e-01
  3.64198029e-01  2.73863345e-01 -9.64826122e-02 -3.16955984e-01
 -2.69187093e-01  4.47824776e-01 -8.51844132e-01 -1.73871264e-01
 -2.50654608e-01 -4.87087756e-01 -1.00906551e-01 -1.73168510e-01
 -3.78765255e-01  3.18785340e-01 -4.10436332e-01  7.24791884e-02
 -1.77745581e-01 -9.74716023e-02 -2.07787566e-02  2.08218724e-01
 -3.10959905e-01 -1.18311179e+00 -1.88875608e-02  1.99798986e-01
  5.48037291e-01 -1.68579504e-01  2.90980577e-01 -1.58854038e-01
  5.08575857e-01  5.81818163e-01 -4.95408848e-02 -1.91274844e-02
 -1.03957481e+01 -3.64851475e-01 -1.69960961e-01 -5.69442451e-01
 -2.48629868e-01  2.23875627e-01  8.74860346e-01  2.19626017e-02
 -4.87221062e-01  6.39231741e-01 -4.14543189e-02  7.79987991e-01
  2.67817110e-01  8.79665732e-01 -4.30224031e-01 -1.82397708e-01
  6.82664931e-01 -1.67242646e-01  3.25068265e-01  2.80352652e-01
  1.03585653e-01 -5.12652814e-01  4.77270216e-01  4.91865367e-01
 -7.21673071e-02 -7.07749665e-01 -4.30587590e-01  5.41725218e-01
 -2.96124399e-01  5.25842845e-01 -3.64319861e-01  7.31131613e-01
 -1.22682653e-01  6.11600101e-01 -3.01570147e-01 -2.19101459e-01
  1.33309349e-01  6.02326915e-02  3.46776336e-01  3.63430768e-01
  3.49481881e-01  2.82120168e-01  1.82673723e-01 -3.56274724e-01
  2.11686224e-01  8.05666298e-02  3.65479618e-01  3.22925955e-01
  6.22707546e-01  4.20425951e-01  2.00688526e-01 -3.78806531e-01
 -3.61131430e-02  6.80233315e-02  6.17180951e-03 -2.93460220e-01
  3.81616130e-02 -6.99855387e-01 -3.73764873e-01 -2.71740347e-01
  5.42073905e-01 -1.98461041e-01  2.19437405e-01  4.79096591e-01
 -2.03483433e-01 -6.42513633e-02  2.12867439e-01  3.90677452e-01
 -3.27794224e-01 -1.68550581e-01  5.94593525e-01  1.77362993e-01
  7.63745904e-02  5.21458805e-01 -4.54223394e-01  2.04354689e-01
 -1.27189517e-01  3.58935744e-02  6.77352428e-01  5.00895595e-03
  3.62008691e-01  5.19858718e-01  7.54419044e-02  7.71235645e-01
 -8.36303294e-01 -2.85395179e-02 -6.94998428e-02  2.66399592e-01
  4.98742461e-02 -4.34731364e-01  8.65727961e-02  3.08061212e-01
 -2.45130941e-01  2.33193971e-02  6.83282137e-01 -1.55321196e-01
  1.30864024e-01  2.32385352e-01  7.07895517e-01 -2.66293347e-01]"
テ,"[ 4.86870736e-01  2.07949430e-01  4.88378942e-01 -5.50900400e-01
  4.62613016e-01  1.21281013e-01  9.12269577e-02 -1.81352094e-01
 -4.67244424e-02 -4.79556769e-01  6.88520491e-01 -3.09961975e-01
  1.51986768e-02  2.46261153e-02  3.35060775e-01 -3.56744081e-01
  2.61551470e-01 -2.24953681e-01  8.96363854e-02 -4.71723437e-01
 -6.56762004e-01 -1.28160119e-01 -2.01838806e-01  1.76269755e-01
  8.85178596e-02  9.92065296e-03 -4.73639637e-01 -7.35934898e-02
 -6.85933009e-02 -2.14320689e-01 -6.05719268e-01 -3.40691060e-01
  2.86326915e-01  3.11165720e-01 -1.16717897e-01  2.43090257e-01
  1.07781202e-01 -9.81216654e-02  2.63830036e-01 -3.86727154e-01
  4.54277284e-02 -2.16785278e-02 -2.64894754e-01 -9.70964804e-02
 -2.95700818e-01  8.40678036e-01  2.34042346e-01  3.42162877e-01
  7.34120190e-01 -2.02554300e-01 -4.24992204e-01  3.46906781e-01
  1.50066197e-01 -3.03254034e-02  4.06385630e-01 -1.77121446e-01
  2.07711309e-01 -5.44795811e-01 -2.61468500e-01  3.54316413e-01
 -5.53257108e-01 -2.44943485e-01  7.74652183e-01 -8.99620280e-02
 -5.16972952e-02 -3.42397004e-01  4.41427901e-02 -1.55674368e-01
  1.06326714e-02 -8.26144218e-01 -6.57163501e-01 -5.67122437e-02
 -1.26266837e-01 -2.64056355e-01  1.25148261e+00 -1.53898314e-01
  1.74061313e-01  3.96364719e-01  3.22451234e-01 -1.06579788e-01
  9.97388288e-02  4.76149380e-01  6.83448017e-02 -7.46302903e-01
  7.36038610e-02  3.16988170e-01 -1.34761408e-01 -5.59292078e-01
  3.80752802e-01 -4.06674296e-01 -5.34235477e-01  6.10495150e-01
  6.11758471e-01  2.62865484e-01 -7.87698925e-02 -2.75407988e-03
 -9.94143076e-04 -3.11702967e-01 -4.54210430e-01  1.81202944e-02
 -5.36308810e-02 -1.09382376e-01  2.00402483e-01  4.62064683e-01
  4.10733789e-01  3.81456390e-02 -3.80830348e-01  3.26550826e-02
  1.72061473e-01  9.05015171e-02 -2.24035576e-01 -4.51205432e-01
 -4.16073501e-01  6.14668310e-01 -2.29745373e-01 -1.02816954e-01
 -1.94919139e-01  4.40123342e-02 -1.91246539e-01  6.32244945e-01
  2.10728258e-01  2.03242943e-01  2.74745494e-01 -2.24829391e-01
  1.16396591e-01  6.39822662e-01  1.71352535e-01 -3.83561939e-01
 -3.66873950e-01  8.32146630e-02 -1.86117649e-01  2.87324101e-01
 -8.94091725e-02 -2.02821687e-01 -5.22468567e-01  1.04172766e+00
 -2.00885296e-01 -5.39882369e-02 -3.32165718e-01 -4.50954348e-01
 -3.60283226e-01 -3.57839204e-02  1.27192676e-01 -1.75926208e-01
  1.48783371e-01  9.32709724e-02 -4.87331361e-01 -4.07212526e-01
 -7.94686601e-02 -3.01456273e-01 -1.20119222e-01  1.04052746e+00
 -8.40103328e-01  3.93184461e-02 -7.02311769e-02 -2.06679720e-02
 -9.08705831e-01  9.24965441e-02  3.32125366e-01  2.91529745e-01
  2.18343481e-01 -8.14126730e-01  1.71400368e-01  6.00785971e-01
 -2.18205944e-01  4.35079336e-01  8.48536789e-02  4.53198999e-01
  8.25355202e-02  6.63613617e-01 -1.42151475e-01  4.04944927e-01
  1.52110934e-01 -2.73135006e-01  6.08589649e-01  3.03507745e-01
  2.09735185e-01  4.35281638e-03  1.93951547e-01 -5.53771794e-01
 -3.50065790e-02  4.81672958e-03 -3.19836855e-01 -5.14965653e-01
  3.39626193e-01 -1.16199993e-01  1.42873064e-01  1.77800119e-01
 -2.77932674e-01  1.01555578e-01  1.63913578e-01 -4.18343544e-01
  4.51898187e-01 -5.96767701e-02 -2.37347245e-01 -7.15114295e-01
 -3.10148358e-01  1.56580076e-01 -6.12684488e-01  6.99673772e-01
  1.96058393e-01  6.37141392e-02 -2.73703545e-01 -5.00507236e-01
 -6.06106818e-01 -3.09466451e-01  5.52216768e-01 -6.58937264e-03
  2.29679212e-01  6.12415910e-01 -2.39026293e-01  2.11809710e-01
  4.04511184e-01  2.10045204e-01  2.67534763e-01  2.24807352e-01
  1.85005029e-03 -6.33225963e-02  3.35519850e-01 -7.83334374e-01
  4.63567466e-01 -2.89046407e-01  4.36418623e-01 -1.11633971e-01
  2.69094169e-01  1.87084645e-01 -8.07175133e-03 -2.90080696e-01
 -4.40906994e-02  5.08892298e-01 -5.14312804e-01 -3.16938162e-01
 -9.38935220e-01  2.77556270e-01 -7.69779682e-01  1.34652495e-01
 -4.69939113e-02  5.00614524e-01 -4.95018214e-01  5.21567583e-01
  2.49780580e-01 -1.12179957e-01  2.99326152e-01 -2.91592300e-01
 -9.16415155e-02 -1.37067204e-02 -7.65860900e-02  2.93723177e-02
 -2.95034975e-01  3.77431750e-01 -5.78274190e-01 -4.87826914e-01
  5.25598466e-01 -3.89122099e-01  6.91588402e-01  5.45946360e-01
  3.34485769e-01 -1.86525121e-01  4.37023252e-01 -4.37263608e-01
  3.62589866e-01 -3.91840667e-01 -7.33695477e-02 -3.78590487e-02
 -1.14041343e-01  1.91516802e-01 -2.74605025e-02 -6.74628913e-01
  1.51389450e-01 -7.36378133e-01  5.48430502e-01 -4.28707927e-01
 -1.91778824e-01 -1.97284237e-01 -2.11388275e-01  1.66222468e-01
 -2.98336208e-01  2.06852183e-01 -3.02669615e-01  2.00272545e-01
 -7.44820952e-01  7.99385607e-02 -5.30686378e-01 -2.27033384e-02
 -9.28113163e-02 -2.77631968e-01 -2.21441209e-01  6.60026446e-02
 -2.13015556e-01  4.49215442e-01  1.79988772e-01 -8.85716453e-02
 -4.20023739e-01  9.34969634e-02 -3.71179253e-01 -1.36445314e-01
  3.39112669e-01  4.44526374e-01 -2.26043329e-01  2.08769977e-01
 -3.11610177e-02  4.58298057e-01 -1.26941964e-01 -3.19482386e-02
  1.57447129e-01 -3.84958744e-01 -2.98782378e-01 -3.76474053e-01
  3.07019681e-01 -3.28237385e-01 -1.24994501e-01  7.78701305e-01
 -3.54297012e-01  2.50440724e-02  2.07493708e-01  5.39454341e-01
 -1.31976819e+00  4.87489700e-02 -1.86781194e-02 -2.79504597e-01
 -3.83040011e-01  6.31351769e-01  2.10742410e-02  6.93660304e-02
 -3.49999696e-01 -4.29790437e-01  1.09922886e+00  2.38492936e-01
 -2.42161319e-01 -3.42310816e-01  4.46882904e-01  1.89153165e-01
 -8.47587734e-03 -6.15038514e-01 -1.38385683e-01  3.68392289e-01
 -1.46176308e-01  1.83205694e-01  2.64667034e-01 -2.88714021e-01
 -1.53668270e-01  5.39402068e-01 -1.37265503e-01  5.77667236e-01
 -1.40926734e-01 -1.16187096e-01  2.01383904e-02  9.95134354e-01
  1.16013944e+00  7.90808380e-01 -2.94401437e-01 -7.95457363e-02
  4.86185580e-01  5.65614939e-01  6.66599572e-01 -1.73053473e-01
  5.65650538e-02  2.95314733e-02  4.95661139e-01  4.77846712e-01
 -2.28027090e-01  1.68163374e-01  4.91558105e-01  8.23624015e-01
  3.24497104e-01  1.71048254e-01  2.50162840e-01  3.32636833e-01
  8.66409242e-02  3.80683810e-01  8.05906057e-01  2.98864335e-01
 -3.80589038e-01 -4.38035071e-01 -3.59504759e-01  4.74650366e-03
 -1.66853279e-01 -2.00264648e-01 -2.72379935e-01 -8.04928988e-02
 -4.30613309e-01  9.21047404e-02 -1.81933418e-02 -4.22375113e-01
 -2.11610466e-01 -6.73562229e-01 -4.09595877e-01 -1.94722429e-01
  7.96057954e-02 -1.05414677e+00  4.86203194e-01  3.77001077e-01
  4.29721326e-01 -4.69914138e-01 -5.45828342e-01  1.05630510e-01
 -3.78208369e-01 -7.83784613e-02  8.31684470e-03  3.07626545e-01
 -1.92371115e-01  3.85910720e-02 -3.07302535e-01 -1.76168993e-01
 -4.49075818e-01 -6.04020879e-02 -9.06434596e-01 -4.91103590e-01
  7.82221835e-03  3.15909535e-01 -1.26313761e-01  1.42937720e-01
  1.22101225e-01  5.54507017e-01 -3.26962858e-01  4.38868476e-04
 -6.39667928e-01  4.57862318e-01  7.32912838e-01 -1.58856437e-01
  4.05183554e-01  4.88288969e-01  1.83513328e-01  3.60627532e-01
  3.29953320e-02  3.53134662e-01 -6.65375531e-01 -1.12098195e-01
  7.20381379e-01 -2.60905772e-01  2.89892644e-01  1.10164108e-02
 -4.16402549e-01  2.02763319e-01 -4.26158547e-01 -2.66568601e-01
 -2.81747222e-01  1.15441702e-01 -1.80369794e-01 -2.21825372e-02
  3.61537337e-01  6.95248842e-01 -9.21077654e-02  5.07843256e-01
  9.01524723e-02 -1.61741644e-01  6.47813737e-01  3.50983620e-01
 -5.20194769e-01  1.64731964e-01 -5.46946861e-02  3.94543171e-01
  2.97110975e-01  2.71569580e-01  6.53318584e-01  4.22279656e-01
 -1.56808183e-01  2.98361033e-01  2.89915830e-01  4.20342356e-01
 -2.56765366e-01 -5.78115106e-01 -6.52232766e-02  1.14136701e-02
 -4.72823828e-01 -2.42414594e-01  3.61390471e-01 -2.24036016e-02
  3.36996347e-01 -7.07713841e-03 -8.40031743e-01 -6.16850972e-01
 -6.44645214e-01 -4.74027880e-02 -1.57048404e-01 -2.54752557e-03
  8.25879037e-01 -8.61581787e-02 -7.35335946e-01  6.56368077e-01
  1.82123289e-01  2.81977773e-01  4.43847656e-01 -1.38205960e-01
 -7.79041499e-02  3.11078459e-01  2.43604839e-01  7.47796297e-02
  4.72121507e-01  2.63671298e-02 -2.08745092e-01 -6.66381776e-01
  4.95785475e-01 -5.16476221e-02  1.76061168e-01 -2.93902874e-01
  5.30614972e-01  1.26364399e-02 -6.59676552e-01 -6.31372333e-01
 -1.75144114e-02 -1.02907471e-01  1.85661539e-02  2.08101850e-02
 -1.21669389e-01  7.61394501e-02  3.09686750e-01  3.45534831e-01
  7.77953148e-01 -3.51694882e-01  1.71501324e-01  6.85933232e-01
  6.57720029e-01 -2.24097624e-01 -7.60074034e-02 -4.05994505e-01
 -3.62349927e-01 -3.56441528e-01  2.69671082e-01 -1.86617881e-01
 -2.47191757e-01 -4.58816171e-01 -1.06687164e+00 -5.94184995e-01
  6.88545108e-02 -6.16423905e-01  3.20113122e-01  2.79986352e-01
  1.85047612e-01 -2.90233314e-01 -1.90551654e-01 -4.88676786e-01
  3.71414334e-01 -7.00740435e-04  2.67010272e-01  7.69363791e-02
 -4.73610014e-01  1.33438811e-01 -7.45075047e-01 -4.25966293e-01
  8.52061510e-01  7.53365099e-01 -6.25388563e-01 -1.40557274e-01
  4.06823218e-01 -4.35151756e-01 -5.25170803e-01 -3.28803658e-01
 -5.74375466e-02  3.08558363e-02 -5.77387623e-02 -2.68395454e-01
  2.90498078e-01  1.61290944e-01  2.09991693e-01 -4.57261577e-02
  4.51499283e-01  3.84204865e-01  5.71915090e-01  1.08089730e-01
 -1.36249527e-01  6.70223534e-02 -5.86427093e-01  4.91193891e-01
  2.61366427e-01  4.04793292e-01 -3.85958046e-01  2.09836721e-01
  8.78538132e-01 -5.35625100e-01  4.17565823e-01  5.21707237e-01
  4.87250298e-01  5.05094051e-01 -5.26231825e-01 -1.25313699e-02
 -8.84643614e-01  6.86695278e-02  4.64947000e-02  1.76208001e-02
  4.84792501e-01  6.37591779e-02 -3.19555372e-01 -5.45577586e-01
 -5.25549293e-01  3.50794435e-01  4.24982637e-01  4.17923957e-01
 -8.77870917e-02 -2.20574439e-02  5.46147406e-01  3.95370513e-01
  8.96842107e-02 -4.36755598e-01  1.70456529e-01  2.64189959e-01
  7.81404018e-01 -1.99582472e-01  5.43830276e-01 -7.51701176e-01
 -1.19076812e+00  2.65535891e-01  8.68844390e-02  2.74184700e-02
  3.62259537e-01 -4.81481344e-01  7.94841275e-02  1.42918900e-01
  3.31556380e-01  1.80438329e-02 -4.92835850e-01 -8.23775291e-01
 -7.86128268e-02  9.57009718e-02 -5.68129182e-01  3.64212617e-02
  1.51638845e-02  9.13373888e-01  4.65123206e-01 -1.34123981e-01
 -2.41982758e-01  1.04913783e+00  1.45522848e-01  1.20935209e-01
 -1.44281223e-01 -4.21544015e-02  1.29934892e-01  2.26772994e-01
  1.31560490e-01 -4.52049792e-01 -3.33946019e-01  2.57350594e-01
 -5.29917538e-01  6.13833815e-02 -2.56033361e-01  1.77683309e-02
  1.50968522e-01 -1.13515425e-02 -2.67582446e-01 -3.72143298e-01
 -1.48681670e-01 -1.72459960e-01 -7.15766549e-01  2.66040862e-01
  1.26407612e-02 -2.04727594e-02 -3.71579856e-01 -1.51869971e-02
 -5.96589684e-01 -3.34111661e-01  7.51203392e-03  5.59155583e-01
 -7.13556886e-01 -6.28375888e-01  5.80643237e-01 -2.13782012e-01
 -2.62025416e-01 -7.18983829e-01  1.42495885e-01  8.16798732e-02
  5.32587826e-01 -2.10769907e-01  2.72367030e-01 -3.99312615e-01
 -1.50620993e-02  1.06755324e-01 -1.09015815e-01  5.56852460e-01
 -1.01873598e+01  1.71142861e-01 -4.46446866e-01 -1.13863909e+00
 -6.65484443e-02  1.58886164e-01  4.51073676e-01  3.38424951e-01
 -2.20477492e-01 -8.47415477e-02 -6.01294562e-02  4.05085295e-01
  3.03303510e-01  3.22946548e-01 -9.58641350e-01 -1.25276193e-01
 -3.60988945e-01 -2.08340108e-01  6.64683804e-02 -6.70790434e-01
 -2.60911703e-01 -4.50433105e-01  6.06779873e-01  6.37122393e-01
  3.50347795e-02 -3.59295547e-01 -4.89420116e-01  2.31084332e-01
  8.90985597e-03  2.50889063e-01 -6.30751550e-01  6.52456522e-01
  1.43231973e-01  4.51670110e-01  8.66411403e-02 -9.74258259e-02
 -2.71300703e-01  6.25793517e-01 -3.70002449e-01  3.42485100e-01
  2.64654845e-01  3.65608931e-01 -3.20258260e-01 -7.97861964e-02
  6.59766570e-02  7.07174838e-02  5.85534215e-01  2.20264763e-01
  6.85213625e-01  7.00863302e-02 -1.76350757e-01  2.85056561e-01
 -2.57746279e-01  5.63963056e-02 -2.89305858e-03  7.37100244e-02
  8.30139816e-01 -1.71529815e-01 -2.74008870e-01  1.09150246e-01
  4.21118468e-01 -5.83479963e-02  4.83291119e-01  7.38198519e-01
  2.02137336e-01  6.53232485e-02  4.99131083e-01  5.63167334e-01
 -6.76371276e-01 -1.97998613e-01  2.10409850e-01  2.61923164e-01
 -8.63594115e-02  3.74580890e-01 -3.16290021e-01  5.31469226e-01
  4.36622053e-02 -1.05829358e-01 -7.81411827e-02  2.98099250e-01
  8.34752738e-01 -4.99027908e-01  1.11067981e-01  3.54934752e-01
 -1.29341447e+00  3.75192873e-02 -7.84960836e-02  2.69360363e-01
  2.12021247e-01 -7.35856891e-01  4.59265083e-01 -5.31073213e-01
 -6.01497471e-01  3.06140661e-01  4.00391579e-01 -3.96174520e-01
 -1.14305161e-01  1.39166832e-01  3.90625387e-01 -2.02238992e-01]"
キ,"[ 8.95541534e-03  1.93943679e-01 -2.19393417e-01 -8.92130435e-01
  2.42650047e-01  8.09080482e-01 -6.46168832e-04  2.05910534e-01
  1.10375106e-01 -4.96003240e-01  9.61736321e-01  3.43844235e-01
 -8.60624686e-02 -3.22288632e-01  7.87273169e-01 -2.82382250e-01
  1.62315413e-01 -2.04620451e-01  1.29165396e-01  1.35729909e-01
 -5.59301555e-01 -7.71651804e-01  4.71532978e-02  5.98602355e-01
  3.54917258e-01 -5.78055680e-01  2.48704970e-01  2.21687809e-01
 -1.11314997e-01  1.56763837e-01  6.53873309e-02 -5.54898620e-01
  6.57591000e-02 -4.08096582e-01 -1.88163891e-01  5.68439662e-01
  1.58004373e-01 -1.12947980e-02 -6.64695054e-02 -2.63184607e-01
 -1.66061565e-01 -1.19715571e-01 -1.67684168e-01 -3.76225561e-01
 -2.97118813e-01  3.92755568e-01 -2.49987170e-01  5.84943771e-01
  3.31728369e-01  3.25531244e-01 -3.31443280e-01  3.08691591e-01
  5.32747090e-01 -1.73132390e-01 -1.80470288e-01 -5.74593604e-01
  1.86371833e-01 -4.88706082e-01 -1.50947779e-01  3.31200749e-01
 -3.01331311e-01 -2.36292854e-01  1.91156968e-01  1.28126368e-01
 -3.28826338e-01  8.34068581e-02  3.56408060e-01 -8.96729976e-02
 -3.48768085e-01 -3.75455797e-01 -5.94362676e-01  2.97772795e-01
 -2.02980235e-01 -1.20220110e-01  7.73371041e-01 -6.91891074e-01
 -1.58249527e-01  1.30785689e-01  1.29266158e-01  1.79776907e-01
 -2.61399895e-01  3.05765033e-01 -9.99675915e-02 -3.73337835e-01
  1.24599084e-01  4.37534839e-01 -1.94954410e-01 -6.72745228e-01
  1.44924343e-01 -8.80607590e-02  1.11788116e-01  2.10497543e-01
 -9.01843756e-02  2.62070388e-01 -3.07616532e-01 -1.19099766e-01
  1.79402411e-01 -2.00954840e-01  2.89622247e-01  5.20121634e-01
 -1.78588443e-02 -1.17552616e-01  2.64332891e-01 -3.21151242e-02
 -1.85805157e-01  3.74532938e-02 -5.32194197e-01  4.01904404e-01
 -5.88168092e-02 -4.00046796e-01 -4.04437035e-01 -1.29484117e-01
 -3.23006064e-01  3.37711692e-01 -1.51133491e-02  4.91504550e-01
 -3.58000785e-01  7.89115205e-02 -5.35848975e-01  6.66496634e-01
  2.89223343e-01  2.27232218e-01 -2.35034198e-01 -1.88314974e-01
 -3.74681950e-02  4.13669527e-01 -5.03701806e-01 -1.58473641e-01
 -2.87291557e-01 -3.90068710e-01 -3.34778786e-01  5.66991605e-02
 -5.14350951e-01  1.79104745e-01 -4.27209646e-01  2.67672092e-01
 -8.89261079e-04 -1.19334877e-01 -3.42761911e-02 -3.69829506e-01
  6.14160895e-01  3.06377765e-02 -3.20189357e-01  2.11317345e-01
  4.61371541e-02  3.98370087e-01 -2.14113176e-01 -6.93280876e-01
  7.19506264e-01  3.67898166e-01 -5.48111618e-01  6.06311381e-01
 -7.24916577e-01 -1.17251009e-01 -1.63594902e-01 -7.41870552e-02
 -3.89509290e-01  3.95639062e-01 -1.36247858e-01  5.22060752e-01
 -3.88469547e-01 -6.50954366e-01 -9.05016065e-02  4.57758069e-01
 -7.45252073e-02  6.84095860e-01  1.85122505e-01 -9.91550237e-02
  3.36494744e-01  6.37281060e-01 -4.53508161e-02  5.29571354e-01
  1.63416564e-01 -4.52313751e-01  4.46202680e-02  3.80010456e-01
  2.84567654e-01  1.25498787e-01  5.07377148e-01 -4.64139074e-01
  2.48077974e-01 -3.82289618e-01 -1.00916103e-01 -6.63088441e-01
  3.79759163e-01  8.46238807e-02 -1.31826878e-01 -7.38795400e-02
  4.52208519e-01 -4.92566936e-02 -4.89292353e-01 -2.39758313e-01
  4.08961117e-01 -3.73908579e-01 -3.14192352e-04 -2.21018270e-01
  1.85947537e-01 -6.73991561e-01  1.74583882e-01  2.20360518e-01
  3.80732268e-01 -5.70086055e-02 -1.23728894e-01 -4.59577829e-01
 -1.14833128e+00 -1.46083161e-01  7.01409936e-01  8.36838424e-01
  7.83072561e-02  3.08049113e-01  1.53777620e-03  5.98541617e-01
  5.87440908e-01  1.81283072e-01  1.90099686e-01  3.73004861e-02
 -1.21875815e-01  1.01458222e-01  5.28168917e-01 -4.94313359e-01
  1.74793363e-01 -2.83659756e-01  9.85108018e-02  2.78705657e-01
 -1.97782189e-01  2.92181432e-01  4.31199640e-01 -2.28194132e-01
 -3.46764296e-01  7.51405716e-01 -8.00013483e-01 -3.45087945e-01
 -9.34791565e-03  2.90069640e-01 -9.35361981e-01  6.39275670e-01
 -2.49227002e-01  1.08282909e-01 -4.89022613e-01  3.59387398e-02
  1.80134073e-01 -3.58527958e-01  1.10484406e-01 -6.22185171e-01
  1.22851543e-01  2.16117829e-01 -1.65604912e-02 -5.91867805e-01
 -6.22704566e-01  2.14903783e-02 -5.29885411e-01 -3.63920033e-01
  7.63952255e-01 -5.79501092e-01  7.76230633e-01  3.47670943e-01
  4.01907474e-01 -4.65738088e-01 -1.66949853e-01 -2.76027799e-01
  1.19352832e-01 -9.02114153e-01 -1.91264972e-01 -5.95059931e-01
 -1.17213301e-01  1.43087864e-01  1.23377241e-01 -7.68889785e-01
 -7.35463500e-01 -1.78938970e-01  2.60366052e-01 -4.21660766e-03
 -3.10383588e-01  1.65979624e-01 -3.10154855e-01  2.52922773e-02
 -1.00762486e-01  2.14290395e-01 -6.00286424e-01  7.24116042e-02
 -8.21164668e-01  1.79350212e-01 -5.73020160e-01  2.57498711e-01
  3.91078740e-01 -4.62004170e-02 -8.76006931e-02 -9.75300372e-02
 -1.01646848e-01  3.96740377e-01  5.24923384e-01 -4.80151325e-01
 -7.72374332e-01 -5.56713268e-02  1.36875222e-02 -5.71516752e-02
  3.41343313e-01  2.65776783e-01  4.21169661e-02  1.71055004e-01
  6.34024203e-01  2.79953629e-01  4.70709145e-01 -4.33475703e-01
 -6.73077554e-02 -7.17294872e-01 -4.15428042e-01 -4.80342627e-01
  9.94733274e-01 -2.26152822e-01  2.40361691e-01  1.30219853e+00
 -2.75100857e-01  9.32967961e-02  7.32125103e-01  1.68319442e-03
 -1.43373823e+00  1.74288064e-01  3.82753253e-01  4.13208455e-01
  6.96791559e-02  3.02496344e-01  2.77840614e-01  4.46366459e-01
 -1.16852686e-01 -2.42527783e-01  3.24426562e-01  5.89959919e-01
  4.96654846e-02 -6.17261529e-01  8.24537873e-01  2.25558400e-01
  2.68026531e-01 -7.74688840e-01 -2.02640831e-01  5.43036759e-01
 -1.03259680e-03 -1.04866818e-01  4.13876265e-01 -2.56678700e-01
 -1.03787787e-01  1.20357707e-01  3.50648493e-01  2.90042460e-02
 -7.87934482e-01 -9.09556150e-02  1.30071580e-01  8.85647237e-01
  8.77828896e-01  6.83142662e-01  2.79224873e-01  4.40075062e-02
  1.30308241e-01  5.56677818e-01  2.51294822e-01 -1.22369118e-01
  5.70113584e-02 -4.87337857e-01  1.63743943e-01  4.84549850e-02
  1.15698695e-01 -5.89177966e-01  4.56835628e-01  6.30295813e-01
  5.85559793e-02  8.24226975e-01  3.04629773e-01  4.02407110e-01
  8.29458088e-02  2.38421828e-01  6.34583473e-01  1.95689335e-01
 -3.38089973e-01 -5.31706750e-01  2.16041178e-01  4.93471250e-02
 -2.21853882e-01 -2.58346591e-02  5.46785057e-01  2.58034080e-01
 -4.19097334e-01  1.45868048e-01  3.83677006e-01 -6.16870709e-02
 -2.06575274e-01 -5.55883586e-01 -4.77074146e-01 -6.67674005e-01
 -2.17221990e-01 -7.53665030e-01  1.46900326e-01  1.00456528e-01
  4.13944781e-01  7.50255212e-02 -5.52678525e-01 -1.66114524e-01
 -3.63337815e-01 -4.28478360e-01 -6.71730787e-02  1.91703774e-02
 -2.37083778e-01 -5.20790964e-02 -2.88241416e-01 -4.22892630e-01
 -3.67043942e-01 -2.75505364e-01 -3.14944893e-01  4.82364863e-01
  1.29322171e-01  5.75220883e-01 -1.06219001e-01 -1.53994770e-03
 -2.03370318e-01 -2.99327653e-02 -4.37041968e-01 -1.11680180e-01
 -9.71891463e-01  6.86314583e-01 -8.80109817e-02 -1.89983308e-01
  1.44798771e-01  5.74575961e-01  6.48456514e-01  2.47849390e-01
 -5.98492026e-02 -2.13786483e-01  5.03655113e-02 -5.76078057e-01
  5.63365996e-01 -1.35103062e-01  6.26339018e-01 -2.80535758e-01
  7.55492091e-01  3.44837397e-01 -1.70314535e-01 -1.54609323e-01
  1.70087397e-01  5.62610030e-01  1.59848154e-01  2.57217931e-03
  3.21221769e-01  8.51487637e-01 -2.38462672e-01  3.62996340e-01
 -2.15473220e-01  5.96317589e-01  5.76057315e-01 -2.38859266e-01
  2.66685963e-01 -4.24248368e-01  2.19455481e-01  3.00182253e-01
  5.28793395e-01  1.61605850e-01  4.73580629e-01  4.51240063e-01
  2.98608214e-01  5.37596405e-01  3.15589428e-01  7.14832172e-02
 -3.80567089e-02 -8.04987475e-02 -9.41788375e-01 -1.09886369e-02
 -1.58045277e-01  5.99218979e-02  3.74786913e-01 -5.96284211e-01
 -4.10428904e-02 -6.52371049e-02 -7.64486432e-01 -7.14869380e-01
 -7.93939769e-01 -1.06156580e-01 -2.38705829e-01  8.46536979e-02
  6.28985643e-01  3.57397407e-01 -6.01002336e-01  7.24508762e-01
 -2.20529974e-01  7.52130628e-01  7.96506882e-01 -2.41772056e-01
  3.19433659e-02 -6.06076717e-02  5.57358325e-01  6.81068525e-02
 -2.14915752e-01  3.27474385e-01 -3.37716609e-01 -8.51009607e-01
 -2.49373242e-01  6.90346539e-01 -3.53602916e-01 -4.53097850e-01
  6.91390753e-01 -2.19785050e-01 -4.71114218e-01 -9.46978688e-01
 -1.04230501e-01 -3.89204264e-01 -3.67775112e-02 -9.60398912e-01
 -1.53288156e-01  6.10974543e-02  2.20168903e-02  2.25339964e-01
 -6.60680905e-02 -1.17988609e-01  1.58000574e-01  6.73131466e-01
  4.48967278e-01 -2.16382951e-01  2.88030296e-03 -1.59505308e-01
 -2.22712994e-01  1.85534164e-01  3.29947829e-01  4.37812209e-01
  4.86791693e-02 -8.43349770e-02 -8.43693137e-01 -2.03351736e-01
 -8.15125465e-01 -1.06094337e+00  2.96236780e-02  1.21984212e-02
  6.58005059e-01  8.58059749e-02  6.45452514e-02  8.14585686e-02
  3.75422239e-01  4.35649097e-01 -5.41432574e-02 -1.78277165e-01
 -1.06997979e+00  5.05224407e-01 -3.29275370e-01 -4.73258346e-01
  7.10337520e-01 -6.72724098e-02 -4.04047146e-02  3.41581434e-01
  1.77471966e-01 -4.99029532e-02 -4.52777632e-02  3.67976695e-01
 -1.26280501e-01 -1.78740323e-01 -1.12019606e-01  7.12124705e-02
  6.74707964e-02  1.30537406e-01 -7.87577033e-01 -2.87869394e-01
  4.49710160e-01  5.70153654e-01  2.78291926e-02 -2.57629782e-01
  5.55600971e-02 -1.15658045e-01 -3.25040609e-01  2.39700377e-02
  2.13117972e-01  3.54038686e-01 -6.28237009e-01  4.35430884e-01
  5.32808006e-01 -6.25529170e-01  3.72600853e-01  6.56930566e-01
  4.47987288e-01  3.46437573e-01 -8.26312602e-02  5.27823210e-01
 -1.23149014e+00  4.10891861e-01  4.57226157e-01  1.05139270e-01
  1.89831376e-01  3.74056287e-02  1.29761487e-01 -4.98504668e-01
 -4.48461533e-01  1.29066348e-01 -6.84365034e-02  5.38088500e-01
  3.25291425e-01  3.04066688e-01  5.54421186e-01  8.91184688e-01
 -1.46343544e-01 -4.43869233e-02  2.67165631e-01 -2.79257953e-01
  1.11924231e+00 -2.32369766e-01  2.13255510e-01 -1.60199225e-01
 -8.98679674e-01  3.29925925e-01  3.82203132e-01 -6.39000088e-02
  8.32295418e-01 -2.78939962e-01 -1.83035985e-01  6.64344609e-01
  3.51437956e-01  4.31914032e-01 -4.01126802e-01 -9.30783391e-01
 -1.24653675e-01 -1.89244494e-01 -5.44877350e-02  1.91333622e-01
  1.24964993e-02  2.76572496e-01  2.17395425e-01  7.55365239e-03
  2.29572177e-01  7.33206570e-01  3.26696903e-01  4.63561900e-02
  2.55257100e-01  2.63036601e-02 -5.05064785e-01 -1.24614336e-01
  1.12662509e-01 -2.68405974e-01 -5.11248827e-01  3.90427977e-01
 -1.24957994e-01 -2.79401779e-01  7.73320273e-02 -3.05027574e-01
  2.22876221e-01  7.62445033e-02 -3.17492455e-01 -1.08262193e+00
  2.16517393e-02 -1.38986781e-01 -6.15933299e-01 -1.18479952e-01
 -2.91320443e-01 -2.32399385e-02 -3.37807804e-01 -1.07022107e+00
 -5.51625013e-01  2.23631293e-01 -4.13636625e-01  2.74785906e-01
 -4.48171794e-01 -1.15806162e+00  2.55390227e-01  4.10949588e-01
 -6.42045140e-02 -9.18176949e-01  2.61395842e-01  8.89717713e-02
  3.43686670e-01 -1.95112213e-01  3.49766284e-01 -4.54054743e-01
  1.73809782e-01 -2.47522429e-01 -5.88273965e-02 -1.01371385e-01
 -1.01587448e+01  7.72986338e-02 -3.86676341e-01 -6.97727650e-02
 -3.08672786e-01  5.60729019e-02  5.75469553e-01  5.31388700e-01
 -1.75497159e-01  1.45234063e-01  1.49929151e-01  1.24616005e-01
  1.82425693e-01  2.90618271e-01 -5.00913382e-01 -1.27692640e-01
 -6.55863047e-01 -1.71828374e-01 -5.31716365e-03  2.11136743e-01
  7.47468621e-02  1.51268914e-01  3.46353263e-01  5.56347847e-01
  2.82740265e-01 -4.46914911e-01 -2.93237239e-01  3.20671469e-01
 -3.95900071e-01  4.11026478e-01 -5.48589945e-01  1.10857159e-01
  2.51112282e-02  4.57164526e-01 -3.25433642e-01  1.72176719e-01
 -1.57319322e-01  2.64936805e-01  3.45934123e-01  1.98150381e-01
  2.11577281e-01  1.91264555e-01  2.05551162e-01  5.96089661e-02
  1.44676462e-01  5.31624220e-02  2.10561410e-01  3.79570723e-01
  4.09475684e-01  2.19456945e-02  2.21180096e-01 -4.73943412e-01
  1.43642779e-02 -3.64128202e-01  5.71498513e-01  2.93038070e-01
  5.57545483e-01 -4.73117292e-01 -1.42530426e-01  1.28628194e-01
 -2.56134897e-01  1.46199346e-01  4.61464375e-01  3.11360300e-01
 -1.50301903e-01  4.36743885e-01  3.19429010e-01  3.93048376e-01
 -1.81135491e-01 -3.68356586e-01 -1.54186383e-01  6.00778162e-01
 -4.67477627e-02  7.33655989e-02 -3.31823200e-01  2.22925290e-01
 -7.28904232e-02  5.02280332e-02  1.79950461e-01 -4.04444873e-01
  3.83785553e-02 -4.28325087e-01 -5.95588267e-01  1.08142123e-01
 -8.51407945e-01 -1.60182337e-03  4.26875136e-04  2.68151075e-01
  9.88975726e-03 -6.36322618e-01  3.73881608e-01 -5.47238111e-01
 -4.18695994e-02  4.58674371e-01 -2.13582352e-01 -1.28645852e-01
  1.42740697e-01  8.45728934e-01  4.44111705e-01 -1.45622373e-01]"
テ,"[ 4.86870736e-01  2.07949430e-01  4.88378942e-01 -5.50900400e-01
  4.62613016e-01  1.21281013e-01  9.12269577e-02 -1.81352094e-01
 -4.67244424e-02 -4.79556769e-01  6.88520491e-01 -3.09961975e-01
  1.51986768e-02  2.46261153e-02  3.35060775e-01 -3.56744081e-01
  2.61551470e-01 -2.24953681e-01  8.96363854e-02 -4.71723437e-01
 -6.56762004e-01 -1.28160119e-01 -2.01838806e-01  1.76269755e-01
  8.85178596e-02  9.92065296e-03 -4.73639637e-01 -7.35934898e-02
 -6.85933009e-02 -2.14320689e-01 -6.05719268e-01 -3.40691060e-01
  2.86326915e-01  3.11165720e-01 -1.16717897e-01  2.43090257e-01
  1.07781202e-01 -9.81216654e-02  2.63830036e-01 -3.86727154e-01
  4.54277284e-02 -2.16785278e-02 -2.64894754e-01 -9.70964804e-02
 -2.95700818e-01  8.40678036e-01  2.34042346e-01  3.42162877e-01
  7.34120190e-01 -2.02554300e-01 -4.24992204e-01  3.46906781e-01
  1.50066197e-01 -3.03254034e-02  4.06385630e-01 -1.77121446e-01
  2.07711309e-01 -5.44795811e-01 -2.61468500e-01  3.54316413e-01
 -5.53257108e-01 -2.44943485e-01  7.74652183e-01 -8.99620280e-02
 -5.16972952e-02 -3.42397004e-01  4.41427901e-02 -1.55674368e-01
  1.06326714e-02 -8.26144218e-01 -6.57163501e-01 -5.67122437e-02
 -1.26266837e-01 -2.64056355e-01  1.25148261e+00 -1.53898314e-01
  1.74061313e-01  3.96364719e-01  3.22451234e-01 -1.06579788e-01
  9.97388288e-02  4.76149380e-01  6.83448017e-02 -7.46302903e-01
  7.36038610e-02  3.16988170e-01 -1.34761408e-01 -5.59292078e-01
  3.80752802e-01 -4.06674296e-01 -5.34235477e-01  6.10495150e-01
  6.11758471e-01  2.62865484e-01 -7.87698925e-02 -2.75407988e-03
 -9.94143076e-04 -3.11702967e-01 -4.54210430e-01  1.81202944e-02
 -5.36308810e-02 -1.09382376e-01  2.00402483e-01  4.62064683e-01
  4.10733789e-01  3.81456390e-02 -3.80830348e-01  3.26550826e-02
  1.72061473e-01  9.05015171e-02 -2.24035576e-01 -4.51205432e-01
 -4.16073501e-01  6.14668310e-01 -2.29745373e-01 -1.02816954e-01
 -1.94919139e-01  4.40123342e-02 -1.91246539e-01  6.32244945e-01
  2.10728258e-01  2.03242943e-01  2.74745494e-01 -2.24829391e-01
  1.16396591e-01  6.39822662e-01  1.71352535e-01 -3.83561939e-01
 -3.66873950e-01  8.32146630e-02 -1.86117649e-01  2.87324101e-01
 -8.94091725e-02 -2.02821687e-01 -5.22468567e-01  1.04172766e+00
 -2.00885296e-01 -5.39882369e-02 -3.32165718e-01 -4.50954348e-01
 -3.60283226e-01 -3.57839204e-02  1.27192676e-01 -1.75926208e-01
  1.48783371e-01  9.32709724e-02 -4.87331361e-01 -4.07212526e-01
 -7.94686601e-02 -3.01456273e-01 -1.20119222e-01  1.04052746e+00
 -8.40103328e-01  3.93184461e-02 -7.02311769e-02 -2.06679720e-02
 -9.08705831e-01  9.24965441e-02  3.32125366e-01  2.91529745e-01
  2.18343481e-01 -8.14126730e-01  1.71400368e-01  6.00785971e-01
 -2.18205944e-01  4.35079336e-01  8.48536789e-02  4.53198999e-01
  8.25355202e-02  6.63613617e-01 -1.42151475e-01  4.04944927e-01
  1.52110934e-01 -2.73135006e-01  6.08589649e-01  3.03507745e-01
  2.09735185e-01  4.35281638e-03  1.93951547e-01 -5.53771794e-01
 -3.50065790e-02  4.81672958e-03 -3.19836855e-01 -5.14965653e-01
  3.39626193e-01 -1.16199993e-01  1.42873064e-01  1.77800119e-01
 -2.77932674e-01  1.01555578e-01  1.63913578e-01 -4.18343544e-01
  4.51898187e-01 -5.96767701e-02 -2.37347245e-01 -7.15114295e-01
 -3.10148358e-01  1.56580076e-01 -6.12684488e-01  6.99673772e-01
  1.96058393e-01  6.37141392e-02 -2.73703545e-01 -5.00507236e-01
 -6.06106818e-01 -3.09466451e-01  5.52216768e-01 -6.58937264e-03
  2.29679212e-01  6.12415910e-01 -2.39026293e-01  2.11809710e-01
  4.04511184e-01  2.10045204e-01  2.67534763e-01  2.24807352e-01
  1.85005029e-03 -6.33225963e-02  3.35519850e-01 -7.83334374e-01
  4.63567466e-01 -2.89046407e-01  4.36418623e-01 -1.11633971e-01
  2.69094169e-01  1.87084645e-01 -8.07175133e-03 -2.90080696e-01
 -4.40906994e-02  5.08892298e-01 -5.14312804e-01 -3.16938162e-01
 -9.38935220e-01  2.77556270e-01 -7.69779682e-01  1.34652495e-01
 -4.69939113e-02  5.00614524e-01 -4.95018214e-01  5.21567583e-01
  2.49780580e-01 -1.12179957e-01  2.99326152e-01 -2.91592300e-01
 -9.16415155e-02 -1.37067204e-02 -7.65860900e-02  2.93723177e-02
 -2.95034975e-01  3.77431750e-01 -5.78274190e-01 -4.87826914e-01
  5.25598466e-01 -3.89122099e-01  6.91588402e-01  5.45946360e-01
  3.34485769e-01 -1.86525121e-01  4.37023252e-01 -4.37263608e-01
  3.62589866e-01 -3.91840667e-01 -7.33695477e-02 -3.78590487e-02
 -1.14041343e-01  1.91516802e-01 -2.74605025e-02 -6.74628913e-01
  1.51389450e-01 -7.36378133e-01  5.48430502e-01 -4.28707927e-01
 -1.91778824e-01 -1.97284237e-01 -2.11388275e-01  1.66222468e-01
 -2.98336208e-01  2.06852183e-01 -3.02669615e-01  2.00272545e-01
 -7.44820952e-01  7.99385607e-02 -5.30686378e-01 -2.27033384e-02
 -9.28113163e-02 -2.77631968e-01 -2.21441209e-01  6.60026446e-02
 -2.13015556e-01  4.49215442e-01  1.79988772e-01 -8.85716453e-02
 -4.20023739e-01  9.34969634e-02 -3.71179253e-01 -1.36445314e-01
  3.39112669e-01  4.44526374e-01 -2.26043329e-01  2.08769977e-01
 -3.11610177e-02  4.58298057e-01 -1.26941964e-01 -3.19482386e-02
  1.57447129e-01 -3.84958744e-01 -2.98782378e-01 -3.76474053e-01
  3.07019681e-01 -3.28237385e-01 -1.24994501e-01  7.78701305e-01
 -3.54297012e-01  2.50440724e-02  2.07493708e-01  5.39454341e-01
 -1.31976819e+00  4.87489700e-02 -1.86781194e-02 -2.79504597e-01
 -3.83040011e-01  6.31351769e-01  2.10742410e-02  6.93660304e-02
 -3.49999696e-01 -4.29790437e-01  1.09922886e+00  2.38492936e-01
 -2.42161319e-01 -3.42310816e-01  4.46882904e-01  1.89153165e-01
 -8.47587734e-03 -6.15038514e-01 -1.38385683e-01  3.68392289e-01
 -1.46176308e-01  1.83205694e-01  2.64667034e-01 -2.88714021e-01
 -1.53668270e-01  5.39402068e-01 -1.37265503e-01  5.77667236e-01
 -1.40926734e-01 -1.16187096e-01  2.01383904e-02  9.95134354e-01
  1.16013944e+00  7.90808380e-01 -2.94401437e-01 -7.95457363e-02
  4.86185580e-01  5.65614939e-01  6.66599572e-01 -1.73053473e-01
  5.65650538e-02  2.95314733e-02  4.95661139e-01  4.77846712e-01
 -2.28027090e-01  1.68163374e-01  4.91558105e-01  8.23624015e-01
  3.24497104e-01  1.71048254e-01  2.50162840e-01  3.32636833e-01
  8.66409242e-02  3.80683810e-01  8.05906057e-01  2.98864335e-01
 -3.80589038e-01 -4.38035071e-01 -3.59504759e-01  4.74650366e-03
 -1.66853279e-01 -2.00264648e-01 -2.72379935e-01 -8.04928988e-02
 -4.30613309e-01  9.21047404e-02 -1.81933418e-02 -4.22375113e-01
 -2.11610466e-01 -6.73562229e-01 -4.09595877e-01 -1.94722429e-01
  7.96057954e-02 -1.05414677e+00  4.86203194e-01  3.77001077e-01
  4.29721326e-01 -4.69914138e-01 -5.45828342e-01  1.05630510e-01
 -3.78208369e-01 -7.83784613e-02  8.31684470e-03  3.07626545e-01
 -1.92371115e-01  3.85910720e-02 -3.07302535e-01 -1.76168993e-01
 -4.49075818e-01 -6.04020879e-02 -9.06434596e-01 -4.91103590e-01
  7.82221835e-03  3.15909535e-01 -1.26313761e-01  1.42937720e-01
  1.22101225e-01  5.54507017e-01 -3.26962858e-01  4.38868476e-04
 -6.39667928e-01  4.57862318e-01  7.32912838e-01 -1.58856437e-01
  4.05183554e-01  4.88288969e-01  1.83513328e-01  3.60627532e-01
  3.29953320e-02  3.53134662e-01 -6.65375531e-01 -1.12098195e-01
  7.20381379e-01 -2.60905772e-01  2.89892644e-01  1.10164108e-02
 -4.16402549e-01  2.02763319e-01 -4.26158547e-01 -2.66568601e-01
 -2.81747222e-01  1.15441702e-01 -1.80369794e-01 -2.21825372e-02
  3.61537337e-01  6.95248842e-01 -9.21077654e-02  5.07843256e-01
  9.01524723e-02 -1.61741644e-01  6.47813737e-01  3.50983620e-01
 -5.20194769e-01  1.64731964e-01 -5.46946861e-02  3.94543171e-01
  2.97110975e-01  2.71569580e-01  6.53318584e-01  4.22279656e-01
 -1.56808183e-01  2.98361033e-01  2.89915830e-01  4.20342356e-01
 -2.56765366e-01 -5.78115106e-01 -6.52232766e-02  1.14136701e-02
 -4.72823828e-01 -2.42414594e-01  3.61390471e-01 -2.24036016e-02
  3.36996347e-01 -7.07713841e-03 -8.40031743e-01 -6.16850972e-01
 -6.44645214e-01 -4.74027880e-02 -1.57048404e-01 -2.54752557e-03
  8.25879037e-01 -8.61581787e-02 -7.35335946e-01  6.56368077e-01
  1.82123289e-01  2.81977773e-01  4.43847656e-01 -1.38205960e-01
 -7.79041499e-02  3.11078459e-01  2.43604839e-01  7.47796297e-02
  4.72121507e-01  2.63671298e-02 -2.08745092e-01 -6.66381776e-01
  4.95785475e-01 -5.16476221e-02  1.76061168e-01 -2.93902874e-01
  5.30614972e-01  1.26364399e-02 -6.59676552e-01 -6.31372333e-01
 -1.75144114e-02 -1.02907471e-01  1.85661539e-02  2.08101850e-02
 -1.21669389e-01  7.61394501e-02  3.09686750e-01  3.45534831e-01
  7.77953148e-01 -3.51694882e-01  1.71501324e-01  6.85933232e-01
  6.57720029e-01 -2.24097624e-01 -7.60074034e-02 -4.05994505e-01
 -3.62349927e-01 -3.56441528e-01  2.69671082e-01 -1.86617881e-01
 -2.47191757e-01 -4.58816171e-01 -1.06687164e+00 -5.94184995e-01
  6.88545108e-02 -6.16423905e-01  3.20113122e-01  2.79986352e-01
  1.85047612e-01 -2.90233314e-01 -1.90551654e-01 -4.88676786e-01
  3.71414334e-01 -7.00740435e-04  2.67010272e-01  7.69363791e-02
 -4.73610014e-01  1.33438811e-01 -7.45075047e-01 -4.25966293e-01
  8.52061510e-01  7.53365099e-01 -6.25388563e-01 -1.40557274e-01
  4.06823218e-01 -4.35151756e-01 -5.25170803e-01 -3.28803658e-01
 -5.74375466e-02  3.08558363e-02 -5.77387623e-02 -2.68395454e-01
  2.90498078e-01  1.61290944e-01  2.09991693e-01 -4.57261577e-02
  4.51499283e-01  3.84204865e-01  5.71915090e-01  1.08089730e-01
 -1.36249527e-01  6.70223534e-02 -5.86427093e-01  4.91193891e-01
  2.61366427e-01  4.04793292e-01 -3.85958046e-01  2.09836721e-01
  8.78538132e-01 -5.35625100e-01  4.17565823e-01  5.21707237e-01
  4.87250298e-01  5.05094051e-01 -5.26231825e-01 -1.25313699e-02
 -8.84643614e-01  6.86695278e-02  4.64947000e-02  1.76208001e-02
  4.84792501e-01  6.37591779e-02 -3.19555372e-01 -5.45577586e-01
 -5.25549293e-01  3.50794435e-01  4.24982637e-01  4.17923957e-01
 -8.77870917e-02 -2.20574439e-02  5.46147406e-01  3.95370513e-01
  8.96842107e-02 -4.36755598e-01  1.70456529e-01  2.64189959e-01
  7.81404018e-01 -1.99582472e-01  5.43830276e-01 -7.51701176e-01
 -1.19076812e+00  2.65535891e-01  8.68844390e-02  2.74184700e-02
  3.62259537e-01 -4.81481344e-01  7.94841275e-02  1.42918900e-01
  3.31556380e-01  1.80438329e-02 -4.92835850e-01 -8.23775291e-01
 -7.86128268e-02  9.57009718e-02 -5.68129182e-01  3.64212617e-02
  1.51638845e-02  9.13373888e-01  4.65123206e-01 -1.34123981e-01
 -2.41982758e-01  1.04913783e+00  1.45522848e-01  1.20935209e-01
 -1.44281223e-01 -4.21544015e-02  1.29934892e-01  2.26772994e-01
  1.31560490e-01 -4.52049792e-01 -3.33946019e-01  2.57350594e-01
 -5.29917538e-01  6.13833815e-02 -2.56033361e-01  1.77683309e-02
  1.50968522e-01 -1.13515425e-02 -2.67582446e-01 -3.72143298e-01
 -1.48681670e-01 -1.72459960e-01 -7.15766549e-01  2.66040862e-01
  1.26407612e-02 -2.04727594e-02 -3.71579856e-01 -1.51869971e-02
 -5.96589684e-01 -3.34111661e-01  7.51203392e-03  5.59155583e-01
 -7.13556886e-01 -6.28375888e-01  5.80643237e-01 -2.13782012e-01
 -2.62025416e-01 -7.18983829e-01  1.42495885e-01  8.16798732e-02
  5.32587826e-01 -2.10769907e-01  2.72367030e-01 -3.99312615e-01
 -1.50620993e-02  1.06755324e-01 -1.09015815e-01  5.56852460e-01
 -1.01873598e+01  1.71142861e-01 -4.46446866e-01 -1.13863909e+00
 -6.65484443e-02  1.58886164e-01  4.51073676e-01  3.38424951e-01
 -2.20477492e-01 -8.47415477e-02 -6.01294562e-02  4.05085295e-01
  3.03303510e-01  3.22946548e-01 -9.58641350e-01 -1.25276193e-01
 -3.60988945e-01 -2.08340108e-01  6.64683804e-02 -6.70790434e-01
 -2.60911703e-01 -4.50433105e-01  6.06779873e-01  6.37122393e-01
  3.50347795e-02 -3.59295547e-01 -4.89420116e-01  2.31084332e-01
  8.90985597e-03  2.50889063e-01 -6.30751550e-01  6.52456522e-01
  1.43231973e-01  4.51670110e-01  8.66411403e-02 -9.74258259e-02
 -2.71300703e-01  6.25793517e-01 -3.70002449e-01  3.42485100e-01
  2.64654845e-01  3.65608931e-01 -3.20258260e-01 -7.97861964e-02
  6.59766570e-02  7.07174838e-02  5.85534215e-01  2.20264763e-01
  6.85213625e-01  7.00863302e-02 -1.76350757e-01  2.85056561e-01
 -2.57746279e-01  5.63963056e-02 -2.89305858e-03  7.37100244e-02
  8.30139816e-01 -1.71529815e-01 -2.74008870e-01  1.09150246e-01
  4.21118468e-01 -5.83479963e-02  4.83291119e-01  7.38198519e-01
  2.02137336e-01  6.53232485e-02  4.99131083e-01  5.63167334e-01
 -6.76371276e-01 -1.97998613e-01  2.10409850e-01  2.61923164e-01
 -8.63594115e-02  3.74580890e-01 -3.16290021e-01  5.31469226e-01
  4.36622053e-02 -1.05829358e-01 -7.81411827e-02  2.98099250e-01
  8.34752738e-01 -4.99027908e-01  1.11067981e-01  3.54934752e-01
 -1.29341447e+00  3.75192873e-02 -7.84960836e-02  2.69360363e-01
  2.12021247e-01 -7.35856891e-01  4.59265083e-01 -5.31073213e-01
 -6.01497471e-01  3.06140661e-01  4.00391579e-01 -3.96174520e-01
 -1.14305161e-01  1.39166832e-01  3.90625387e-01 -2.02238992e-01]"
イ,"[ 2.50548184e-01  4.48937267e-01  1.49297416e-01 -5.58641434e-01
 -1.36049360e-03  9.18458104e-02  3.72122318e-01 -2.34025866e-02
  8.32772255e-02 -4.97295290e-01  9.22433853e-01  7.10767582e-02
 -3.67893755e-01 -5.82557209e-02  4.59260195e-01  4.77102995e-02
  3.02615255e-01 -9.85034108e-02 -3.38973910e-01 -3.08446378e-01
 -4.29474026e-01 -4.62878853e-01  3.21236649e-03  1.25402525e-01
  4.18089509e-01 -4.00412738e-01 -9.11752507e-02  2.27680996e-01
 -1.43591851e-01 -1.56664610e-01 -3.75716507e-01 -3.74419689e-01
 -1.87974006e-01 -2.18470380e-01 -2.78684914e-01  8.27848911e-01
  1.41053796e-01 -2.76184261e-01  4.95626181e-02 -3.05525046e-02
 -2.75077790e-01 -1.03702962e-01  1.34631038e-01 -2.77510285e-01
 -3.40850383e-01  5.33725679e-01  8.50845575e-02  2.99998224e-01
  3.01730722e-01 -2.98516285e-02 -4.11128640e-01  4.12371367e-01
  2.30536029e-01 -5.54429591e-02 -2.61237088e-04 -1.30602717e-01
 -1.06849350e-01 -1.77051768e-01  1.52675107e-01 -1.06077278e-02
 -8.04195479e-02 -2.17927918e-01  1.38151884e-01 -6.45262748e-02
 -4.89816844e-01 -2.55414426e-01  1.58404615e-02  8.91135074e-03
 -1.77109227e-01 -5.93673766e-01 -3.99504185e-01  2.75213420e-01
  1.36441067e-01 -4.09847617e-01  4.42099303e-01 -3.25954139e-01
  3.14410836e-01 -1.61171347e-01 -1.37885913e-01 -1.05943531e-01
 -2.27227271e-01  4.18201625e-01 -1.32867172e-01 -6.18982315e-01
  1.17178842e-01  5.95237687e-03  1.06585197e-01 -4.83482927e-01
  3.78091365e-01 -5.38670719e-01 -3.54409844e-01  2.72403359e-01
  5.72565138e-01  3.44812155e-01 -2.85803229e-01  7.02245161e-02
  1.58337325e-01 -2.32174933e-01 -2.50325263e-01 -1.26444459e-01
  5.01085997e-01 -3.91440392e-01  1.21531844e-01 -1.62783220e-01
 -1.63571373e-01  1.28945395e-01 -4.89772826e-01  5.72921038e-01
 -3.15574333e-02 -1.19167745e-01 -2.01856926e-01 -2.57736564e-01
 -3.56377959e-01  4.04012829e-01 -2.66229004e-01 -1.14951387e-01
 -1.68238834e-01  3.99795383e-01 -2.98424929e-01  1.94822043e-01
  2.34678298e-01  2.92861432e-01  6.76141456e-02  1.55305445e-01
 -9.61431861e-02  5.45691550e-01 -2.27928966e-01 -5.58218956e-02
  6.11917041e-02 -2.34988824e-01  2.70687819e-01  7.24034384e-02
 -3.39391261e-01 -1.39200687e-01 -5.78420401e-01  2.52620310e-01
 -1.55659407e-01  5.99726513e-02 -8.23525488e-02 -5.83877563e-01
  4.79102395e-02 -2.66819984e-01  2.30884418e-01  1.89756200e-01
  4.72326167e-02  3.04461829e-02  4.09246147e-01 -2.07717076e-01
  4.46753055e-01  1.35313988e-01 -5.19040711e-02  7.83359170e-01
 -3.72239619e-01 -2.98980087e-01 -2.79809713e-01  4.24865223e-02
 -3.43452454e-01  4.00078408e-02  6.53272718e-02  4.72722799e-01
  2.74603307e-01 -6.96615577e-01  7.82220960e-02  4.43041563e-01
  2.62496650e-01  7.81520724e-01  1.20959178e-01 -9.58712175e-02
 -2.41772830e-02  5.50421357e-01  2.61897832e-01  4.25607026e-01
  1.25510529e-01 -5.66315174e-01  2.34457389e-01  5.65372288e-01
  1.36234045e-01  1.51190206e-01  2.92226672e-01 -4.61350918e-01
  1.08596943e-01 -4.49336797e-01 -2.26929694e-01 -4.77954000e-01
  5.77559650e-01 -1.59313872e-01 -1.40749946e-01  4.92161028e-02
  4.04408202e-02  6.45688677e-04 -5.78388631e-01  3.01188584e-02
  5.47215581e-01 -4.30748194e-01 -4.94826287e-02 -1.22020781e-01
 -5.79941235e-02 -3.47213954e-01 -1.85375482e-01  5.23390710e-01
 -8.71587992e-02  2.89862871e-01 -2.70354658e-01 -2.00902432e-01
 -1.12464201e+00 -2.22978801e-01  2.93578357e-01  4.99000549e-01
  2.64169604e-01  1.19105786e-01 -4.83888686e-01  2.27860138e-01
  4.43124741e-01  4.85236853e-01  2.13789027e-02  5.02767190e-02
 -2.78068930e-01  1.79585114e-01  3.59902501e-01 -5.64133942e-01
  4.23757136e-02 -1.10955477e-01  7.74233863e-02  3.42142850e-01
 -2.29771048e-01 -1.03759691e-01 -2.96202395e-02  6.09361641e-02
 -1.47232220e-01  7.78218448e-01  2.73346543e-01 -9.64207575e-02
 -5.74971795e-01 -4.45089012e-01 -9.19788301e-01  2.41214693e-01
 -1.61082417e-01  2.24556953e-01  3.09266180e-01  2.97025204e-01
  2.58245766e-01 -2.68003106e-01 -1.42835811e-01 -2.70083547e-01
 -2.40813389e-01  3.36348623e-01  1.93774030e-01 -1.58180520e-01
 -5.90977848e-01  3.31599921e-01 -5.10832071e-01 -2.68380016e-01
  6.35851324e-01 -1.43599451e-01  5.74423790e-01  1.40938282e-01
  4.89772707e-01 -8.53540748e-02 -1.87461779e-01 -9.55950767e-02
  4.36156765e-02 -4.13839400e-01 -1.06972173e-01 -2.34485179e-01
  1.09996134e-02  1.04650222e-01  5.84264323e-02 -6.36326253e-01
 -7.37071559e-02 -3.16342860e-01  1.02464452e-01 -5.68891943e-01
 -7.04476461e-02  2.30291873e-01 -3.56901407e-01  2.50668466e-01
 -1.04109794e-01  3.35607588e-01 -2.99138874e-01 -8.98166895e-02
 -1.03467691e+00  4.62022066e-01 -7.32673287e-01  3.54275584e-01
  1.19880915e-01 -1.02041975e-01 -6.54364452e-02 -1.25603393e-01
 -1.99910551e-01  5.11823535e-01  1.64882660e-01 -2.88099885e-01
 -5.12577772e-01 -3.31790335e-02 -1.48431510e-01  8.92459005e-02
  1.57078892e-01 -2.20352858e-01  7.79311778e-03  1.18221991e-01
  5.48335910e-01  1.16938703e-01  1.51461095e-01 -1.68676421e-01
 -3.16606641e-01 -8.21139872e-01 -1.74249917e-01  1.65940970e-01
  6.09729469e-01 -3.89872491e-01 -1.51548386e-01  1.06592011e+00
 -1.71224177e-01 -2.75369376e-01  2.07378134e-01  4.92522776e-01
 -1.40063012e+00  1.89765319e-01  5.88225245e-01  8.27125367e-03
  5.32373041e-02  3.26102495e-01  3.05587888e-01  3.56416821e-01
 -5.22400737e-01 -3.92370522e-02  3.14461082e-01  3.73597950e-01
 -3.61708365e-03 -3.67071837e-01  3.96332085e-01 -7.00402111e-02
  7.45707527e-02 -6.12056315e-01 -3.19102615e-01  4.11913991e-01
 -8.74440968e-02  8.74632224e-02 -1.70665272e-02 -3.10056239e-01
  6.94663972e-02 -2.88684756e-01  2.69203126e-01 -3.25777143e-01
 -2.06082761e-01 -2.72670299e-01  2.63510078e-01  4.49198842e-01
  6.61635160e-01  5.16491294e-01  3.55158955e-01  2.68697768e-01
  4.47348505e-01  3.80298793e-01  4.60312426e-01  3.10991406e-01
 -1.06315635e-01  1.95352584e-02  5.47567546e-01  3.21961701e-01
  2.60394633e-01 -2.76618730e-02 -2.40978584e-01  6.40438259e-01
 -3.42877991e-02  4.84192222e-01  4.39171344e-01  6.22052073e-01
  3.92522663e-01  2.46110246e-01  4.16232944e-01 -1.99239522e-01
 -1.42119557e-01 -3.44763428e-01  2.17241168e-01 -2.86960572e-01
 -1.59542978e-01 -1.53736860e-01  2.50040978e-01 -1.45809427e-01
 -5.12594461e-01  1.40727222e-01 -4.43835914e-01 -1.36881182e-02
  1.92942649e-01 -2.21435457e-01 -5.87340951e-01 -4.13562387e-01
 -4.07140642e-01 -5.99370241e-01  4.87648457e-01  2.24278212e-01
  1.67591110e-01 -5.40347576e-01  1.19901717e-01  1.17969602e-01
  1.69764191e-01 -1.75971016e-01  1.14829168e-02 -1.52550280e-01
  2.82090437e-02 -1.22996107e-01  9.48477630e-03 -6.52793765e-01
 -4.27664936e-01 -5.18693566e-01 -8.45184565e-01 -1.18298441e-01
  1.16165116e-01  3.92276138e-01 -3.25253829e-02  1.95514411e-01
  1.77094415e-01  2.15909585e-01 -2.99488634e-01 -1.85980365e-01
 -8.11992049e-01 -1.56768765e-02  2.14666843e-01  2.32266650e-01
  2.32969046e-01  1.96242005e-01  1.09963231e-01 -4.82075438e-02
 -2.86134541e-01 -1.21539105e-02 -2.40013272e-01 -2.71101832e-01
  9.78989422e-01 -2.60523081e-01  4.55204725e-01 -1.96337432e-01
  1.22119568e-01  3.16756964e-01 -1.55484170e-01 -1.12817459e-01
 -9.07303840e-02  4.70662534e-01 -1.36885494e-01 -1.00792803e-01
  5.52294701e-02  4.65402246e-01 -3.23762983e-01  1.65308639e-01
 -6.53367415e-02  1.07103758e-01  2.05337912e-01 -7.62300417e-02
 -1.51009575e-01 -2.40501344e-01  1.47733510e-01  2.34147370e-01
  2.86229432e-01  2.51718760e-01  2.90646464e-01  6.03635311e-01
  4.65304367e-02  2.98180014e-01  2.58697182e-01  7.23807216e-01
 -2.89932221e-01 -2.15029269e-01 -4.93934572e-01 -8.92949179e-02
 -4.69449073e-01 -1.57416940e-01  5.62630594e-01 -2.20334351e-01
  2.11852729e-01 -1.33978590e-01 -6.52937293e-01 -6.51318654e-02
  5.19523630e-03  6.90673441e-02  7.03841001e-02  3.64892095e-01
  4.39906210e-01 -1.26997204e-02 -6.32700920e-01  5.94457984e-01
 -3.08315009e-01  5.14515579e-01  3.45945537e-01 -5.75061738e-01
 -2.74261087e-01 -7.64722601e-02  7.89083093e-02  5.09687886e-02
  2.43710428e-01  5.64227998e-01 -3.49140644e-01 -1.05415034e+00
 -1.87589705e-01  2.53937304e-01 -1.90228805e-01 -4.17483807e-01
  2.18119115e-01  1.22731857e-01 -9.40392911e-01 -6.61184728e-01
 -3.90708268e-01 -2.36801296e-01 -7.50048086e-02 -9.41760957e-01
  2.10737124e-01  9.18762311e-02 -6.85869977e-02  4.35755491e-01
  6.55624503e-03  5.23173697e-02  2.63327897e-01  4.12435800e-01
  3.27125221e-01 -5.27841270e-01 -8.82996395e-02  1.80286646e-01
 -1.07608419e-02  7.57314712e-02  4.33559537e-01  2.23505148e-03
  1.34608984e-01 -3.60789821e-02 -6.57026768e-01 -1.32698357e-01
 -3.95163506e-01 -8.62202346e-01  3.90648544e-01 -4.85257804e-02
  2.44066179e-01 -4.38990742e-01  3.58604819e-01 -2.36322448e-01
  4.19668891e-02  1.43683150e-01  1.25273690e-02  7.06452206e-02
 -6.10257745e-01  3.14744920e-01 -4.90727723e-01 -4.11903232e-01
  8.03740144e-01  6.32723987e-01 -2.77031273e-01  2.62137149e-02
  3.44409823e-01  4.50162590e-02 -3.13975930e-01  4.23781313e-02
 -2.82185283e-02 -5.54161631e-02 -1.43077955e-01  2.06894383e-01
  3.07502449e-01  2.10439786e-02 -2.29835853e-01 -2.39742830e-01
  5.74667513e-01  4.28124398e-01  2.77385592e-01 -1.01543844e-01
 -8.49071965e-02 -2.14944541e-01 -3.83535475e-01  1.77746221e-01
  1.37170434e-01  6.50477767e-01 -1.97822720e-01  9.01136279e-01
 -1.24171965e-01 -3.45695406e-01  2.91801929e-01  6.94676459e-01
 -1.00216694e-01  2.65137017e-01  1.18587442e-01  1.11891091e-01
 -8.89651358e-01  1.92576736e-01 -2.56352037e-01  2.20070198e-01
  1.24248847e-01  4.35625374e-01  4.67876673e-01 -6.21459007e-01
 -2.60323167e-01 -1.67298496e-01  1.88351333e-01  6.08341210e-02
  5.43614805e-01 -2.58542933e-02  9.34903026e-02  2.46212676e-01
 -1.92727745e-01 -2.98794582e-02  1.24369562e-01  7.80878812e-02
  8.33908319e-01  2.22439915e-01  8.71190205e-02 -2.11816251e-01
 -8.10535669e-01  3.45863700e-01 -6.89836740e-02  1.86973158e-02
  4.62515622e-01 -2.82231331e-01  1.24969304e-01  3.07149708e-01
  6.09694600e-01  1.46806642e-01 -2.99306214e-01 -7.93890119e-01
  1.00233920e-01 -2.04421189e-02 -9.92076397e-02  2.56079793e-01
 -4.15349118e-02  3.64851028e-01  2.03915536e-01 -1.63459256e-01
  3.52919996e-02  5.44714212e-01 -1.73364803e-01  3.65872378e-03
  3.04246575e-01  1.87192932e-01 -4.30703133e-01  9.28122667e-04
 -2.07629338e-01 -4.05075431e-01 -4.26637322e-01 -2.03930631e-01
 -2.27074519e-01 -5.35288043e-02 -1.84056550e-01 -7.97881931e-02
  2.25498512e-01  1.30450606e-01 -1.00639246e-01 -3.92300665e-01
 -3.50677848e-01  5.15872836e-01 -7.76475906e-01 -1.35777131e-01
 -1.23755664e-01  7.65950009e-02 -1.07487820e-01 -1.10861044e-02
 -3.66661578e-01 -1.66465893e-01 -1.05065398e-01  1.48900092e-01
  3.98935229e-02 -4.16027158e-01  2.04854488e-01  2.29957908e-01
 -1.17511697e-01 -7.88458526e-01  1.99353009e-01 -9.32439640e-02
  6.56968772e-01 -1.90095633e-01  2.81826943e-01 -2.75059789e-01
  2.35864297e-01 -3.13181818e-01 -1.30200773e-01  3.28198932e-02
 -1.05836725e+01 -4.90938015e-02 -4.45158988e-01 -1.26329452e-01
 -4.17215824e-01  4.06702816e-01  6.91445172e-01  2.89368570e-01
 -4.18654144e-01  3.56551111e-02  3.73300225e-01  3.36038560e-01
  2.67772228e-01  3.57701659e-01 -6.44478917e-01 -2.05714375e-01
  1.31649956e-01 -8.91802087e-02 -1.39646545e-01 -2.16188714e-01
  2.65375733e-01 -1.75341463e-03  2.89542437e-01  6.34695351e-01
  7.94324726e-02 -5.25712609e-01 -4.68636990e-01  2.96326786e-01
  3.42756063e-02  2.95155644e-01 -3.47007871e-01  1.42052948e-01
  4.79567125e-02  3.19089413e-01 -3.11677724e-01 -2.71849841e-01
 -1.24731869e-01  3.27666491e-01  1.14261262e-01  1.91989005e-01
  2.59902000e-01  6.57625675e-01  2.85983682e-01  8.54373276e-02
  2.72264183e-01  4.46437061e-01  5.17217338e-01  2.94055164e-01
  6.83405817e-01 -4.87478226e-02  2.03231443e-02  3.26814830e-01
 -1.70927256e-01 -1.00325570e-01  3.27387571e-01  4.90538143e-02
  7.69046783e-01 -6.56353056e-01 -4.45701927e-01  7.36973062e-02
 -4.54915389e-02  7.13259354e-02  9.17894423e-01  5.18121719e-01
  3.08233760e-02 -7.76502043e-02  3.12881738e-01  4.84794885e-01
 -5.00979424e-01 -2.22961918e-01 -3.55613269e-02  2.15073958e-01
  1.17330384e-02 -7.69709051e-02 -5.12711585e-01  2.75899589e-01
 -4.08498105e-03 -2.58596897e-01  3.27946901e-01  2.06794024e-01
  1.48800939e-01  2.20320001e-01  1.59264449e-02  1.42602280e-01
 -5.16741991e-01  1.08714618e-01 -2.09900662e-01  1.72531307e-01
  8.48772973e-02 -4.64440048e-01 -7.00366572e-02 -2.24854469e-01
 -3.09130512e-02  7.70375192e-01  4.16402221e-01 -3.29809636e-02
 -9.87273157e-02  1.02551058e-01  5.01251996e-01  2.52322238e-02]"
ル,"[ 3.26731980e-01  5.04282534e-01  3.89179349e-01 -6.44690990e-01
  2.49296710e-01  3.91729325e-01  4.88504976e-01  3.53201479e-02
 -2.95425534e-01 -2.60005653e-01  4.70541805e-01 -4.22743052e-01
 -4.30875629e-01  1.58937618e-01  3.83313179e-01 -1.55522630e-01
  6.77125931e-01 -7.02978345e-03 -3.24126095e-01 -3.54961693e-01
 -2.78582033e-02 -4.65597063e-01 -2.77583808e-01  5.84897041e-01
  1.18650407e-01 -6.84032440e-02 -2.16254413e-01  2.65272781e-02
 -2.16688067e-01 -4.53442544e-01 -5.38806081e-01 -4.36871827e-01
 -2.40657032e-01 -6.48179501e-02  2.76409239e-01  5.43523505e-02
 -4.16244775e-01 -1.36538610e-01 -1.51278049e-01 -1.80158168e-01
  6.98311999e-03 -1.98959589e-01 -3.20480049e-01  2.30019782e-02
 -4.74046826e-01  6.39370739e-01 -7.36668287e-03  4.13685113e-01
  4.35360938e-01 -4.21324015e-01 -3.09435934e-01  2.89673388e-01
  3.11005741e-01  3.82635742e-02  4.44521338e-01  2.00360104e-01
  6.65897667e-01 -4.73690152e-01 -2.46517584e-01  2.81183064e-01
 -5.47289431e-01 -2.53186245e-02  5.46053588e-01  3.49573404e-01
  4.61798608e-02 -2.74075150e-01 -2.95972794e-01  2.03966543e-01
 -4.29575682e-01 -1.77129269e-01 -2.26788148e-02  1.84225187e-01
 -1.28756925e-01  1.75223455e-01  1.07239306e+00 -7.10352510e-02
  3.61193985e-01 -1.05660848e-01  2.93012232e-01 -4.51143116e-01
 -1.16987072e-01  2.36134738e-01 -1.73182756e-01 -7.00093269e-01
  2.41694450e-01  4.53051686e-01 -1.84717372e-01 -9.32751536e-01
  1.68312564e-01 -2.97227770e-01  1.01908028e-01  1.78527460e-01
  3.18895251e-01 -1.51043445e-01  2.09509894e-01 -5.62417090e-01
  7.18266591e-02  1.15675360e-01 -1.97896408e-03  1.87925398e-01
  1.07605658e-01  3.65924351e-02  7.73095712e-02 -2.18037307e-01
 -3.06402057e-01 -4.19833474e-02 -5.43883815e-02  9.71352980e-02
 -1.50516331e-01  2.13559851e-01 -1.77606031e-01 -5.53326070e-01
 -3.11462015e-01  1.91556349e-01 -1.11410566e-01  3.97476219e-02
  1.84190124e-01  5.03532946e-01 -3.44909765e-02  6.82116389e-01
  1.47258312e-01  3.25034231e-01  9.81586426e-02 -3.29672366e-01
  7.27170557e-02 -6.20832108e-02  1.22826189e-01  1.79835707e-01
 -2.77418017e-01 -7.47166798e-02 -3.98416430e-01  2.52069324e-01
 -2.92137146e-01 -3.76550853e-01 -6.78034067e-01  6.24375165e-01
 -1.83859810e-01 -1.40309468e-01 -6.80529773e-01  7.87205936e-04
 -3.26239914e-01  4.35296535e-01  2.22362638e-01 -3.20366889e-01
  3.12910974e-01 -3.46749127e-02 -3.26274604e-01 -4.34896141e-01
  1.46123156e-01  3.25375021e-01 -1.08778857e-01  1.30504179e+00
 -8.49389851e-01 -3.52116898e-02 -6.78188950e-02  2.58787692e-01
 -2.11090147e-01 -1.31479591e-01  2.12694481e-01  4.04540539e-01
  4.58943844e-01 -4.96835500e-01  4.67124373e-01  7.62880802e-01
  1.03759758e-01  5.10176539e-01  4.03096735e-01  2.91370243e-01
  3.24705869e-01  1.11068213e+00  4.40338820e-01  3.14902782e-01
 -1.74683452e-01 -4.14885819e-01  2.98893899e-01  3.91862303e-01
  2.47819304e-01  7.48790354e-02  3.69910508e-01 -6.06402218e-01
 -1.21668041e-01  2.07931712e-01 -2.40776300e-01 -2.15098426e-01
 -1.99975483e-02 -2.36678198e-01 -2.01144293e-01 -4.58506823e-01
 -4.12447035e-01 -3.69753391e-02  1.03545308e-01 -2.10558653e-01
  2.10895911e-01 -5.58884382e-01 -1.53098851e-01 -9.27405804e-03
 -3.15667450e-01  1.64822564e-02 -4.31600749e-01  1.98772684e-01
 -1.61918640e-01 -6.56105531e-03  1.62639886e-01 -6.17322028e-01
 -7.65494883e-01 -1.58118457e-02  4.28459227e-01  5.02427697e-01
  3.07586730e-01  4.95009542e-01 -3.03695500e-01 -5.41406171e-03
  4.75791730e-02  1.15872234e-01  1.02787532e-01  3.56453329e-01
 -7.48949885e-01 -4.54489857e-01  6.12788349e-02 -3.92130822e-01
  7.04927385e-01  2.11727977e-01  4.78976309e-01  7.47089386e-02
 -3.11096638e-01  8.81793275e-02 -7.90814012e-02 -4.82506961e-01
  3.20451148e-02  1.15174808e-01 -2.79118031e-01 -1.34067371e-01
 -1.16651750e+00 -3.76560003e-01 -4.25942421e-01  1.87160313e-01
  1.21384233e-01  6.42677188e-01 -1.29195079e-01  5.15407741e-01
  2.10941702e-01 -3.01067352e-01  3.36712182e-01 -7.37029463e-02
 -2.21858900e-02  5.71483336e-02  1.76641405e-01 -3.18243876e-02
 -8.35957155e-02 -4.69673099e-03 -4.82933223e-01 -2.98676103e-01
  1.20417759e-01 -9.69076529e-02  4.43001330e-01  4.86051500e-01
 -4.61407052e-03 -1.71165824e-01  1.25350384e-02 -3.14975202e-01
 -4.68966335e-01 -5.81907511e-01  2.40920403e-04  1.06020242e-01
  6.16700090e-02  1.22737974e-01  2.09246859e-01 -7.46785343e-01
 -3.34490001e-01 -5.02078831e-01  2.29773536e-01 -1.82843193e-01
 -1.58152208e-01 -1.38256559e-02 -6.24823213e-01  3.94642390e-02
  3.44801806e-02  2.15177715e-01 -5.91843367e-01  3.02089006e-01
 -3.63323808e-01  1.19116858e-01 -4.95065391e-01  1.32317036e-01
 -6.89977929e-02 -3.02150905e-01 -4.40863311e-01 -1.59070492e-01
 -4.24963385e-01  2.70467341e-01  2.07506604e-02 -6.47590101e-01
  1.80557817e-01  3.03932071e-01 -2.25398645e-01  1.78431511e-01
 -5.68857836e-03  8.43304694e-02 -2.87452161e-01  1.65928215e-01
  2.62398094e-01  2.79276460e-01  2.43692741e-01 -1.09226018e-01
 -2.07837790e-01 -3.58530879e-01 -1.48477241e-01 -1.49576619e-01
  5.84490478e-01 -9.98776495e-01 -2.21470594e-01  1.24797356e+00
 -7.75828183e-01  6.65553957e-02  4.56156814e-03  8.13340425e-01
 -1.76107228e+00 -1.87327757e-01  2.81074680e-02 -9.07032415e-02
 -3.17724645e-01  1.00657308e+00  1.29056275e-01  1.61709815e-01
 -1.40919134e-01 -2.12608725e-01  5.71361005e-01  3.17417651e-01
 -4.54732984e-01 -3.35984677e-01 -2.14182632e-03 -8.30781087e-02
  3.13399404e-01 -8.41548622e-01  2.69359827e-01  4.74840879e-01
 -1.11340635e-01 -5.63197769e-02  1.99777588e-01 -3.22866291e-01
 -7.41044134e-02  1.75583228e-01  1.07726507e-01  2.82374442e-01
 -4.98763025e-01 -1.88886821e-01  4.28303659e-01  8.30787838e-01
  7.46820629e-01  7.61715949e-01 -2.23476112e-01  5.43698855e-02
  6.19472980e-01  3.15236866e-01  6.47981584e-01 -3.52014393e-01
  5.84369642e-04 -2.89363146e-01  5.85779607e-01  8.54745060e-02
 -1.18804038e-01  4.10134226e-01  5.22956550e-01  2.93756753e-01
 -1.00960694e-01  7.68756494e-02  9.07449305e-01  3.31106216e-01
  2.55146861e-01  2.69178182e-01  1.54338881e-01  2.70305485e-01
  1.07563093e-01 -3.36244673e-01  1.27017170e-01 -3.42480123e-01
 -2.44117584e-02 -1.97265327e-01 -2.00936809e-01 -2.87086606e-01
 -6.07854664e-01 -7.19562694e-02  8.95940661e-02 -7.98127890e-01
 -1.07164662e-02 -4.85267282e-01 -6.45511150e-01 -2.48662785e-01
 -1.73156336e-01 -7.42214918e-01  1.06880695e-01  7.67558157e-01
  3.43075633e-01 -4.88770276e-01 -2.02839851e-01  1.15026280e-01
 -2.65461206e-01 -7.78926164e-02 -1.30000859e-01  1.26661062e-01
 -2.74705529e-01  2.50622928e-01 -4.73668635e-01 -4.54752117e-01
 -6.35390699e-01 -2.73943633e-01 -7.01945782e-01 -4.65927497e-02
  1.59214623e-02  5.70800126e-01 -1.23602904e-01 -1.02641933e-01
 -1.21359482e-01 -3.89390618e-01 -2.69768000e-01 -3.76918197e-01
 -5.60970843e-01  7.75345340e-02  4.28967416e-01  5.75431287e-01
  4.96806800e-01  5.13799250e-01  1.43753052e-01  2.25522980e-01
 -2.15361506e-01  1.00604624e-01 -2.55102217e-01 -5.03013253e-01
  5.30081213e-01 -4.44314815e-02  3.15746456e-01  1.19612217e-01
 -1.53319463e-01  6.16995990e-01  1.20029688e-01 -4.37794000e-01
  1.47731798e-02  5.54076314e-01 -2.37557337e-01  3.86717319e-01
  7.38726258e-02  9.26848650e-01  7.52368420e-02  4.00617838e-01
  7.21965283e-02 -3.29750955e-01  2.45472670e-01 -9.69294235e-02
 -3.82626534e-01 -9.27560925e-02 -9.97589827e-02  5.40426075e-01
  5.49117684e-01 -3.90110910e-02  2.24794716e-01  4.48674202e-01
 -3.62216264e-01  1.87327340e-02  1.12216182e-01  1.53111413e-01
 -3.65989864e-01 -4.39011931e-01 -2.14492276e-01  1.19626202e-01
 -8.90956163e-01 -2.09301546e-01  2.32225031e-01 -4.00293479e-03
  9.86885354e-02  8.67124181e-03 -4.35936451e-01 -3.38632613e-01
 -8.25143337e-01  9.96816084e-02  1.34079263e-01  4.72513020e-01
  3.63602966e-01 -5.16992986e-01 -7.28855729e-01  5.99242210e-01
 -3.29913199e-01  4.72833067e-01 -7.62687996e-02 -3.50804329e-01
 -6.30442798e-01  7.65364528e-01  2.29078755e-02  1.17864847e-01
  3.79287809e-01  3.15160036e-01 -1.22710854e-01 -4.62264746e-01
 -1.61994949e-01 -2.01996639e-01  1.03732049e-01 -1.36164680e-01
  4.49477643e-01  2.58580923e-01 -7.05640733e-01 -7.67430842e-01
 -2.51359105e-01 -2.87411898e-01  4.96895015e-01 -5.69702923e-01
  3.39332640e-01 -3.40686440e-01  3.86174977e-01  2.85663277e-01
  5.92697859e-01 -1.45018309e-01  2.67183512e-01  6.66715324e-01
  7.24128783e-01 -1.69776753e-01 -5.23705743e-02 -1.09975494e-01
 -1.14843168e-03 -1.35756448e-01  6.04691923e-01 -7.98500702e-02
 -8.44370946e-03 -1.23809107e-01 -8.37506652e-01  1.67759806e-01
 -8.95283818e-02 -8.03762794e-01  7.50009000e-01  4.31007385e-01
  4.56083044e-02 -3.19111586e-01 -9.79274064e-02 -8.49491179e-01
  2.52288491e-01  2.02894151e-01  8.11270252e-02  4.39445451e-02
 -6.02434278e-01  2.18413293e-01 -1.97679326e-01 -5.51453829e-01
  3.23571771e-01  3.73921216e-01 -4.45165157e-01 -1.25371009e-01
  2.83009410e-01  3.40264052e-01 -2.05664054e-01 -8.01890865e-02
 -3.71901929e-01 -5.33611663e-02  5.24002194e-01  1.52753934e-01
  4.56986696e-01  7.08453894e-01  3.94307859e-02 -6.13542423e-02
  3.60617101e-01  4.17036146e-01  1.63205743e-01 -1.81056976e-01
  1.01268351e-01 -1.80243641e-01 -6.11877024e-01  1.87917858e-01
  2.43623063e-01  2.82931179e-01 -3.07197813e-02  2.52350539e-01
  7.46279597e-01 -4.73818064e-01  3.79580744e-02  4.38026428e-01
  2.01602429e-01  8.64109397e-01 -3.40107918e-01  6.31332844e-02
 -5.16186953e-01  1.04140639e-01  4.28745635e-02 -1.05449751e-01
  1.41892672e-01 -3.21596153e-02 -3.34140986e-01 -5.86612940e-01
 -3.87395136e-02  4.33665723e-01  1.06825523e-01  8.30003500e-01
  3.17549199e-01 -3.69650096e-01  6.41142607e-01  1.25122562e-01
 -2.38680214e-01 -1.70319840e-01 -1.42622992e-01  1.36037037e-01
  5.61989307e-01  2.19284013e-01  6.94448113e-01 -5.88265836e-01
 -1.00262153e+00  6.99255476e-03 -2.11623237e-01 -1.05338179e-01
  3.48731101e-01 -7.12588489e-01 -1.82200864e-01  3.16459328e-01
 -2.10497499e-01 -2.97002673e-01 -6.77070469e-02 -8.75630915e-01
  1.94796592e-01  2.42244899e-01 -4.07337844e-01 -2.27887943e-01
 -1.37156278e-01  3.72903258e-01 -2.37816684e-02 -2.34828755e-01
  5.00561148e-02  7.95535326e-01 -1.88681930e-01 -4.64284658e-01
  1.19184077e-01  1.42799675e-01  1.30125031e-01  1.00260429e-01
  5.97211942e-02 -6.83070719e-01 -7.00760335e-02 -1.74153373e-01
 -3.72475475e-01 -2.52495259e-02  2.46388674e-01  1.75175875e-01
  2.67403245e-01 -2.06541583e-01 -3.54124516e-01 -2.58650392e-01
 -1.41538203e-01  1.05711669e-01 -5.51557899e-01 -8.18513483e-02
 -1.27420858e-01  6.78899288e-02 -1.41771371e-02  4.27816957e-02
 -6.44277856e-02 -1.67994857e-01 -6.30561054e-01  1.86222821e-01
 -9.47966337e-01 -2.20795214e-01  4.35502350e-01  4.18233089e-02
 -1.43624380e-01 -9.44079041e-01  3.09557438e-01  7.53363743e-02
  4.85951990e-01 -5.91470525e-02  3.89547348e-01 -1.72202796e-01
  4.49586958e-01  2.30775788e-01 -4.45411086e-01  3.09958100e-01
 -1.02713470e+01 -2.25437328e-01 -6.12452269e-01 -3.55642647e-01
  2.08431840e-01  1.76503211e-01  7.55967200e-01  9.92186889e-02
 -4.08505827e-01  5.34823798e-02  3.39387983e-01  7.45455146e-01
  5.64127982e-01  7.99053967e-01 -8.18601966e-01 -2.13489965e-01
 -3.58358473e-01 -2.59496242e-01 -3.55873592e-02 -2.03153551e-01
  2.09404945e-01 -4.16488856e-01  7.31255949e-01  6.76677287e-01
 -4.95485336e-01 -2.23701343e-01 -4.97884452e-01  3.29694927e-01
  5.86513728e-02  7.14083314e-01 -4.45494801e-01  6.51287377e-01
  1.33997332e-02  4.29356217e-01 -8.11167434e-02 -9.07572806e-02
 -1.36388451e-01  5.62977493e-01 -3.57127666e-01  6.43925667e-01
  1.60020962e-01  7.59001911e-01 -2.79123455e-01 -3.06198537e-01
  8.05494040e-02  4.45749491e-01  5.08605242e-01  4.72374022e-01
  6.94038093e-01  2.74019003e-01  1.00266553e-01 -1.79366201e-01
 -2.12832317e-01  7.30151162e-02  1.17137298e-01  1.13979690e-01
  9.57579255e-01  2.90617011e-02  2.05064937e-01  3.39548945e-01
  6.47335231e-01 -3.66952807e-01  3.31816733e-01  7.13600338e-01
 -1.39136806e-01  3.32276076e-02  2.18623295e-01  4.46426362e-01
 -3.21142465e-01 -1.14004754e-01  1.89930186e-01  5.19982874e-01
 -2.16761842e-01  2.22857893e-01 -6.12332702e-01  2.95493633e-01
  2.84136031e-02 -1.34325758e-01  5.20612411e-02  6.00141943e-01
  4.46128637e-01 -2.19194472e-01 -2.63187647e-01  2.70068914e-01
 -6.66370273e-01 -1.92106128e-01 -1.09655857e-01  1.40185669e-01
  4.27181572e-01 -6.18910193e-01  3.42524678e-01  1.05557755e-01
 -4.60060924e-01  1.79553807e-01  6.91560030e-01 -3.03360015e-01
  1.34927630e-01  1.07174411e-01  1.36668816e-01  2.11488659e-04]"
