Mora,Embedding
シ,"[ 1.63603336e-01  5.61111569e-01  9.63577688e-01 -2.53137738e-01
  2.56172061e-01  3.77693935e-03  6.68121040e-01 -2.36982659e-01
 -4.65715885e-01 -1.55674174e-01  4.12211478e-01 -2.10179478e-01
 -4.99211907e-01  2.61354506e-01  3.42842668e-01  2.63275474e-01
 -1.77709743e-01 -5.32054305e-01  6.49681985e-02 -6.26070611e-03
 -1.25149870e+00 -8.28390598e-01 -1.89384073e-01  6.71663284e-01
  2.07438827e-01 -9.78362501e-01  3.77800345e-01 -2.11091451e-02
  1.04807252e-02 -4.03985888e-01 -5.49396932e-01 -2.47840136e-02
 -1.91635624e-01  5.88911772e-01 -7.29784012e-01  2.90721714e-01
  2.35302493e-01 -5.32673478e-01  3.72516029e-02 -2.32694298e-01
  2.69700229e-01 -3.14180046e-01  1.98765814e-01  4.80454773e-01
  5.27459458e-02  3.14000607e-01  2.15839341e-01  8.33956525e-02
 -2.61348099e-01  2.62496650e-01 -6.32890701e-01  3.62549484e-01
  6.21737957e-01  2.13496968e-01  1.06652446e-01 -3.82269382e-01
  2.38241270e-01 -3.02271515e-01  3.15013081e-01  5.37103832e-01
 -4.60227698e-01 -5.21640889e-02  2.73281813e-01  2.33560175e-01
  4.40126993e-02  4.59627628e-01 -3.10776800e-01 -2.55873173e-01
  1.84489161e-01 -9.53016818e-01 -1.16699925e-02 -2.67543606e-02
  7.59125724e-02 -8.65208328e-01  6.29284382e-01 -1.13531232e-01
  1.74959049e-01  2.80857474e-01  7.98219964e-02  7.07317367e-02
 -8.50631669e-02  2.57181942e-01  5.51892519e-02 -4.44931746e-01
 -8.18901122e-01  9.33475047e-02 -6.96617007e-01 -6.23130858e-01
  3.71504366e-01  4.11418043e-02 -1.95469856e-01 -4.27931309e-01
 -4.14786547e-01  3.39911133e-01  4.86581028e-01  6.07203186e-01
  1.65332884e-01 -3.06674480e-01 -1.96098447e-01  2.70745069e-01
  3.15446079e-01 -1.98801577e-01  4.08902198e-01 -1.61339059e-01
  1.77288413e-01  1.85977116e-01 -3.70616257e-01  1.48716778e-01
  4.08792943e-01  2.12757394e-01 -5.67500591e-01 -1.41534701e-01
 -8.02746654e-01 -3.71534050e-01  1.98545009e-01  3.18036497e-01
 -5.26221037e-01  1.49696767e-01 -2.26424158e-01 -2.63807811e-02
  6.83838204e-02  5.67933559e-01  1.33882046e-01 -8.03805113e-01
  1.47024572e-01  5.01258194e-01  2.98709244e-01 -1.02923319e-01
 -4.27690059e-01 -2.98318058e-01 -5.08204043e-01 -3.89622480e-01
  1.46926427e-02  4.39901382e-01 -6.63587570e-01  5.56197882e-01
  2.44140953e-01  1.97624266e-01  3.07847504e-02 -3.10484916e-01
 -4.37712848e-01 -7.02986568e-02 -6.70259818e-02 -5.50451458e-01
  2.80624270e-01 -2.52366424e-01 -7.73504913e-01 -3.96372974e-01
 -3.38088036e-01 -2.59885877e-01  3.16100307e-02  1.26596892e+00
 -5.36586583e-01 -3.84549797e-01  3.12108517e-01  2.26555511e-01
 -7.50627458e-01  4.07783315e-02 -8.68369360e-03 -1.20559931e-02
  1.46507204e-01 -4.34125006e-01  3.76425385e-01  4.52755094e-01
  6.10721648e-01 -1.43308654e-01  1.21564254e-01 -2.17006564e-01
  8.92624035e-02  3.41462523e-01  8.29442620e-01 -4.34506573e-02
  6.89471722e-01  1.75456047e-01 -8.19169134e-02  3.93725932e-01
  8.95509422e-01 -3.23472381e-01 -2.85314228e-02 -3.22180778e-01
 -2.76332945e-01 -3.61938745e-01  2.55494118e-01 -4.93816763e-01
  6.15046442e-01 -7.14162290e-01  3.50738347e-01 -2.79103369e-01
 -3.05350870e-01 -1.47183865e-01  9.65518579e-02 -3.45172763e-01
  8.85943592e-01 -3.47847521e-01 -5.72144806e-01 -3.34402382e-01
  2.66456336e-01  1.63429365e-01 -5.65876484e-01  2.49374613e-01
  2.16334730e-01  1.26294568e-01 -6.11438192e-02 -6.54739439e-01
 -5.59577346e-01  4.15687710e-01  2.59343386e-01  3.45921442e-02
  1.85577556e-01  8.12051535e-01 -3.64490032e-01  2.77725369e-01
  5.67121744e-01  1.16499767e-01  1.13798089e-01  2.31491864e-01
 -1.07704923e-01 -4.00251538e-01 -8.44152346e-02 -1.93388820e-01
  6.97521329e-01 -3.22067261e-01 -5.72157919e-01  2.38063872e-01
  9.07755271e-02  4.22748774e-01  1.94230005e-01 -1.46908224e-01
 -1.11429714e-01  1.28377765e-01 -9.45113897e-01 -3.79291624e-01
 -8.43826830e-01 -3.37311447e-01 -4.89846915e-01 -6.03349268e-01
 -3.42031807e-01 -1.87918872e-01 -6.26741290e-01 -3.37494574e-02
 -1.44564360e-01 -4.07004058e-01  1.44591808e-01 -3.00484687e-01
 -1.69790462e-01  6.13060147e-02  3.16678523e-03 -3.22889864e-01
 -4.27733690e-01 -3.62180211e-02 -4.87673320e-02 -4.17041361e-01
  2.10702002e-01 -2.12283745e-01  1.03694344e+00  6.47431910e-01
  7.51720965e-01 -5.99120140e-01  4.85574543e-01 -4.26550001e-01
 -3.09426934e-01 -3.62140328e-01  3.36613059e-01  3.46474886e-01
  1.14484623e-01 -7.78585598e-02 -3.50176185e-01 -6.98029697e-01
 -8.47503781e-01 -5.56796730e-01  5.96597314e-01 -1.50695592e-01
  5.54423034e-02 -4.01285052e-01  1.51616141e-01  3.36203933e-01
 -6.12843335e-01  8.59668911e-01 -4.06478405e-01  4.37324733e-01
 -8.02108526e-01  9.65873659e-01 -5.92792965e-02 -8.89306068e-02
 -1.72614858e-01  4.76021051e-01 -8.32711518e-01 -5.10946847e-02
 -7.54189074e-01  9.48963881e-01  3.52217108e-01 -4.52993035e-01
  7.23286346e-02  2.32128352e-01  4.94474359e-02  4.08591211e-01
  4.25799489e-01  2.89515376e-01  4.38592046e-01  1.57430798e-01
  2.88930625e-01  1.98024437e-01 -1.14860736e-01 -3.20596963e-01
  2.44942352e-01 -1.75852269e-01 -2.82983601e-01  5.00118911e-01
  2.65005648e-01 -1.70627415e-01  6.26630843e-01  4.88212436e-01
 -5.54039836e-01  4.73126680e-01  8.14007580e-01  3.70932430e-01
 -1.26522517e+00 -4.62719977e-01  3.85998785e-01  2.01425612e-01
  1.43208772e-01 -2.41515085e-01  4.11659509e-01  5.12628376e-01
 -3.45255584e-01 -3.80812168e-01  1.24181926e+00 -2.67702967e-01
 -3.13587397e-01  1.96126342e-01  3.14073890e-01 -2.26803899e-01
  1.97941273e-01 -6.14944696e-01  1.07354991e-01  6.05356038e-01
 -4.45777863e-01  9.98661444e-02 -7.48908669e-02  2.16349978e-02
 -3.33703101e-01  2.57237405e-01 -7.12485015e-01 -1.46129191e-01
 -8.59092250e-02 -1.52098253e-01 -2.60041326e-01  1.10747290e+00
  4.22103316e-01  8.08546960e-01 -1.01743996e+00 -5.56677103e-01
  9.52742025e-02  1.53047562e-01  2.62036294e-01 -6.84613287e-01
 -5.06963253e-01 -4.78540778e-01  1.73185542e-01 -4.43175822e-01
  2.96869427e-01 -2.47007281e-01  2.77859241e-01  1.82748139e-01
 -4.40009058e-01  3.02606106e-01  6.95116758e-01  1.92022532e-01
  3.09463501e-01  4.28770334e-01  2.22777292e-01  5.44481516e-01
  1.39733464e-01 -4.71071571e-01 -4.70793843e-02 -2.88962960e-01
  6.26677573e-01 -2.03951113e-02 -6.44016981e-01  4.26964521e-01
  3.35068583e-01 -7.75960758e-02 -2.38808498e-01 -6.17244720e-01
  2.93143153e-01 -4.81806278e-01 -1.96176425e-01 -3.97129536e-01
 -7.80908018e-02 -2.53324300e-01  1.00818324e+00  5.93216956e-01
  2.25838467e-01 -7.43759215e-01 -7.36458480e-01  1.43390253e-01
  2.10463963e-02  4.73305613e-01 -6.31350577e-02  2.00848415e-01
 -5.80213703e-02 -3.85002673e-01 -2.80049592e-01 -2.87430823e-01
 -4.90521938e-01 -1.70227587e-01 -3.80782664e-01 -1.47157148e-01
  8.08348581e-02  1.01589811e+00 -8.18671212e-02 -4.37057298e-03
  2.62422889e-01  9.21149552e-01 -3.35390031e-01 -1.73789158e-01
 -7.30690241e-01  3.33568841e-01  4.80212867e-01  2.59432256e-01
  4.18212950e-01  1.95657551e-01  6.45623922e-01 -2.13693246e-01
  1.78742424e-01  5.62320828e-01 -9.52494293e-02 -4.65902001e-01
  5.89449584e-01 -3.53551835e-01  5.18576503e-01  5.02124608e-01
 -2.37696528e-01  5.33088624e-01 -5.82868397e-01 -3.41817796e-01
  1.96036562e-01  4.39268559e-01  1.02159917e-01  7.31368437e-02
  5.08945584e-01  7.32358634e-01  6.20243400e-02  5.34525454e-01
 -1.53113946e-01  2.23901365e-02 -4.30824012e-02 -3.57109845e-01
  3.91505152e-01 -1.26716554e-01  4.57513362e-01  7.47415841e-01
  7.45801553e-02  3.34050059e-02  4.64789659e-01  3.22117567e-01
 -1.32783830e-01  4.43664342e-01 -2.16353476e-01 -8.20769295e-02
 -4.78877872e-01  5.29356718e-01 -4.33604360e-01  6.95783198e-02
 -2.83975571e-01 -6.94778040e-02  3.94160777e-01 -4.52841341e-01
  3.87324691e-01 -5.11859715e-01 -9.78059590e-01 -8.96248102e-01
 -1.04058635e+00 -3.77825201e-02 -6.19799137e-01  1.91784561e-01
  4.33692962e-01  3.37722838e-01 -5.85271358e-01  5.86609483e-01
  5.23256540e-01  4.36906874e-01  2.11797580e-02 -3.00570160e-01
 -3.29498142e-01 -4.39510107e-01 -2.45361894e-01  1.29090101e-01
  1.25719383e-01 -1.49542749e-01 -4.85604465e-01 -3.82494986e-01
 -2.38695383e-01 -1.57915473e-01 -7.22726732e-02 -3.96916449e-01
  2.52207041e-01  3.05159539e-01 -8.78956556e-01  4.76449668e-01
 -2.94450581e-01  4.68497962e-01 -4.81890261e-01 -3.45439583e-01
 -2.33464584e-01 -6.99124783e-02  1.46506466e-02  5.08740425e-01
  5.97614706e-01 -3.36241394e-01  3.17217082e-01  1.04651940e+00
  3.05898547e-01 -6.56388164e-01  2.83049121e-02 -3.90717566e-01
 -8.86869013e-01  5.47399879e-01  1.71412870e-01  5.07201314e-01
  3.82300287e-01 -3.45996581e-02 -7.65721858e-01 -2.35219523e-01
 -1.58159360e-01 -6.66702092e-01  6.33459628e-01 -5.27844906e-01
  6.03116572e-01 -1.00139427e+00  4.27998066e-01 -4.41523343e-01
  6.44017681e-02 -3.05156887e-01  4.91352290e-01 -1.68144673e-01
 -5.52774727e-01 -1.37960762e-01 -4.20004010e-01 -4.03524876e-01
  7.79307544e-01  4.22886670e-01 -6.71458542e-01  7.57039905e-01
  8.81175041e-01  2.14556932e-01  1.86129939e-02 -1.68943759e-02
 -4.29343402e-01  5.67590781e-02  1.42172739e-01 -2.25387812e-02
  6.03763223e-01  5.61386764e-01 -3.29905719e-01 -3.26231331e-01
  8.16208720e-01  1.29227236e-01  4.44275558e-01 -4.90773432e-02
 -5.76477528e-01  1.52885646e-01 -1.82719082e-02 -2.00882480e-01
  3.78912129e-02  7.83524573e-01 -4.60827529e-01  5.39143980e-01
  5.29404819e-01  2.07973700e-02 -1.17460554e-02  1.48646772e+00
 -3.43136042e-01  7.31328011e-01  3.37306947e-01  3.41524363e-01
 -8.93943369e-01  3.84448409e-01  6.33160949e-01  2.41828486e-01
  9.61683840e-02  8.83182585e-02 -3.43893796e-01 -5.76559842e-01
  7.11446762e-01 -8.87278855e-01 -9.04211588e-03  2.59813726e-01
  5.65520227e-01 -1.51020244e-01  8.81471992e-01  5.15365481e-01
  7.14452118e-02  3.47704649e-01  2.73196846e-01  7.52917647e-01
  4.35855448e-01 -9.34442356e-02  7.08543539e-01 -5.22925794e-01
 -6.61077797e-01  5.14232039e-01 -4.63536829e-01 -2.70550586e-02
  9.68362018e-02 -5.85820258e-01 -4.64604139e-01  5.28101861e-01
  5.53121328e-01  3.62198144e-01 -2.89152026e-01 -3.39333653e-01
 -7.22410977e-02  8.00727010e-02 -2.96876937e-01  2.65658528e-01
 -1.76449239e-01  7.62426972e-01  3.61016214e-01  1.73849866e-01
  2.63490468e-01  3.82313341e-01 -9.09759626e-02 -7.05301836e-02
  4.68845516e-01  1.79444313e-01  2.47649342e-01 -3.59204039e-03
  4.73301470e-01  3.41785736e-02 -4.40897405e-01  7.78917253e-01
 -3.33704561e-01 -5.44424772e-01 -2.70071059e-01 -3.57808471e-02
  3.64897400e-01 -1.81391388e-01 -2.01868527e-02 -3.40008408e-01
  2.28847831e-01  1.52716920e-01 -7.29587078e-01  2.88266450e-01
  3.66138697e-01 -1.49304062e-01  1.14134274e-01 -1.71195582e-01
 -3.95289660e-01 -6.54736280e-01 -2.20074251e-01  4.37257811e-02
 -1.17882323e+00 -3.56144339e-01  6.80303812e-01  1.58449277e-01
 -3.37136328e-01 -1.18336618e+00  4.72523868e-01 -3.65001768e-01
  4.75816190e-01 -7.74253085e-02 -5.39039373e-02  1.83478847e-01
 -1.41189367e-01 -3.53323489e-01 -3.16048354e-01 -2.00425401e-01
 -9.85924721e+00  2.97644973e-01 -1.24877118e-01 -4.89321053e-01
  1.11029655e-01 -3.54481637e-01  4.84276652e-01  6.80180073e-01
 -3.70484024e-01  5.96631408e-01 -4.41550702e-01 -2.75892943e-01
  6.81962550e-01 -1.87635437e-01 -3.18950176e-01 -2.50903785e-01
 -5.99779427e-01 -4.29402709e-01 -2.56298244e-01  1.98815390e-01
 -2.07847580e-02 -1.33887872e-01  1.02630436e+00  6.93728983e-01
 -2.52547532e-01 -2.98883885e-01  2.51271397e-01  4.53359067e-01
  3.67264807e-01  6.86093122e-02 -5.70196271e-01  6.50061727e-01
 -3.53747904e-01  1.91726416e-01 -1.36249721e-01  1.31582379e-01
  3.13424826e-01  3.74453850e-02 -4.94371414e-01  2.52475470e-01
  5.20692050e-01 -1.47162408e-01 -5.39980233e-01 -6.79523051e-02
  5.88387609e-01 -5.37824452e-01 -9.84445810e-02  2.44418249e-01
  7.35999703e-01 -1.32617310e-01 -2.00176045e-01 -2.77599722e-01
  6.80311143e-01 -1.87823802e-01  1.43186361e-01 -6.00769650e-03
  6.81607246e-01 -3.22454154e-01 -2.20514849e-01 -5.97079456e-01
 -3.22564691e-01 -1.35977179e-01  2.45767385e-01  7.95433998e-01
 -1.36381760e-01  3.45778793e-01 -3.19691539e-01  6.21876642e-02
 -7.23689795e-01 -1.56849295e-01  3.80473137e-01  5.97694278e-01
  3.61764669e-01 -7.59989321e-02  2.41424039e-01  2.31006801e-01
 -6.27083957e-01  3.99850421e-02  3.88293356e-01 -8.10375810e-03
  1.01581670e-01 -6.11351907e-01 -2.39075180e-02  9.02662575e-01
 -7.92504013e-01 -4.10769917e-02  1.70538336e-01 -1.09856233e-01
  4.10794824e-01 -3.28421772e-01  1.15346745e-01 -2.10215241e-01
 -4.22236502e-01  5.11194885e-01  2.24089339e-01 -5.37134349e-01
  1.26098305e-01  1.60041273e-01 -1.52237881e-02 -6.84546590e-01]"
ン,"[ 3.17613687e-03 -6.07978404e-02  8.68006200e-02 -6.61807656e-01
  1.11189066e-02  3.26512426e-01  1.91664413e-01 -4.04566735e-01
 -4.29208189e-01 -4.08304513e-01  5.46361029e-01  2.07058281e-01
 -3.82692397e-01  6.25517517e-02  7.95114398e-01 -4.42884237e-01
  3.12596262e-01  3.43851298e-01 -5.23972958e-02  5.17843142e-02
  9.78624746e-02 -5.57179034e-01 -2.74719983e-01  4.72691730e-02
 -4.59600277e-02 -3.68633270e-01  2.24446252e-01 -8.23124871e-02
  9.83265489e-02 -2.37664342e-01  1.59143001e-01 -4.42582101e-01
 -8.01399499e-02 -2.66500235e-01 -3.09830289e-02  1.08848056e-02
 -6.90804943e-02  2.67906427e-01  2.06370443e-01  1.93275303e-01
  1.47970796e-01  7.63707468e-03  1.94862664e-01 -1.71204269e-01
 -5.28566688e-02  1.62715256e-01 -8.94470736e-02  1.00410804e-01
  5.91101348e-01 -2.88962901e-01  1.37422949e-01  5.50191760e-01
  4.75078493e-01  1.71626002e-01 -6.01437613e-02  3.18500221e-01
  8.22449863e-01 -5.57417631e-01 -1.14977181e-01  1.27614051e-01
 -5.70630729e-01  2.01447353e-01 -3.59570861e-01  2.33215570e-01
 -2.31568545e-01  1.06435306e-01  3.59065235e-02 -1.41760200e-01
 -3.78113747e-01 -3.54009688e-01 -2.74864323e-02  4.02396023e-01
 -6.04655266e-01 -3.35921586e-01  5.04861295e-01 -1.39341205e-01
  3.97652686e-01 -1.79454118e-01  2.27434691e-02  1.81479022e-01
 -1.18774094e-01  2.26871729e-01 -9.03581604e-02 -6.76216125e-01
  5.69993667e-02  2.46051811e-02 -2.30012953e-01 -5.12059629e-01
  1.24878541e-01 -4.49353546e-01 -1.13327712e-01 -2.07393631e-01
  3.07430148e-01  1.45306038e-02 -1.84143722e-01  1.83727786e-01
 -6.20439947e-02 -2.28585601e-01 -8.33185613e-02 -1.28377341e-02
 -4.64905530e-01  2.86150634e-01  1.15068398e-01  1.07643448e-01
  5.51507473e-02  1.07568718e-01 -1.80956811e-01  3.81249785e-01
 -1.39119878e-01  4.46294099e-01  2.86272138e-01 -2.63554543e-01
 -2.67962813e-01  5.20831123e-02 -1.24907292e-01  2.64774775e-03
  2.67717317e-02  2.46902078e-01  3.02001107e-02  3.71081442e-01
 -1.09858617e-01  4.69937414e-01  5.87188080e-03 -6.16717003e-02
 -2.28099138e-01 -1.40672177e-01  7.04468787e-02 -3.09187949e-01
 -7.20217265e-03 -3.81282210e-01  1.61726072e-01 -4.14503291e-02
 -5.85693121e-01  2.54744262e-01 -1.13806263e-01  4.81149107e-01
  1.30574569e-01  7.83994868e-02 -3.91741931e-01 -5.68801582e-01
 -3.19120549e-02 -2.43827060e-01  3.64306957e-01  9.48860645e-02
 -1.71864644e-01  2.71617740e-01  3.19801271e-01  1.31136999e-01
  7.37638891e-01  5.04436970e-01 -2.00155348e-01  7.39304841e-01
 -4.96624589e-01 -5.09211002e-03  2.59334475e-01 -1.62421137e-01
 -4.99266744e-01  4.15181309e-01 -1.08698241e-01  6.08009756e-01
  1.55262813e-01 -3.18141460e-01  2.96795756e-01  8.42025757e-01
  1.29516676e-01  7.17563033e-01  3.21345001e-01  4.22184765e-01
  6.05125904e-01  5.96647143e-01 -1.65656701e-01  5.46399534e-01
  3.13374668e-01 -3.28739911e-01  2.96329826e-01  5.74971503e-03
  3.74555811e-02  5.07695258e-01  1.68163180e-01 -9.26605403e-01
 -1.95722863e-01  1.94184914e-01  5.22578396e-02 -4.19142753e-01
  7.75595307e-01  6.69464469e-03  5.30292153e-01  2.60510147e-01
 -6.96816519e-02 -1.84170589e-01 -3.72766554e-02 -9.85671952e-03
  2.62230158e-01 -4.05326307e-01 -5.70496500e-01 -1.91451058e-01
  9.44606438e-02  5.08277006e-02 -4.83355403e-01  4.18068171e-01
  3.13399851e-01 -3.69711295e-02 -2.73024946e-01 -8.95397723e-01
 -8.14264417e-01 -2.51998007e-01 -1.53145298e-01  2.97361761e-01
  1.47576453e-02  9.84799936e-02 -2.79979825e-01 -3.44386131e-01
  3.40916514e-01  6.03276640e-02  2.96489507e-01 -5.70669658e-02
 -9.99072969e-01  2.38197539e-02  4.89080735e-02 -3.46764252e-02
  1.86461926e-01  1.58124045e-02  2.86242902e-01 -5.11531234e-01
 -2.33803719e-01  1.35309905e-01  1.60846829e-01 -2.10655406e-01
  1.54798746e-01  5.37417233e-01 -6.63324967e-02 -1.90049887e-01
 -8.29337060e-01  2.21803054e-01 -4.50445712e-02  4.05446231e-01
 -6.59997702e-01  6.99217796e-01  1.81041267e-02 -2.42955773e-03
  5.48265994e-01  3.27879101e-01  1.13901928e-01  2.34907120e-01
 -3.64142329e-01  3.44855964e-01  1.52600616e-01 -4.32588935e-01
 -6.53170884e-01 -5.37963450e-01 -9.27617610e-01 -3.59889865e-01
 -8.56102630e-02  1.10338099e-01  4.77373540e-01  9.74730402e-02
  2.28224918e-01 -4.77896720e-01  1.22330181e-01 -3.65375876e-01
 -3.75363022e-01 -4.72373843e-01 -2.52517253e-01  3.11940946e-02
 -1.93095580e-01 -2.20293105e-01  8.52293335e-03 -5.55094838e-01
 -7.38495648e-01  1.60837919e-01  7.88786188e-02 -3.68390322e-01
 -4.11453336e-01  6.41935840e-02 -1.21346146e-01 -3.29597801e-01
 -1.12583721e-02  2.54391462e-01 -3.79724205e-01 -2.08807196e-02
 -6.49289191e-01  6.13862753e-01 -6.30755723e-01 -3.39933723e-01
 -1.04494296e-01  1.66841224e-02 -1.44660562e-01 -4.67879236e-01
 -1.89699382e-01  7.63560593e-01  2.99068868e-01 -1.38578862e-01
 -3.64135116e-01 -4.97943729e-01 -5.78303158e-01  4.36944693e-01
  4.17651296e-01  1.07447378e-01  8.78961757e-02  4.02312696e-01
  5.33405006e-01  1.97818547e-01  2.84468293e-01 -1.84748411e-01
 -2.36684322e-01 -2.72533864e-01 -1.30634427e-01  6.27033412e-02
  4.48220760e-01 -3.05838406e-01 -1.22567318e-01  9.93842244e-01
 -4.59341526e-01 -3.65406692e-01  7.31888354e-01 -6.70155808e-02
 -1.39971960e+00  2.08987743e-01  4.64135826e-01  3.39649886e-01
 -4.81524795e-01  7.12354779e-01  1.87801823e-01  5.76931000e-01
 -2.34410152e-01 -4.89848614e-01  5.67231834e-01 -1.24762781e-01
 -4.13682163e-01  4.25400406e-01  1.54349640e-01 -5.03200829e-01
 -8.71274900e-03 -4.59089309e-01 -2.12643519e-01  4.48241919e-01
 -1.86276466e-01 -2.74078120e-02  1.12516331e-02 -4.01343137e-01
 -2.44004950e-01  3.09017986e-01 -1.48792658e-02 -5.37410796e-01
 -5.53410411e-01 -2.89433151e-01  3.39350790e-01  1.05810380e+00
  1.44974336e-01  6.22008622e-01 -4.68728423e-01  4.52818841e-01
  3.88497591e-01  1.07368588e-01  5.57179749e-01  2.76418477e-01
 -2.42470354e-01 -2.15807959e-01  5.62711298e-01  4.15305495e-01
  1.06074534e-01 -4.43860218e-02  1.33653417e-01  6.35653511e-02
  1.82625905e-01 -1.05584092e-01  6.50277615e-01 -1.41808420e-01
  3.53652328e-01  5.14618933e-01  2.33099461e-01 -9.00570750e-02
  7.81622529e-02 -4.57689911e-01  1.09429002e-01 -8.40636492e-01
  5.04574835e-01 -2.83449870e-02 -2.18085330e-02 -5.20893447e-02
 -1.03149295e-01 -4.37160015e-01 -1.79494787e-02 -1.39989480e-01
  2.67539263e-01 -5.08157313e-01 -5.33895075e-01  1.07774056e-01
 -6.89213574e-02 -2.83149242e-01  1.71120137e-01  3.12902868e-01
  4.28791821e-01 -5.32688439e-01 -4.09486890e-01  7.73353815e-01
  1.62159633e-02 -7.25411298e-03  5.61429620e-01  1.17548563e-01
 -7.60221034e-02 -2.11329386e-01 -4.42888379e-01 -2.04645008e-01
 -7.78024912e-01 -3.56423646e-01 -4.52841729e-01  2.16080964e-01
  2.36276343e-01  3.22584599e-01 -1.11663848e-01 -4.70034219e-02
  7.03728721e-02  1.37324661e-01 -6.32245988e-02 -6.52181864e-01
  2.31035039e-01 -1.59226939e-01  5.89680910e-01  8.06764603e-01
  1.58732638e-01 -2.73249149e-01 -1.71576813e-01  2.11646900e-01
  2.31354371e-01  1.23028457e-01 -6.48590446e-01  1.93797164e-02
  5.92741907e-01 -9.51088667e-02 -2.24315897e-01  1.12371504e-01
  3.11464936e-01  4.61230457e-01 -2.76660681e-01 -3.82485032e-01
 -3.53952907e-02  3.31824541e-01 -5.21954633e-02  3.87284011e-01
  9.41041410e-02  1.02863395e+00  2.51859516e-01 -7.52753988e-02
  2.33967155e-01 -3.08179170e-01 -7.24743828e-02 -2.20114797e-01
  2.93157399e-01  1.90492213e-01  9.27618966e-02  5.09248078e-01
  1.10045530e-01 -3.63772511e-01 -2.76042730e-01 -8.28023702e-02
  3.29618990e-01  1.68551907e-01  9.73466262e-02  2.86636442e-01
 -5.14961481e-01 -3.74912634e-03 -3.45947295e-01 -4.57727015e-01
 -1.33094743e-01  1.08476266e-01  6.00565195e-01  1.60536230e-01
  5.43937564e-01 -5.33170700e-01 -3.25734526e-01 -3.71145517e-01
 -4.54083532e-01 -1.34091273e-01 -2.62034595e-01  2.08984196e-01
  1.86641410e-01  1.43626943e-01 -4.56720203e-01 -3.66131932e-01
 -8.83623958e-02  3.65077525e-01  2.15740874e-02 -1.00308716e+00
 -4.10585403e-01  6.31158948e-01 -1.84855133e-01 -3.69897455e-01
  1.03659995e-01  2.36632690e-01  1.72609523e-01 -2.16003954e-01
 -2.13409830e-02 -1.68961227e-01  3.04128975e-01 -1.61232110e-02
  4.92134273e-01 -9.64426622e-02 -2.04459786e-01 -3.32964689e-01
  5.66480383e-02 -2.57824510e-01 -3.34034473e-01 -5.72498620e-01
 -3.06880534e-01 -4.57549095e-02  1.79456457e-01  1.16783254e-01
  4.51031655e-01 -2.44654551e-01  4.98524696e-01  3.15715522e-02
  1.46785304e-01 -9.06953961e-02  2.86881000e-01 -2.87588745e-01
 -1.96511522e-01 -1.93210766e-01  5.32663286e-01  2.68179744e-01
  3.17699850e-01 -2.00333640e-01 -5.33043921e-01 -1.28149822e-01
 -2.39200979e-01 -5.19485593e-01  5.82714915e-01  9.00339633e-02
  5.45618236e-01 -1.83607638e-01  2.24078834e-01 -1.90752864e-01
 -1.51288521e-03 -3.93022567e-01 -1.05430625e-01 -1.07825808e-01
 -8.34050000e-01 -1.86623216e-01 -3.21225554e-01 -4.42048252e-01
  5.20093322e-01  2.66908616e-01 -6.01378739e-01 -3.17012846e-01
  1.42521292e-01 -3.42735127e-02 -4.50731009e-01 -8.93237889e-02
 -5.12572050e-01  1.82778418e-01  4.87899512e-01  4.28265184e-01
  4.14472908e-01 -2.68916726e-01 -6.81961894e-01  1.48743704e-01
  7.06680298e-01  1.27625644e-01  2.58611500e-01  1.33899599e-01
 -6.30201921e-02  6.87753735e-03 -3.61166924e-01  5.99597991e-01
  3.28471392e-01  6.11234367e-01 -1.59367308e-01  5.79657137e-01
  5.70499778e-01 -2.03969046e-01  2.70966887e-01  9.04450119e-01
  3.97225410e-01  6.36755407e-01 -5.77708259e-02  3.68234590e-02
 -5.47057211e-01  2.95317620e-01 -2.78408259e-01  2.50532746e-01
  2.95597583e-01 -3.87314558e-01 -1.06711723e-02 -4.47060823e-01
  5.82158118e-02  3.54063928e-01 -2.57291913e-01  6.40492439e-02
 -1.53027967e-01 -5.27771890e-01  3.81747633e-01 -1.58414677e-01
 -7.10591152e-02  1.84038460e-01 -3.50280739e-02  4.53729361e-01
  5.28607190e-01  2.89910972e-01 -4.13019881e-02  2.18813434e-01
 -6.56645000e-01  8.71488005e-02 -4.67824578e-01  2.55652428e-01
  8.07451427e-01  1.06632136e-01 -7.05801308e-01  1.14724427e-01
  7.12393165e-01 -3.56042296e-01  6.12720251e-02 -1.09155071e+00
 -1.83731511e-01 -1.11092418e-01  1.16029590e-01  1.15147159e-01
 -1.75462157e-01  4.96920139e-01 -3.07970017e-01 -1.20885350e-01
 -2.61702031e-01  7.54705608e-01  6.75808936e-02 -2.03601196e-01
 -8.34806710e-02  5.29114045e-02 -5.20556681e-02  2.55377173e-01
  5.19331433e-02 -4.06432241e-01  1.17533110e-01 -4.00002636e-02
 -2.94865906e-01 -2.02174541e-02  4.06660765e-01  1.87807217e-01
  2.56806910e-02  2.26845756e-01 -4.00772244e-02 -8.69129181e-01
 -2.08236724e-01  3.32490236e-01 -9.42822278e-01 -7.35208243e-02
 -1.42976373e-01 -1.13643274e-01  3.54890704e-01 -1.47615075e-01
 -3.49446923e-01  1.57335289e-02 -2.95113206e-01 -5.24454191e-02
 -1.21971622e-01 -5.85670590e-01 -6.85122907e-02  2.01101497e-01
 -9.97806042e-02 -1.07491338e+00  1.43380091e-01  1.80716157e-01
  3.34964663e-01  5.05462624e-02  5.15951395e-01  2.37292767e-01
  3.97394374e-02  4.21320677e-01 -2.29931965e-01  1.79247186e-01
 -1.03820820e+01 -4.44893003e-01 -3.65293264e-01 -1.83305487e-01
 -3.69284958e-01  4.92114902e-01  6.92190528e-01  3.03514808e-01
 -2.52415985e-01  4.12858665e-01 -3.01866412e-01  2.48289540e-01
  1.43474624e-01  9.37308729e-01 -4.28608716e-01 -1.82765752e-01
  3.00782621e-01  8.21121186e-02  6.40494302e-02  3.10793161e-01
 -2.13016227e-01 -4.07034278e-01  6.02096558e-01  7.59041309e-02
 -6.83071688e-02 -3.66577953e-01 -2.48921990e-01  2.34104961e-01
 -1.81457207e-01  1.10360451e-01 -6.09164238e-01  5.34744024e-01
  1.00308433e-01  3.63924474e-01 -7.44879067e-01 -2.30176792e-01
 -8.91357064e-02  2.33388156e-01  3.84759128e-01  5.59588253e-01
 -8.36476907e-02  6.77435100e-01  2.64930218e-01 -4.22809809e-01
  8.53337288e-01 -2.34485701e-01  3.33837777e-01  5.19216418e-01
  2.75016248e-01  1.35407135e-01 -1.36321679e-01 -6.43802226e-01
  4.21624165e-03 -4.34754133e-01 -1.33099556e-01 -1.42282978e-01
  3.30442816e-01 -6.97705925e-01  3.30822952e-02 -1.12732790e-01
  4.78639036e-01 -2.73013711e-01  6.63694620e-01 -5.87224513e-02
 -3.25073451e-01 -1.60571501e-01  6.56867251e-02  6.94627881e-01
 -5.97562611e-01 -2.92080969e-01  5.59029043e-01 -2.73032725e-01
  2.16637284e-01  4.05589044e-01 -4.60919708e-01  2.65621245e-01
 -1.92683697e-01 -1.77279994e-01  1.11961389e+00  7.46123493e-02
  4.50416654e-01 -4.80197296e-02 -4.25727963e-01  1.74755409e-01
 -1.07366514e+00  4.93901521e-01 -1.73196644e-01  1.24258988e-01
  3.95558953e-01 -4.19577271e-01  5.82466722e-01  1.52464572e-03
 -3.31682295e-01  1.18207902e-01  4.81196791e-01  6.66705295e-02
  4.59523231e-01  7.95234889e-02  9.23289955e-01  1.36794508e-01]"
コ,"[-3.40031236e-02  8.18359554e-01  2.43368626e-01 -5.56144714e-01
  2.80287147e-01  6.06937468e-01  6.05787814e-01 -6.49851501e-01
 -5.27460337e-01 -8.74856338e-02  5.27706683e-01 -1.51821449e-01
 -3.97614658e-01  4.72632051e-02  2.96691686e-01 -4.14127946e-01
  2.93983459e-01 -3.02294623e-02  3.46110873e-02 -2.14860544e-01
 -4.73697275e-01 -9.39324856e-01  1.81948498e-01 -6.29787818e-02
  1.37610927e-01 -5.49549222e-01  7.73554146e-02  3.99033368e-01
  2.39412144e-01 -1.20417230e-01 -3.43516842e-02 -6.02576971e-01
 -1.76644072e-01 -5.22153318e-01 -8.69409442e-02 -2.00160295e-01
 -1.84772238e-01  1.02109909e-01 -2.83956826e-01 -4.35639620e-01
  6.91074133e-02 -1.34097770e-01 -4.78954166e-01 -6.77442923e-02
 -7.04328865e-02  5.95569313e-01 -1.12009607e-01  5.03426671e-01
  4.22184706e-01  2.60098368e-01 -2.82476395e-01  2.81704605e-01
  4.87569511e-01  3.00828099e-01  5.40202819e-02 -1.70578212e-01
 -2.20259428e-02 -1.35105759e-01 -2.67725945e-01  6.10149316e-02
 -6.93861961e-01 -1.24004789e-01 -4.49293703e-02  2.43316486e-01
 -3.29383165e-01  2.82415420e-01 -2.80290097e-01 -5.05430140e-02
 -4.80194613e-02 -6.97480559e-01  3.62185657e-01 -1.86056301e-01
 -3.15920144e-01  9.36432481e-02  1.12326097e+00 -3.04470539e-01
  3.98620695e-01 -6.24346495e-01  4.29722220e-01 -9.46053937e-02
 -4.32018876e-01  4.25306380e-01 -2.56495237e-01 -5.73162973e-01
 -1.99533135e-01  5.59410453e-01 -8.60556006e-01 -8.51772189e-01
  7.52198517e-01  3.16954106e-02  1.14665784e-01  1.72239348e-01
  2.20329762e-01  3.43912691e-01  1.82003394e-01 -3.97315234e-01
  2.98139691e-01  7.17239156e-02 -4.53803241e-02  6.21352911e-01
 -5.47691822e-01 -3.27000111e-01  1.19758427e-01  1.09058693e-01
  2.52100050e-01  6.00410700e-02 -5.94386935e-01  5.30175269e-01
  1.43666342e-01  3.56762558e-01 -1.05631933e-01 -5.69109857e-01
 -5.39138019e-01  1.87002212e-01  2.95804799e-01 -1.87213555e-01
  9.66304690e-02  3.55871528e-01  1.03556737e-01  6.96730435e-01
 -1.13138989e-01  5.10706186e-01 -4.45971303e-02 -2.87576199e-01
 -1.72110781e-01 -1.58677682e-01  6.38342798e-01 -5.43034673e-01
 -2.40154698e-01 -6.30624294e-01 -1.48481414e-01  3.84620756e-01
 -8.77233505e-01  1.54931769e-01 -3.26643914e-01  6.34937525e-01
 -2.28713498e-01  5.75828850e-01 -5.07465661e-01 -6.15215182e-01
 -1.73314512e-01  1.26228094e-01  7.10624158e-01 -8.49522948e-01
  2.33728122e-02  1.52235493e-01  7.95869157e-04 -1.54659331e-01
  7.76271522e-01  4.53313589e-01 -2.08476968e-02  6.05333745e-01
 -7.55394220e-01  1.84092343e-01 -1.23584218e-01 -9.77719277e-02
 -4.35410231e-01  6.22624338e-01  7.95721710e-02  9.35803592e-01
  1.79002583e-01 -3.63964587e-01  2.90543884e-01  8.88212323e-01
  1.02122009e-01  3.86993051e-01  6.23167455e-01  2.50698775e-01
  5.90187073e-01  8.35399806e-01 -2.45349072e-02  6.25492156e-01
  3.34949374e-01 -4.87716913e-01  1.49089679e-01  5.92454612e-01
  5.16888976e-01 -3.16922404e-02  1.87372908e-01 -3.48076105e-01
 -3.00012857e-01 -1.27463996e-01 -3.67748946e-01 -5.24430752e-01
  5.27959585e-01 -6.38387740e-01  3.31762694e-02  2.40299806e-01
  6.82033598e-02 -7.42740110e-02 -1.41142756e-01 -3.52961153e-01
  2.40099296e-01 -6.40367925e-01 -4.44272518e-01  2.43649393e-01
 -4.15564120e-01  1.55024424e-01  2.12862402e-01  2.95139313e-01
 -1.17131069e-01 -1.79158852e-01 -4.97405112e-01 -1.40239155e+00
 -1.11215949e+00  2.01140746e-01  2.42208958e-01  9.74566042e-02
  1.29909083e-01  1.41460180e-01 -2.57268578e-01  2.15118565e-02
 -6.11172756e-03 -8.77538472e-02  3.59233856e-01 -7.25206137e-02
 -8.13828826e-01 -6.57663122e-02  4.47233528e-01 -9.12438035e-02
  3.20160508e-01 -3.82249147e-01  2.72036731e-01  5.85039780e-02
 -4.54798758e-01  3.14509869e-01  2.30412364e-01 -4.06691968e-01
 -8.03591907e-02  4.82664675e-01 -2.94177324e-01 -5.43042421e-01
 -9.27678406e-01  1.45620689e-01 -3.89038861e-01  2.60894358e-01
 -3.13992769e-01  3.50613832e-01 -2.99503386e-01  4.87678289e-01
 -1.00990638e-01 -5.68887115e-01 -2.37294547e-02 -2.46849686e-01
 -1.60343610e-02  4.77189988e-01  9.60796624e-02 -2.20960200e-01
 -7.21571147e-01  1.23716027e-01 -8.58770967e-01 -3.70252162e-01
  2.08493829e-01 -1.25054270e-01  8.56157601e-01  3.54532540e-01
  9.82189476e-02 -1.30364999e-01 -9.67959985e-02  3.54307964e-02
 -4.85871285e-01 -5.66526175e-01  7.79870674e-02 -2.44835049e-01
  2.38737687e-01 -1.70298427e-01 -8.43780786e-02 -7.32693553e-01
 -7.16245770e-01 -3.56674522e-01 -5.07580563e-02 -1.11444421e-01
 -3.71584117e-01 -3.26895833e-01 -3.95800918e-01  3.83227199e-01
 -1.37553915e-01  6.40039444e-01 -3.32488269e-01  4.13617432e-01
  3.78613770e-02  5.31190574e-01 -1.22279990e+00  2.42338732e-01
  2.64373302e-01 -9.07766521e-02 -2.55535871e-01 -1.07908785e+00
 -3.85602087e-01  4.62247461e-01  1.39149040e-01 -3.34768414e-01
 -1.34344980e-01 -7.55908713e-02 -3.67132366e-01 -1.54725164e-01
 -1.53716981e-01  1.45521075e-01 -3.18582170e-02  4.83611882e-01
  2.97614813e-01  1.73670217e-01  2.58747071e-01 -4.89936024e-01
 -5.40043533e-01  1.29702212e-02  1.32869467e-01 -1.38940036e-01
  6.00982368e-01  7.74345845e-02 -4.95811133e-03  1.19829559e+00
 -7.53678024e-01 -1.69955209e-01  1.04749227e+00  2.15753168e-02
 -1.37812638e+00  2.43046731e-01  5.06793678e-01  1.91017538e-01
 -1.75383016e-01  8.41663301e-01  1.72287852e-01  2.55304694e-01
 -4.19848680e-01 -4.21023011e-01  1.15853453e+00  2.63974041e-01
 -5.31793594e-01 -2.44952932e-01  7.17396021e-01 -1.82570085e-01
  4.60462362e-01 -2.99816877e-01 -4.18125063e-01  3.80264372e-01
 -3.56573641e-01 -9.74904448e-02  2.03913953e-02 -3.03174943e-01
 -7.90582418e-01  4.33789790e-01 -1.92611724e-01  5.28056026e-01
 -7.42500722e-01 -2.97957629e-01  4.02795643e-01  1.20531130e+00
  6.39519632e-01  6.79526448e-01 -2.82252878e-01  2.15375517e-02
  7.73160398e-01  6.30646646e-02  4.17632610e-01  1.84704646e-01
  1.45980671e-01 -4.25112963e-01  9.14489031e-01 -1.27254620e-01
 -4.63717103e-01  3.19115907e-01  5.11827409e-01  6.51170254e-01
  1.09212166e-02 -2.18484193e-01  4.71887678e-01  8.35557431e-02
  7.72223771e-01  9.56755221e-01  6.26986265e-01  6.76405504e-02
  2.78371871e-01 -2.52559930e-01  7.70499945e-01 -5.13050497e-01
  4.04873602e-02  1.69144586e-01 -5.06784245e-02 -4.09605026e-01
 -7.89666891e-01 -9.51197669e-02 -1.90251738e-01 -4.23296779e-01
 -4.16331172e-01 -9.04510736e-01 -8.18772376e-01  2.47665361e-01
  4.80200946e-01 -7.86351085e-01  1.25358924e-01  2.82301158e-01
  3.99951339e-01 -5.53323090e-01 -2.05699444e-01  2.42023602e-01
 -4.31606293e-01  1.18376680e-01  1.86674267e-01  4.33183640e-01
 -4.52770084e-01  8.33026096e-02 -4.70022619e-01 -2.19578043e-01
 -9.30724025e-01 -6.14590228e-01 -4.82733667e-01  8.83011818e-02
  2.60424078e-01  4.40565169e-01  1.60905376e-01  4.12852436e-01
 -2.53472418e-01  6.70503825e-02 -1.84876829e-01 -4.45384949e-01
 -1.38996065e-01  4.67279851e-01  2.47606084e-01  6.31031334e-01
  1.70158848e-01  5.18903196e-01  3.59810628e-02  1.59394083e-04
  6.37744069e-02 -4.33488116e-02 -3.50952476e-01 -3.59039009e-01
  6.87483430e-01 -1.52769506e-01 -1.09389797e-01 -3.22362743e-02
 -4.38390486e-02  7.21520543e-01 -6.34018928e-02 -1.10090613e+00
 -1.57892734e-01  3.41296405e-01  8.62532109e-02  3.65873307e-01
  3.95502239e-01  1.09564686e+00 -2.06748605e-01  2.04002485e-01
  5.86377323e-01 -7.85374492e-02  7.58567274e-01 -3.16875279e-02
 -2.84819245e-01 -3.17162216e-01  1.47566512e-01  6.65841460e-01
  6.79170862e-02 -1.07560135e-01  2.48768359e-01  4.16045189e-01
 -2.99391717e-01 -1.97558269e-01  3.30075651e-01 -9.90340039e-02
 -6.71737075e-01 -3.46156269e-01 -5.35025001e-01 -6.36352241e-01
 -1.34762287e-01  3.77500027e-01  2.80994862e-01 -4.31473274e-03
  4.33102727e-01 -6.10811472e-01 -6.75711572e-01 -4.98841137e-01
 -9.49790061e-01  3.83423924e-01 -2.04540879e-01  5.66437304e-01
  5.67321777e-01  5.19686155e-02 -5.26067436e-01  2.73315936e-01
 -1.19956948e-01  4.37942624e-01  8.92815590e-01 -3.02216083e-01
 -1.61841691e-01  4.91000712e-01 -1.36516541e-01  6.80396140e-01
 -2.31352121e-01  1.73795685e-01 -3.02254379e-01 -3.17599215e-02
 -8.61420557e-02  1.39808625e-01  3.32722031e-02 -5.36412954e-01
  8.43076706e-01  1.15854286e-01 -3.74888450e-01 -4.09248322e-01
 -6.42643034e-01 -1.10807993e-01  4.49589521e-01 -7.45605767e-01
  2.17578318e-02 -6.09686315e-01  1.93664342e-01  6.53223693e-01
  8.42315733e-01 -6.93938136e-01  4.56017166e-01  1.89332709e-01
  7.64791220e-02 -1.87673971e-01  2.29304031e-01 -3.87045652e-01
 -3.21306914e-01  4.00711372e-02  5.27030945e-01  1.77018955e-01
  6.84628606e-01 -5.61532855e-01 -8.35055828e-01 -5.50360084e-02
 -2.28319854e-01 -6.27835453e-01  3.52906764e-01  7.03449324e-02
  2.99848020e-01 -5.31550109e-01  2.19050184e-01 -7.14979172e-01
  5.29027820e-01  3.57724875e-01  1.50618061e-01  9.88623574e-02
 -7.47942328e-01 -1.62821457e-01 -4.41728026e-01 -9.56836641e-01
  4.63358998e-01  4.12965864e-01 -8.09680045e-01  2.92298663e-02
  4.38703060e-01  5.18194199e-01 -6.92168474e-01 -5.76343417e-01
 -3.93741280e-01  9.18499455e-02  4.85231012e-01  2.01218501e-01
 -2.92095225e-02  1.40590826e-03 -3.01596671e-01  1.65906876e-01
  5.81577837e-01  6.98478281e-01  6.66153252e-01  9.39693525e-02
 -2.94664018e-02  1.55121654e-01 -7.05009222e-01  5.15378006e-02
 -2.03845084e-01 -1.34968176e-01 -5.61633892e-02  9.25351322e-01
  5.31623602e-01 -4.03094798e-01 -1.51008889e-01  9.34486568e-01
  4.13570940e-01  8.28534424e-01 -4.16184038e-01 -1.79562360e-01
 -4.56801862e-01  4.43943411e-01  1.18514307e-01 -2.82733023e-01
 -1.11502949e-02 -1.11879811e-01 -3.39961082e-01 -2.81307280e-01
 -3.18983853e-01  2.75723249e-01  6.29651472e-02  2.88141757e-01
  1.76223144e-01 -2.62073815e-01  4.36531037e-01 -2.49325544e-01
 -4.77575183e-01 -1.89346969e-01  4.37821686e-01  1.73898518e-01
  7.86911190e-01  2.15352759e-01  2.70626277e-01 -3.22856337e-01
 -9.98281896e-01 -3.61847103e-01  3.10712487e-01  3.70376438e-01
  7.74248183e-01 -7.68168449e-01 -5.58015406e-01  1.15990505e-01
  2.89381862e-01 -5.41180037e-02  9.31880623e-02 -9.02059972e-01
 -3.80132139e-01  1.89359561e-01 -6.94767594e-01  3.49366009e-01
  2.77846783e-01  1.84967622e-01 -2.18699008e-01 -4.49166149e-01
  6.59638345e-02  5.69992125e-01 -1.78454325e-01 -5.48816741e-01
  3.58918577e-01 -4.75102440e-02 -5.17831855e-02  1.53852642e-01
  1.20168254e-01 -5.57288192e-02 -3.42426635e-02  1.67805642e-01
 -4.46234524e-01  5.53899184e-02 -2.60110736e-01  3.95022452e-01
  2.41767475e-03  2.88103372e-01 -1.59017786e-01 -1.04087019e+00
  8.51010457e-02 -1.17336260e-02 -4.97439772e-01 -3.01034570e-01
 -2.17571869e-01 -3.18164945e-01 -1.54365450e-02 -1.19722486e-01
 -2.46728197e-01  3.23862582e-01 -3.17559153e-01  5.85205019e-01
 -1.22650959e-01 -6.32888436e-01  3.05619657e-01  3.99862498e-01
 -3.82739812e-01 -8.35300505e-01  3.57702881e-01  4.12165910e-01
  4.39000070e-01 -3.57071832e-02  5.17107286e-02  1.34083614e-01
  3.38933468e-01  4.90094960e-01 -6.08103216e-01  5.32438278e-01
 -9.79601955e+00 -3.71066123e-01 -6.01284325e-01 -3.19527388e-01
 -3.20709139e-01 -5.82566969e-02  1.07630455e+00  6.74293786e-02
 -1.24784179e-01 -1.62956342e-01 -8.72951075e-02 -1.50995729e-02
  4.90367979e-01  8.81763518e-01 -6.94205523e-01 -5.37462115e-01
 -7.15912804e-02 -3.04488838e-01 -4.26196158e-01 -1.00694515e-01
  4.00756449e-02 -2.51404136e-01  1.06191254e+00 -6.17653802e-02
 -3.38840127e-01 -3.50596279e-01  1.02015689e-01 -1.28545742e-02
 -2.46737078e-01  8.90286267e-01 -7.34142900e-01  1.49080098e+00
  1.81100830e-01 -9.58405361e-02 -2.63732672e-01  7.83888251e-02
 -8.42657387e-02  3.83993536e-01 -6.18537843e-01  5.44169486e-01
  1.76882356e-01  1.02944911e+00 -2.23442614e-01 -1.23551995e-01
  5.35986066e-01 -1.85154695e-02  4.37277973e-01  1.87122524e-01
  2.56300658e-01 -1.69576496e-01 -1.90561801e-01 -4.08345729e-01
  1.47109717e-01 -1.90664619e-01  1.80475160e-01 -1.62386492e-01
  6.50650859e-01 -6.85634136e-01  2.07714401e-02  8.01436305e-02
  5.25141239e-01 -1.48999259e-01  5.69961369e-01  6.55263126e-01
 -4.02973682e-01  7.19710812e-02  2.27081656e-01  1.52651006e-02
 -5.92391968e-01 -2.47420773e-01  2.75155902e-01  5.59971444e-02
  9.35863703e-02  3.79527777e-01 -3.10469508e-01  5.26294708e-01
 -1.55469045e-01 -3.09055030e-01  7.42112637e-01  3.24877620e-01
  1.00749028e+00 -1.15901396e-01 -6.03499189e-02  1.92686677e-01
 -8.88719261e-01  4.23133701e-01 -1.65509388e-01  3.20394248e-01
  5.79544723e-01 -6.26762092e-01  1.00056088e+00  5.16397581e-02
 -5.61918616e-02  2.78020412e-01 -2.57949438e-02 -1.43004343e-01
  6.82184458e-01  5.56321383e-01  5.35772443e-01  1.37304470e-01]"
オ,"[ 5.29659688e-01  2.13090628e-01  4.55938280e-01 -3.78823578e-01
  9.63736400e-02  2.29296863e-01  2.38674492e-01  2.54841328e-01
 -7.63473809e-02 -5.99594891e-01  3.98756087e-01 -4.26396728e-01
  4.47566777e-01 -2.47670770e-01  6.96951926e-01 -6.56861961e-02
  7.09809884e-02 -1.64454520e-01 -1.08748702e-02 -3.70274395e-01
 -7.57648110e-01 -4.13432628e-01  3.18069786e-01  3.61408234e-01
  5.38302250e-02 -3.14446181e-01  2.48361547e-02  2.23327637e-01
 -1.62991717e-01  6.53100684e-02 -1.63625494e-01 -3.66718590e-01
 -2.87500978e-01 -1.43985704e-01 -1.41204700e-01  7.16443360e-01
  4.47980128e-02 -3.34321529e-01 -4.82722819e-02 -4.44858879e-01
  2.02450410e-01 -3.92537266e-02 -7.78143555e-02 -4.90674525e-01
 -4.24458086e-01  3.56974810e-01  1.42114460e-01  4.50804353e-01
  3.91071677e-01  6.58024773e-02 -2.39533976e-01  3.98799419e-01
  2.06403464e-01  3.77097838e-02  5.50478280e-01 -1.33396879e-01
  3.77492875e-01 -5.41711688e-01 -7.68055692e-02  2.61351973e-01
 -3.71713042e-01 -2.48553813e-01  5.21899402e-01 -1.36066273e-01
  8.11342075e-02  2.62257587e-02 -2.15081081e-01 -1.48256406e-01
  4.50063795e-02 -7.74799466e-01 -2.17825398e-01  2.92504013e-01
  3.74759495e-01 -3.83584619e-01  6.91850007e-01 -3.06555510e-01
  2.23782212e-01  1.15314923e-01  2.37160161e-01 -2.25102723e-01
 -3.46247643e-01  2.76684880e-01  2.55294591e-01 -7.24557042e-01
  2.26185378e-02  4.93616015e-02 -4.94028270e-01 -9.88056362e-01
  4.52703059e-01 -3.51128668e-01 -2.28992887e-02  7.41178766e-02
  2.15323508e-01  2.37703428e-01  6.52189553e-02  1.71886206e-01
  1.26418486e-01 -2.44162172e-01 -2.34624997e-01  2.50547945e-01
  8.68691355e-02  4.09331530e-01  3.27502042e-01 -1.70980483e-01
 -2.63423085e-01  7.60699585e-02 -1.54891476e-01  2.17485011e-01
  2.51036793e-01  8.09057802e-02 -3.74579966e-01 -2.97812015e-01
 -4.65494871e-01  2.72554666e-01 -2.09189262e-02  1.43589988e-01
 -1.98187307e-01  3.38896513e-01 -4.34930116e-01  6.07869983e-01
 -2.53846645e-01  7.91590750e-01 -3.56875882e-02  3.04778337e-01
  2.15029195e-01  5.05295575e-01  1.75789315e-02 -2.72460543e-02
 -1.28480300e-01 -2.57205337e-01  3.57783772e-02 -5.79200909e-02
 -6.81407750e-01  9.21545029e-02 -2.53729820e-01  9.22534049e-01
 -1.14336526e-02 -4.79016826e-02 -1.36097178e-01 -4.66877937e-01
 -1.52467445e-01 -1.32425740e-01  2.75294513e-01 -4.04690713e-01
 -1.19702034e-01  1.62625894e-01 -2.09465668e-01 -4.74402338e-01
  4.88818675e-01  3.42639595e-01 -3.91703337e-01  8.26958001e-01
 -7.30417073e-01  5.75210862e-02 -2.62061339e-02  3.64656836e-01
 -7.47365952e-01  1.51088730e-01  4.98598143e-02  5.59486687e-01
  9.29848328e-02 -4.33689654e-01  1.99748993e-01  3.20905179e-01
  1.02211989e-01  4.26367015e-01  4.94799048e-01  2.34954759e-01
  1.95354655e-01  4.70945448e-01  5.61673045e-02  4.96297121e-01
  4.58567068e-02 -2.13768110e-01  4.98518795e-01  2.91810691e-01
  1.29393652e-01  2.64626890e-01  6.80747330e-02 -5.47927022e-01
 -3.65224034e-02 -1.63021132e-01 -1.03595313e-02 -1.49563789e-01
  4.60751444e-01 -1.61316916e-01 -5.02539128e-02  1.14508383e-01
 -2.07946435e-01  1.70403823e-01  3.67571041e-02 -2.62583464e-01
  3.75305802e-01 -6.91209018e-01  9.99286249e-02 -3.19407612e-01
 -3.27440232e-01 -3.80385637e-01 -3.02856833e-01  3.92470658e-01
  6.25739247e-02 -2.27741338e-02 -1.50439635e-01 -1.84177473e-01
 -8.77260089e-01 -3.44324052e-01  7.29026124e-02  6.55198872e-01
  3.60122412e-01  2.26610646e-01  7.18065351e-02  2.47886717e-01
  4.67506111e-01  7.48334527e-02  1.43081367e-01 -1.94220652e-03
 -2.31676742e-01 -1.86713114e-01  1.26302436e-01 -1.21085666e-01
  4.20135766e-01 -9.82303694e-02  3.48750234e-01 -5.42345010e-02
 -4.06590849e-01  2.43656427e-01  8.67293999e-02 -3.94006163e-01
  5.03381453e-02  7.26811528e-01 -2.60775447e-01 -6.34871423e-01
 -4.98527706e-01 -9.47990268e-02 -6.50830209e-01  6.62958398e-02
 -2.68383652e-01  2.85508454e-01 -3.49700004e-01  1.12674169e-01
 -1.74492911e-01 -4.75419343e-01 -1.81578606e-01 -2.11868286e-01
  3.28344889e-02  1.42950699e-01 -2.28110589e-02 -1.91820711e-01
 -5.15208364e-01 -3.52586992e-02 -3.48714292e-01 -4.78997946e-01
 -3.10264714e-03 -5.51242530e-01  4.46956694e-01  2.26768479e-01
  5.19576371e-01 -4.01957147e-02  2.23008469e-01 -2.11780015e-02
 -6.47084936e-02 -8.50242257e-01 -1.22388318e-01 -8.21013227e-02
 -5.00536263e-01 -2.89797261e-02  1.61732789e-02 -4.62967247e-01
 -3.05137724e-01 -4.27984715e-01 -5.37696257e-02 -4.27530885e-01
 -4.58555937e-01  5.07671535e-02 -6.09349832e-02  1.21000551e-01
 -1.44150585e-01  4.98395979e-01 -4.44367468e-01  1.57625675e-01
 -6.23378396e-01  1.97799042e-01 -6.93991065e-01 -2.58265138e-01
  1.02615738e-02 -2.50993371e-01 -3.85790080e-01  1.67727783e-01
 -4.67547983e-01  3.76975834e-01  3.34049433e-01  5.89170568e-02
 -4.29504603e-01 -2.34155897e-02 -3.79841536e-01  1.28155112e-01
  2.17148751e-01  7.27256596e-01  2.17628777e-01 -6.18875958e-02
  1.72691017e-01  4.01492089e-01  1.91140860e-01  1.47364363e-01
 -1.01788752e-01 -2.96952933e-01  8.40102732e-02  5.50181009e-02
  6.37321651e-01  1.06117532e-01 -1.75985415e-02  1.04611826e+00
 -3.49941045e-01  2.47092575e-01  4.92686391e-01  2.86440611e-01
 -1.74274695e+00  1.24134626e-02 -1.29007444e-01  4.75340001e-02
 -2.40004599e-01  2.80745119e-01 -3.55460658e-03  1.37170598e-01
 -4.59278792e-01 -5.40335178e-01  9.03911769e-01  2.87854135e-01
 -9.33829881e-03 -5.12270808e-01  3.49341303e-01 -2.35028371e-01
  2.98427008e-02 -4.78011936e-01  2.12677538e-01  4.78230417e-01
 -4.10766840e-01  5.39882034e-02 -1.65991887e-01 -5.37499726e-01
 -8.39669257e-02  1.67763039e-01  1.61569253e-01  2.47225672e-01
 -5.30215204e-01  1.38052374e-01  3.13878089e-01  4.00859684e-01
  7.85849571e-01  3.03985566e-01 -6.16408102e-02  5.77767044e-02
  4.45068717e-01  1.35041907e-01  4.25412297e-01 -2.85625219e-01
  1.75831676e-01 -4.75820117e-02  8.53437722e-01  1.25897396e-02
  9.11166295e-02 -1.54978712e-03  1.21304177e-01  2.29567096e-01
 -8.19531530e-02  3.54898632e-01  1.46432102e-01  4.78751250e-02
  1.90706670e-01  5.32224238e-01  5.80730975e-01  1.44955635e-01
 -2.83899516e-01 -3.66182566e-01  3.64569165e-02 -3.21286529e-01
 -6.24405146e-01 -3.38620603e-01 -3.43862951e-01 -1.22221127e-01
 -4.49567646e-01  2.92913973e-01 -2.96255443e-02 -5.18385053e-01
  5.49229495e-02 -3.55665028e-01 -4.25226897e-01  3.32149923e-01
 -5.32559305e-02 -7.33311176e-01  5.86143553e-01  2.21728235e-01
  2.88144261e-01 -5.33857048e-01 -6.53079987e-01 -4.23921756e-02
 -2.73390263e-01 -3.03942800e-01  1.67657301e-01 -3.30829591e-01
 -5.40301539e-02  3.47336739e-01 -7.84889758e-02 -9.32381302e-02
 -3.43779474e-01 -2.95097053e-01 -7.08986878e-01  1.88760504e-01
 -5.04166633e-02  3.23213547e-01  2.19684243e-02  2.22186521e-01
  2.20306531e-01  4.48722839e-02 -2.71185935e-01  8.39256197e-02
 -3.24997872e-01  5.80433309e-01  3.90726745e-01  1.66425571e-01
  5.81920862e-01  4.44246560e-01  2.81132221e-01  5.24589181e-01
  2.02089325e-02  1.34099787e-02 -6.10522449e-01 -3.01175117e-01
  7.10016072e-01 -3.79120931e-02  2.43217826e-01 -1.07879639e-01
 -1.81926806e-02  6.09081030e-01 -3.24829035e-02 -5.74191928e-01
  5.14266547e-04  7.38754347e-02 -1.84155032e-01  2.62513518e-01
  6.57590330e-01  8.22842896e-01 -2.32491437e-02  2.09028870e-02
 -1.40678659e-01 -1.87530726e-01  3.15161854e-01 -1.30644426e-01
 -1.17975011e-01 -2.94526875e-01  9.54099279e-03  2.99439758e-01
  6.59657598e-01  2.00672433e-01  6.23160660e-01  3.09473157e-01
 -3.43716770e-01  2.67425120e-01  4.35273141e-01  4.79529262e-01
 -2.94526517e-01 -2.89981574e-01 -3.53981167e-01  2.58303136e-02
 -3.89669329e-01 -6.62572011e-02  6.73135698e-01 -1.59499541e-01
  1.76897496e-01  7.67650688e-03 -6.11082435e-01 -6.22050464e-01
 -3.78277510e-01  1.60815239e-01 -9.92601439e-02  1.43383160e-01
  2.02571973e-01 -1.35760903e-02 -4.93025184e-01  1.85777426e-01
  5.61464727e-02  2.98899978e-01  5.03491282e-01 -1.53601959e-01
 -9.01676565e-02  3.59078869e-03  3.82498726e-02  6.76893964e-02
 -1.81071088e-01  4.58883010e-02 -2.62824357e-01 -4.94412094e-01
  1.62131209e-02  1.84012845e-01  2.54214287e-01 -1.46533042e-01
  6.53414965e-01  1.32467419e-01 -5.13203919e-01 -5.65060019e-01
 -2.37240583e-01 -2.22166181e-01 -4.52727154e-02 -4.98032242e-01
 -9.01912376e-02  4.43757847e-02  3.66764814e-01  8.76772404e-02
  2.80246258e-01 -3.57614696e-01  7.92291760e-02  2.38751560e-01
  6.34034872e-01 -1.30070135e-01  2.30014458e-01 -1.98584244e-01
  2.17490532e-02  8.81654993e-02  7.55990595e-02  5.94925098e-02
 -1.43209085e-01 -5.36220908e-01 -6.97850943e-01 -3.78329605e-01
 -1.78958684e-01 -1.07865930e+00  5.39438188e-01  1.38625845e-01
  2.41053805e-01 -4.67630297e-01 -4.62996036e-01 -1.47763044e-01
  3.01077008e-01 -1.15580216e-01  4.24873710e-01 -2.17767403e-01
 -5.78147948e-01 -4.97000404e-02  1.25194728e-01 -6.60147369e-01
  9.40503120e-01  2.54540563e-01 -4.91650820e-01 -3.95495683e-01
  3.87395293e-01  1.95834413e-01 -2.21845999e-01  1.07280806e-01
 -1.32592082e-01 -5.39364815e-01  1.55032635e-01 -3.46933961e-01
  3.21011186e-01 -1.54360160e-01 -3.52674324e-05 -1.24660306e-01
  5.85190356e-01  3.44327986e-01  2.44300678e-01  7.75589198e-02
 -2.27900639e-01 -2.08970875e-01 -2.48069152e-01  3.25702071e-01
  1.40794307e-01  3.85053605e-01 -1.76682368e-01  3.16250384e-01
  5.83125949e-01 -8.46609056e-01  8.67414474e-02  7.60417283e-01
  4.11032021e-01  4.44315493e-01 -1.52564764e-01  3.20903882e-02
 -8.17037404e-01  1.35569990e-01  1.41821682e-01 -1.72215570e-02
  4.57020789e-01 -3.56507041e-02 -1.37511179e-01 -4.09765035e-01
 -1.68074183e-02  4.00395066e-01  1.72828749e-01  3.64892520e-02
  4.35541987e-01 -1.55622914e-01  5.13322771e-01  3.38330954e-01
 -2.61516929e-01 -3.60293716e-01  5.43467440e-02  4.09025818e-01
  7.75284708e-01  1.81759849e-01  3.60168815e-01 -7.15021849e-01
 -6.30539358e-01  3.01282763e-01  8.31094086e-02  3.05178523e-01
  5.01429319e-01 -2.74868637e-01 -6.27902821e-02  6.11264467e-01
  2.97894835e-01 -7.07817525e-02 -3.29446822e-01 -4.16540891e-01
 -1.70716390e-01 -2.36667961e-01 -5.00891149e-01  2.01751813e-01
  8.45913216e-02 -4.67947908e-02  2.11769968e-01  1.54199144e-02
  9.83888358e-02  5.82226098e-01  2.87197321e-03 -3.05047333e-01
  2.04790220e-01  6.14336543e-02 -9.01422724e-02  8.08300227e-02
 -2.23519325e-01 -2.46593595e-01 -2.41717659e-02  2.41519004e-01
 -1.57367334e-01  2.02508613e-01  3.40979882e-02  1.61916167e-01
  3.30591708e-01 -4.44882154e-01 -1.90104902e-01 -3.14644456e-01
 -3.17463845e-01 -1.30728632e-01 -6.57792032e-01 -3.59774739e-01
 -3.09588555e-02 -4.71150875e-02 -1.59254432e-01 -5.93736023e-02
 -4.67871338e-01 -2.32516110e-01 -4.49221104e-01  2.52285540e-01
 -1.73445553e-01 -8.41765165e-01  3.82302940e-01  2.62718678e-01
 -1.25296742e-01 -1.19992077e+00  2.47536302e-01  1.70461625e-01
  2.44115233e-01  1.72105312e-01  7.04698920e-01 -3.42238545e-01
 -2.60701954e-01  8.75810459e-02 -2.85531700e-01  2.54745066e-01
 -1.05163517e+01  1.05978079e-01 -4.22578603e-01 -3.99893075e-01
 -3.50487739e-01  3.93149853e-01  6.25632167e-01  5.66282392e-01
 -1.95585936e-01  1.21423393e-01 -3.40548642e-02  9.15949419e-02
 -1.44770285e-02  6.83787882e-01 -5.20783842e-01 -3.06553662e-01
 -2.30557114e-01 -2.15277169e-02 -4.03221026e-02 -2.39191204e-01
  1.14314690e-01 -2.84472644e-01  5.08635998e-01  7.36679852e-01
  5.46224177e-01 -4.08423632e-01 -2.61187971e-01  2.47341441e-03
 -2.02753499e-01  5.91974974e-01 -6.01364851e-01  5.32571316e-01
  3.64352502e-02  3.01084399e-01 -1.52536288e-01  2.52969116e-01
 -4.02831227e-01  6.68329716e-01 -3.90014835e-02  4.04142320e-01
  3.15302551e-01  4.24127430e-01 -2.56795008e-02 -3.04168835e-02
  1.74899265e-01  2.39173710e-01  4.69064713e-01  1.11696711e-02
  5.41832387e-01 -2.42215633e-01 -1.27103299e-01  1.33843392e-01
  6.82288781e-02 -9.43486765e-02  4.55611289e-01 -3.05458643e-02
  6.39403582e-01 -6.74558520e-01 -3.16420607e-02  6.43760711e-02
  3.38028491e-01 -7.73757696e-02  3.83367360e-01  4.44365919e-01
  3.00741434e-01  4.10556674e-01  5.21741688e-01  3.65373969e-01
 -9.13043141e-01 -2.37799183e-01  1.62567645e-01  4.71616268e-01
 -9.50486809e-02  3.25132906e-01 -2.56731838e-01  3.13396513e-01
  3.61466676e-01 -2.95936376e-01  5.50640672e-02 -2.80053783e-02
  2.83950686e-01 -3.02975923e-01  8.33558366e-02  2.40718409e-01
 -6.21874213e-01  4.87202406e-02 -8.32330659e-02 -4.81247865e-02
  2.59869248e-01 -4.46125746e-01  2.38236561e-01  8.38035122e-02
 -5.34437299e-01  5.06531894e-01  4.48012590e-01  1.81824807e-02
 -1.21032991e-01  2.26519614e-01  4.85405922e-01 -2.47120038e-02]"
ジョ,"[ 1.05661392e+00  2.06108108e-01  5.47769666e-01 -2.22650319e-01
  2.61738915e-02 -6.96397275e-02  2.44444579e-01 -3.78004700e-01
 -5.06787479e-01 -6.88615918e-01  5.31214058e-01  3.73199233e-03
 -5.04162252e-01  9.79063958e-02  1.51861563e-01 -4.25573945e-01
  2.29351848e-01  8.30564573e-02  6.82740211e-02 -2.00147852e-01
 -3.75052035e-01 -3.72025728e-01  7.77075291e-02  7.89113864e-02
 -1.53204903e-01  2.23819334e-02  9.04012024e-02 -1.23327605e-01
  3.73088539e-01 -3.14678311e-01  2.95262062e-03 -2.74851620e-01
 -3.44267339e-02 -5.80737054e-01  2.47792169e-01 -2.88550138e-01
 -4.78281558e-01 -6.14138782e-01 -3.10790867e-01 -2.96782702e-01
 -1.89102843e-01 -1.11141004e-01 -4.61425155e-01  2.08303168e-01
 -9.28937495e-02  4.21721458e-01 -1.15703389e-01 -1.24673784e-01
  1.58277556e-01  4.74314839e-01  3.20362777e-01  3.79844844e-01
  4.94214356e-01  3.26718718e-01  4.86466363e-02 -1.28623411e-01
  3.17963988e-01 -7.21113026e-01  1.26396313e-01  1.19934462e-01
 -2.25990579e-01 -1.71100765e-01  1.67781785e-01 -1.20887473e-01
 -6.01630360e-02 -3.88727605e-01 -8.49031433e-02 -1.02865651e-01
 -4.05691639e-02  2.96763442e-02  4.36078340e-01  7.25300461e-02
 -5.79367399e-01  1.62237346e-01  6.32916927e-01 -4.82116938e-01
  4.93428260e-01  2.01628685e-01  8.61368537e-01 -4.09331501e-01
 -2.91206330e-01 -1.11233583e-02  2.26516351e-01 -5.96337378e-01
 -1.83804575e-02  5.81245005e-01 -8.68473709e-01 -1.12942553e+00
  4.95542079e-01  7.65547529e-02 -2.87816763e-01  2.03497350e-01
  3.35815132e-01  4.93388116e-01  5.49661279e-01 -1.59745961e-01
  2.73490280e-01 -2.08256513e-01 -6.02740534e-02  6.37043834e-01
 -1.48105890e-01 -1.52361050e-01  3.72530222e-01 -3.27554256e-01
 -4.15359169e-01  3.51194531e-01 -1.21559128e-01 -1.32346407e-01
 -1.69111252e-01  3.90903950e-01 -5.71804158e-02 -5.61903536e-01
 -1.12802625e+00 -3.71949613e-01 -1.06156850e-02 -2.68187284e-01
  2.04635918e-01  1.05218478e-01 -3.79937708e-01  8.07492435e-01
 -9.83094350e-02  2.72740930e-01 -3.30538571e-01 -3.17873359e-01
  9.76992771e-02 -3.01992856e-02  3.54415119e-01 -1.49068579e-01
  3.58205050e-01 -1.87778957e-02 -8.49840462e-01 -2.35944971e-01
 -6.04289353e-01  1.43345118e-01 -5.27855098e-01  1.05814791e+00
 -3.55884254e-01  1.68813802e-02 -2.28634074e-01 -9.64071825e-02
 -3.95183355e-01  5.54154158e-01  2.69281894e-01 -3.70839417e-01
 -1.75347999e-01 -1.78078547e-01  5.62693886e-02 -2.38363311e-01
  3.64690095e-01  5.28833389e-01 -9.19587612e-02  1.02729225e+00
 -6.27043784e-01  1.67271852e-01 -2.04705760e-01  1.21234179e-01
 -2.50680715e-01 -1.11912899e-01 -3.20032477e-01 -1.69542924e-01
  3.09481084e-01 -6.38007164e-01  1.73457265e-01  1.12264419e+00
  5.29137671e-01  4.91383970e-02 -1.99813396e-01 -3.14416677e-01
  5.54625392e-01  1.00074577e+00  8.05380523e-01  4.51309681e-01
  3.04984808e-01 -4.20531392e-01  4.68405396e-01  9.54853669e-02
  6.57114923e-01  4.16984916e-01 -1.34055376e-01 -2.83454031e-01
  7.26395100e-02 -1.35775164e-01  6.46995148e-03 -2.36522481e-01
  7.82303661e-02  4.28915657e-02  5.56343555e-01 -1.54359862e-01
  1.08631060e-01  1.09828502e-01  5.93275167e-02 -5.10152519e-01
  3.00247073e-01 -3.54069024e-02 -5.99292181e-02  2.47947738e-01
 -2.19713852e-01  4.55933064e-01 -1.18605658e-01  5.79902828e-01
 -1.29948050e-01  4.88214158e-02 -2.13134304e-01 -1.55890882e+00
 -3.25537264e-01  4.16412592e-01 -1.32428497e-01  7.64102161e-01
 -5.39521635e-01  1.58995371e-02 -1.34759799e-01  3.26566279e-01
  6.03956997e-01  7.15756640e-02  5.79958200e-01 -1.67304769e-01
 -4.64693397e-01 -5.76644897e-01  3.50008667e-01 -1.54196009e-01
  6.27317309e-01 -7.62044489e-02  3.84229720e-01  1.70535132e-01
  3.16773057e-01  3.51241887e-01  8.16011488e-01  1.63149491e-01
  9.30628926e-03  3.29805940e-01 -4.25309271e-01 -1.84614450e-01
 -7.64237642e-01 -8.16315860e-02 -5.44199705e-01 -7.98920542e-03
 -2.05173925e-01  1.60858870e-01  2.92324156e-01  1.95762843e-01
  9.66397896e-02  3.22103826e-03  1.89092636e-01 -3.96970540e-01
 -3.25447023e-01  5.09496689e-01  2.17892081e-01  1.37386918e-01
 -2.75743037e-01 -4.66017164e-02 -6.11672699e-01 -3.01929414e-01
  3.09847981e-01 -8.27490464e-02  8.77939999e-01 -2.12716833e-02
  4.21761453e-01  3.71278733e-01  3.71677339e-01 -1.80415288e-01
 -5.92789531e-01 -3.66037011e-01 -4.59199816e-01 -1.44609019e-01
  1.36410698e-01 -4.40258980e-01 -1.70578718e-01 -4.93831277e-01
 -7.12963939e-01 -3.22568476e-01  4.38990653e-01  9.89587232e-02
 -1.43562984e-02  2.81010773e-02 -1.76291823e-01 -3.06008905e-01
 -3.83235514e-01  8.61058712e-01 -1.83740750e-01  5.78280985e-01
 -4.02828783e-01  2.76894033e-01 -7.56798446e-01 -3.05608422e-01
 -4.60267551e-02  4.39048767e-01 -3.75991911e-01 -4.16172385e-01
 -7.87261873e-02  9.08611417e-02  5.62064588e-01 -3.20008636e-01
 -3.79131019e-01  6.31267786e-01 -3.75043482e-01  1.08425058e-01
  3.08194041e-01  3.99601366e-03  6.57431260e-02 -2.25908644e-02
  4.19089824e-01 -3.33930731e-01  5.66029176e-02 -1.87674612e-01
  3.03122193e-01 -1.59415573e-01  3.77075337e-02  2.20495045e-01
  7.58578598e-01 -1.52324229e-01  3.65221530e-01  1.02570331e+00
 -4.62369859e-01 -4.91378576e-01  4.12827492e-01  6.46880150e-01
 -1.63646126e+00  1.70541834e-02  3.97070199e-01 -6.87111691e-02
 -4.28234451e-02  5.00531197e-01  5.77507257e-01 -1.04035929e-01
  4.74576242e-02 -8.72322321e-01  9.00879562e-01  4.68946934e-01
 -3.06107044e-01  3.90031338e-02  5.78044176e-01 -3.91163200e-01
  5.58751673e-02 -3.43788385e-01 -4.85671461e-01  2.23047450e-01
  3.01223576e-01 -3.00934166e-01 -6.30241632e-02 -4.57054973e-01
  2.41763275e-02  4.69347417e-01 -3.19472492e-01 -4.09032971e-01
 -2.64622092e-01 -2.74591953e-01  3.55827749e-01  1.41243052e+00
  1.80335879e-01  5.56085050e-01 -8.82222176e-01 -5.15465379e-01
  6.90961629e-02  1.29493117e-01  2.97250658e-01 -3.32938194e-01
 -4.70469669e-02 -3.40719253e-01  2.01961130e-01 -2.34672323e-01
  2.59370562e-02 -1.80218726e-01  2.98130602e-01  2.46012539e-01
 -1.60021216e-01 -1.53991356e-01  1.01063836e+00  4.38175462e-02
  6.89385161e-02  3.78241450e-01  4.66628671e-01  1.40975222e-01
  2.00884923e-01 -5.05644321e-01  5.04369259e-01 -4.55001116e-01
  3.51999819e-01  8.30046386e-02 -4.77621183e-02  2.57924199e-01
 -1.04890838e-01  3.42628479e-01  1.25373945e-01 -2.55095869e-01
 -2.61096835e-01 -4.01186496e-01  2.26226524e-02  1.02409363e-01
  1.20873608e-01 -3.82600158e-01  3.72918814e-01  1.86118677e-01
  6.70491755e-01 -2.86316007e-01 -7.18508244e-01  6.71315670e-01
  2.76042432e-01  6.49019539e-01  2.18595415e-01  3.91565442e-01
 -6.32084966e-01 -1.68114275e-01 -4.71257478e-01 -4.37067509e-01
 -4.94043529e-01 -1.90001473e-01 -8.26287746e-01 -8.72024447e-02
  9.70938802e-02  5.73402882e-01  1.62221849e-01 -2.19656304e-01
 -2.66183823e-01  1.37493700e-01 -6.43448889e-01 -1.25288558e+00
  2.33167663e-01  5.55469751e-01 -3.50361764e-02  1.23108603e-01
  2.80925333e-01  5.56620002e-01 -4.32687886e-02 -1.97376102e-01
  1.28597900e-01 -6.95018563e-03 -3.98371071e-01 -5.09579778e-01
  9.09136087e-02 -3.70301574e-01 -1.87193111e-01 -3.84886503e-01
  2.22390071e-01  7.84986794e-01  1.50900692e-01 -9.99554098e-01
 -1.16522506e-01  7.78616965e-01 -7.65370280e-02  5.60098886e-01
  4.11364853e-01  1.07994139e+00  3.57722491e-01  5.74176870e-02
  3.76717150e-01  1.46046326e-01 -1.07540684e-02 -3.66096497e-01
 -2.42796123e-01  9.34228376e-02  2.23870456e-01  1.02093291e+00
  4.62443382e-02  1.40582412e-01  3.40368032e-01 -9.55246240e-02
 -6.04460120e-01  2.60227293e-01 -2.26010308e-01  2.54523724e-01
 -2.73312867e-01  2.88181007e-01 -6.36020228e-02 -8.78267050e-01
 -5.69636762e-01 -2.05394760e-01  1.45252660e-01 -1.04394391e-01
  1.81747660e-01 -4.18903798e-01 -8.22302222e-01 -5.80157712e-02
 -1.10263646e+00 -1.44138053e-01 -8.37745517e-02  1.25783443e-01
  9.73727480e-02  1.34882657e-02 -5.76425612e-01  8.35040063e-02
 -4.35994178e-01  4.23270822e-01  3.72730494e-01 -4.55036104e-01
 -2.41194606e-01  6.44706428e-01  4.44496006e-01 -1.61317363e-01
  3.75779301e-01  6.98004127e-01 -2.06660200e-02 -6.57590747e-01
 -6.65002644e-01  1.30021811e-01  5.49632490e-01 -5.20505250e-01
  4.38333899e-01  1.83449984e-01 -6.37746811e-01  1.15322828e-01
 -6.14938855e-01 -4.83625054e-01  4.46044415e-01 -3.95757437e-01
 -3.28610390e-01 -5.28312624e-01 -1.35378197e-01 -3.40224616e-02
  6.53111100e-01 -5.02736747e-01 -1.90081939e-01  4.39168841e-01
  4.33358811e-02  5.60479090e-02  2.55356073e-01 -6.00812547e-02
 -6.90153003e-01 -2.30097592e-01  5.68754375e-01  1.23060122e-01
  5.67721248e-01 -6.02016270e-01 -7.93879092e-01 -4.93033320e-01
 -4.64125127e-01 -7.42774248e-01  5.70427358e-01  2.27903172e-01
  5.27744889e-01 -1.10106170e+00  3.04516196e-01 -4.41576332e-01
 -1.42860964e-01  2.24620059e-01  4.52285558e-01 -4.16596979e-02
 -6.32106662e-01 -3.78533900e-01 -1.01258859e-01 -5.30989707e-01
  1.97626084e-01  5.54463804e-01 -1.16912913e+00  3.40229034e-01
  8.87279689e-01  3.78423125e-01  1.12136900e-01 -4.71132010e-01
 -3.84102225e-01  2.50944197e-01  3.32469225e-01  2.92067587e-01
 -1.48246959e-01  7.45602548e-01 -3.01153719e-01 -6.55635893e-02
  9.73817885e-01  3.70613277e-01  6.78913057e-01  8.89538303e-02
  1.40304655e-01  2.31050372e-01 -9.68665421e-01  2.27039799e-01
 -2.86389798e-01  1.93075284e-01 -3.69310677e-01  7.58439898e-01
  6.17345512e-01 -3.25611681e-01 -1.00685798e-01  6.80704236e-01
  5.88103458e-02  6.55668318e-01 -3.62600416e-01  3.05931479e-01
 -2.15233982e-01  3.65005195e-01  4.81679499e-01 -1.46089658e-01
 -6.81259573e-01 -3.09424281e-01  3.85917313e-02 -7.34712899e-01
 -2.07542539e-01  6.14256680e-01 -3.49931598e-01  7.91633666e-01
 -4.00027305e-01 -1.28905535e-01  1.65651691e+00 -7.24829376e-01
 -2.07564846e-01 -3.34509254e-01 -2.51685739e-01  1.08626984e-01
  1.61653176e-01  2.52244502e-01  3.39574456e-01 -1.73924360e-02
 -9.87824857e-01  1.84132054e-01  7.78492093e-02 -3.28554094e-01
  6.22736633e-01 -7.22170353e-01 -7.64250576e-01  6.46446288e-01
  1.47880360e-01 -2.02414855e-01 -1.08127356e-01 -1.00510502e+00
  2.97788884e-02  1.62705749e-01 -5.32359898e-01 -7.00767059e-03
  9.78099629e-02  2.80773759e-01 -3.76111686e-01 -4.99865003e-02
 -8.72471090e-03  8.80322397e-01 -5.12359440e-01 -5.17696083e-01
  4.98918165e-03 -1.51141718e-01 -3.43392372e-01  3.17162275e-01
  2.52049655e-01 -1.96672887e-01 -4.82783139e-01  4.61198725e-02
 -1.66893490e-02  1.08153254e-01 -2.48278558e-01  2.98999757e-01
 -2.91648358e-01  1.30429298e-01 -1.37584627e-01 -4.84936237e-01
  6.29251182e-01 -6.82835355e-02 -6.84415281e-01 -3.57790440e-01
  4.78874266e-01  1.20641902e-01 -2.45119631e-01  4.96719152e-01
 -4.33149308e-01 -4.82011735e-02  2.18744829e-01  3.64293694e-01
 -4.49424684e-01 -2.91810662e-01  1.16780780e-01  5.14710546e-01
  2.62205094e-01 -1.84734952e+00  9.39759612e-02  4.51125175e-01
 -2.51940221e-01  1.61569908e-01 -7.48082623e-02  1.91108376e-01
 -1.47559106e-01  2.86906004e-01 -6.90652907e-01  4.12502795e-01
 -9.86645126e+00 -4.73877251e-01 -6.07010484e-01 -8.17194805e-02
 -6.05332732e-01 -9.38558951e-02  5.52755356e-01  4.67961758e-01
  7.39731267e-02 -1.61205567e-02 -5.30902624e-01  6.62248075e-01
  4.00183707e-01  2.87127584e-01 -6.87079310e-01 -1.55993268e-01
 -7.74978280e-01 -4.20946866e-01 -5.52695274e-01 -3.26560199e-01
  5.87750264e-02  1.30475670e-01  2.73868531e-01  2.15297550e-01
  2.44957969e-01 -4.15516555e-01  5.33250868e-01  1.59196153e-01
  1.05249502e-01  6.14543080e-01 -7.92297840e-01  9.42787468e-01
 -4.67301548e-01  2.60902405e-01 -1.39833316e-01 -1.52967989e-01
 -3.82151693e-01  6.62153542e-01 -4.30182159e-01  1.00425911e+00
  2.79290706e-01  5.09768844e-01 -1.08007729e-01  2.01834768e-01
  2.82552540e-01 -2.04647854e-01  9.46361497e-02  2.36167938e-01
  1.25064105e-01  1.59352273e-01 -2.99227387e-01  1.72609016e-01
  5.57743944e-02 -1.39196947e-01  2.49323882e-02  4.75098044e-01
  1.38753816e-01 -5.36064565e-01  2.43488863e-01  8.72407258e-02
  2.33440369e-01  4.40300494e-01  5.43288410e-01  7.15287447e-01
 -6.42455965e-02  5.74823022e-01 -2.94950783e-01  3.19899201e-01
 -8.17093313e-01 -3.33321333e-01  1.21306159e-01  6.92686290e-02
 -2.15222016e-01  4.61581409e-01 -1.08864428e-02  5.44807553e-01
  4.35577303e-01  2.10879501e-02  1.00936842e+00  5.29352248e-01
  7.80722976e-01  1.46028742e-01  1.81248397e-01  1.23609401e-01
 -5.67255855e-01  1.45705357e-01  3.16936314e-01 -1.99286550e-01
  3.99811029e-01 -7.13018537e-01  8.65987778e-01  8.35298061e-01
 -4.29514647e-01  1.53935179e-01  4.08297852e-02 -4.63927358e-01
 -6.94683567e-02  2.73656130e-01  7.32821301e-02 -1.18245773e-01]"
オ,"[ 5.29659688e-01  2.13090628e-01  4.55938280e-01 -3.78823578e-01
  9.63736400e-02  2.29296863e-01  2.38674492e-01  2.54841328e-01
 -7.63473809e-02 -5.99594891e-01  3.98756087e-01 -4.26396728e-01
  4.47566777e-01 -2.47670770e-01  6.96951926e-01 -6.56861961e-02
  7.09809884e-02 -1.64454520e-01 -1.08748702e-02 -3.70274395e-01
 -7.57648110e-01 -4.13432628e-01  3.18069786e-01  3.61408234e-01
  5.38302250e-02 -3.14446181e-01  2.48361547e-02  2.23327637e-01
 -1.62991717e-01  6.53100684e-02 -1.63625494e-01 -3.66718590e-01
 -2.87500978e-01 -1.43985704e-01 -1.41204700e-01  7.16443360e-01
  4.47980128e-02 -3.34321529e-01 -4.82722819e-02 -4.44858879e-01
  2.02450410e-01 -3.92537266e-02 -7.78143555e-02 -4.90674525e-01
 -4.24458086e-01  3.56974810e-01  1.42114460e-01  4.50804353e-01
  3.91071677e-01  6.58024773e-02 -2.39533976e-01  3.98799419e-01
  2.06403464e-01  3.77097838e-02  5.50478280e-01 -1.33396879e-01
  3.77492875e-01 -5.41711688e-01 -7.68055692e-02  2.61351973e-01
 -3.71713042e-01 -2.48553813e-01  5.21899402e-01 -1.36066273e-01
  8.11342075e-02  2.62257587e-02 -2.15081081e-01 -1.48256406e-01
  4.50063795e-02 -7.74799466e-01 -2.17825398e-01  2.92504013e-01
  3.74759495e-01 -3.83584619e-01  6.91850007e-01 -3.06555510e-01
  2.23782212e-01  1.15314923e-01  2.37160161e-01 -2.25102723e-01
 -3.46247643e-01  2.76684880e-01  2.55294591e-01 -7.24557042e-01
  2.26185378e-02  4.93616015e-02 -4.94028270e-01 -9.88056362e-01
  4.52703059e-01 -3.51128668e-01 -2.28992887e-02  7.41178766e-02
  2.15323508e-01  2.37703428e-01  6.52189553e-02  1.71886206e-01
  1.26418486e-01 -2.44162172e-01 -2.34624997e-01  2.50547945e-01
  8.68691355e-02  4.09331530e-01  3.27502042e-01 -1.70980483e-01
 -2.63423085e-01  7.60699585e-02 -1.54891476e-01  2.17485011e-01
  2.51036793e-01  8.09057802e-02 -3.74579966e-01 -2.97812015e-01
 -4.65494871e-01  2.72554666e-01 -2.09189262e-02  1.43589988e-01
 -1.98187307e-01  3.38896513e-01 -4.34930116e-01  6.07869983e-01
 -2.53846645e-01  7.91590750e-01 -3.56875882e-02  3.04778337e-01
  2.15029195e-01  5.05295575e-01  1.75789315e-02 -2.72460543e-02
 -1.28480300e-01 -2.57205337e-01  3.57783772e-02 -5.79200909e-02
 -6.81407750e-01  9.21545029e-02 -2.53729820e-01  9.22534049e-01
 -1.14336526e-02 -4.79016826e-02 -1.36097178e-01 -4.66877937e-01
 -1.52467445e-01 -1.32425740e-01  2.75294513e-01 -4.04690713e-01
 -1.19702034e-01  1.62625894e-01 -2.09465668e-01 -4.74402338e-01
  4.88818675e-01  3.42639595e-01 -3.91703337e-01  8.26958001e-01
 -7.30417073e-01  5.75210862e-02 -2.62061339e-02  3.64656836e-01
 -7.47365952e-01  1.51088730e-01  4.98598143e-02  5.59486687e-01
  9.29848328e-02 -4.33689654e-01  1.99748993e-01  3.20905179e-01
  1.02211989e-01  4.26367015e-01  4.94799048e-01  2.34954759e-01
  1.95354655e-01  4.70945448e-01  5.61673045e-02  4.96297121e-01
  4.58567068e-02 -2.13768110e-01  4.98518795e-01  2.91810691e-01
  1.29393652e-01  2.64626890e-01  6.80747330e-02 -5.47927022e-01
 -3.65224034e-02 -1.63021132e-01 -1.03595313e-02 -1.49563789e-01
  4.60751444e-01 -1.61316916e-01 -5.02539128e-02  1.14508383e-01
 -2.07946435e-01  1.70403823e-01  3.67571041e-02 -2.62583464e-01
  3.75305802e-01 -6.91209018e-01  9.99286249e-02 -3.19407612e-01
 -3.27440232e-01 -3.80385637e-01 -3.02856833e-01  3.92470658e-01
  6.25739247e-02 -2.27741338e-02 -1.50439635e-01 -1.84177473e-01
 -8.77260089e-01 -3.44324052e-01  7.29026124e-02  6.55198872e-01
  3.60122412e-01  2.26610646e-01  7.18065351e-02  2.47886717e-01
  4.67506111e-01  7.48334527e-02  1.43081367e-01 -1.94220652e-03
 -2.31676742e-01 -1.86713114e-01  1.26302436e-01 -1.21085666e-01
  4.20135766e-01 -9.82303694e-02  3.48750234e-01 -5.42345010e-02
 -4.06590849e-01  2.43656427e-01  8.67293999e-02 -3.94006163e-01
  5.03381453e-02  7.26811528e-01 -2.60775447e-01 -6.34871423e-01
 -4.98527706e-01 -9.47990268e-02 -6.50830209e-01  6.62958398e-02
 -2.68383652e-01  2.85508454e-01 -3.49700004e-01  1.12674169e-01
 -1.74492911e-01 -4.75419343e-01 -1.81578606e-01 -2.11868286e-01
  3.28344889e-02  1.42950699e-01 -2.28110589e-02 -1.91820711e-01
 -5.15208364e-01 -3.52586992e-02 -3.48714292e-01 -4.78997946e-01
 -3.10264714e-03 -5.51242530e-01  4.46956694e-01  2.26768479e-01
  5.19576371e-01 -4.01957147e-02  2.23008469e-01 -2.11780015e-02
 -6.47084936e-02 -8.50242257e-01 -1.22388318e-01 -8.21013227e-02
 -5.00536263e-01 -2.89797261e-02  1.61732789e-02 -4.62967247e-01
 -3.05137724e-01 -4.27984715e-01 -5.37696257e-02 -4.27530885e-01
 -4.58555937e-01  5.07671535e-02 -6.09349832e-02  1.21000551e-01
 -1.44150585e-01  4.98395979e-01 -4.44367468e-01  1.57625675e-01
 -6.23378396e-01  1.97799042e-01 -6.93991065e-01 -2.58265138e-01
  1.02615738e-02 -2.50993371e-01 -3.85790080e-01  1.67727783e-01
 -4.67547983e-01  3.76975834e-01  3.34049433e-01  5.89170568e-02
 -4.29504603e-01 -2.34155897e-02 -3.79841536e-01  1.28155112e-01
  2.17148751e-01  7.27256596e-01  2.17628777e-01 -6.18875958e-02
  1.72691017e-01  4.01492089e-01  1.91140860e-01  1.47364363e-01
 -1.01788752e-01 -2.96952933e-01  8.40102732e-02  5.50181009e-02
  6.37321651e-01  1.06117532e-01 -1.75985415e-02  1.04611826e+00
 -3.49941045e-01  2.47092575e-01  4.92686391e-01  2.86440611e-01
 -1.74274695e+00  1.24134626e-02 -1.29007444e-01  4.75340001e-02
 -2.40004599e-01  2.80745119e-01 -3.55460658e-03  1.37170598e-01
 -4.59278792e-01 -5.40335178e-01  9.03911769e-01  2.87854135e-01
 -9.33829881e-03 -5.12270808e-01  3.49341303e-01 -2.35028371e-01
  2.98427008e-02 -4.78011936e-01  2.12677538e-01  4.78230417e-01
 -4.10766840e-01  5.39882034e-02 -1.65991887e-01 -5.37499726e-01
 -8.39669257e-02  1.67763039e-01  1.61569253e-01  2.47225672e-01
 -5.30215204e-01  1.38052374e-01  3.13878089e-01  4.00859684e-01
  7.85849571e-01  3.03985566e-01 -6.16408102e-02  5.77767044e-02
  4.45068717e-01  1.35041907e-01  4.25412297e-01 -2.85625219e-01
  1.75831676e-01 -4.75820117e-02  8.53437722e-01  1.25897396e-02
  9.11166295e-02 -1.54978712e-03  1.21304177e-01  2.29567096e-01
 -8.19531530e-02  3.54898632e-01  1.46432102e-01  4.78751250e-02
  1.90706670e-01  5.32224238e-01  5.80730975e-01  1.44955635e-01
 -2.83899516e-01 -3.66182566e-01  3.64569165e-02 -3.21286529e-01
 -6.24405146e-01 -3.38620603e-01 -3.43862951e-01 -1.22221127e-01
 -4.49567646e-01  2.92913973e-01 -2.96255443e-02 -5.18385053e-01
  5.49229495e-02 -3.55665028e-01 -4.25226897e-01  3.32149923e-01
 -5.32559305e-02 -7.33311176e-01  5.86143553e-01  2.21728235e-01
  2.88144261e-01 -5.33857048e-01 -6.53079987e-01 -4.23921756e-02
 -2.73390263e-01 -3.03942800e-01  1.67657301e-01 -3.30829591e-01
 -5.40301539e-02  3.47336739e-01 -7.84889758e-02 -9.32381302e-02
 -3.43779474e-01 -2.95097053e-01 -7.08986878e-01  1.88760504e-01
 -5.04166633e-02  3.23213547e-01  2.19684243e-02  2.22186521e-01
  2.20306531e-01  4.48722839e-02 -2.71185935e-01  8.39256197e-02
 -3.24997872e-01  5.80433309e-01  3.90726745e-01  1.66425571e-01
  5.81920862e-01  4.44246560e-01  2.81132221e-01  5.24589181e-01
  2.02089325e-02  1.34099787e-02 -6.10522449e-01 -3.01175117e-01
  7.10016072e-01 -3.79120931e-02  2.43217826e-01 -1.07879639e-01
 -1.81926806e-02  6.09081030e-01 -3.24829035e-02 -5.74191928e-01
  5.14266547e-04  7.38754347e-02 -1.84155032e-01  2.62513518e-01
  6.57590330e-01  8.22842896e-01 -2.32491437e-02  2.09028870e-02
 -1.40678659e-01 -1.87530726e-01  3.15161854e-01 -1.30644426e-01
 -1.17975011e-01 -2.94526875e-01  9.54099279e-03  2.99439758e-01
  6.59657598e-01  2.00672433e-01  6.23160660e-01  3.09473157e-01
 -3.43716770e-01  2.67425120e-01  4.35273141e-01  4.79529262e-01
 -2.94526517e-01 -2.89981574e-01 -3.53981167e-01  2.58303136e-02
 -3.89669329e-01 -6.62572011e-02  6.73135698e-01 -1.59499541e-01
  1.76897496e-01  7.67650688e-03 -6.11082435e-01 -6.22050464e-01
 -3.78277510e-01  1.60815239e-01 -9.92601439e-02  1.43383160e-01
  2.02571973e-01 -1.35760903e-02 -4.93025184e-01  1.85777426e-01
  5.61464727e-02  2.98899978e-01  5.03491282e-01 -1.53601959e-01
 -9.01676565e-02  3.59078869e-03  3.82498726e-02  6.76893964e-02
 -1.81071088e-01  4.58883010e-02 -2.62824357e-01 -4.94412094e-01
  1.62131209e-02  1.84012845e-01  2.54214287e-01 -1.46533042e-01
  6.53414965e-01  1.32467419e-01 -5.13203919e-01 -5.65060019e-01
 -2.37240583e-01 -2.22166181e-01 -4.52727154e-02 -4.98032242e-01
 -9.01912376e-02  4.43757847e-02  3.66764814e-01  8.76772404e-02
  2.80246258e-01 -3.57614696e-01  7.92291760e-02  2.38751560e-01
  6.34034872e-01 -1.30070135e-01  2.30014458e-01 -1.98584244e-01
  2.17490532e-02  8.81654993e-02  7.55990595e-02  5.94925098e-02
 -1.43209085e-01 -5.36220908e-01 -6.97850943e-01 -3.78329605e-01
 -1.78958684e-01 -1.07865930e+00  5.39438188e-01  1.38625845e-01
  2.41053805e-01 -4.67630297e-01 -4.62996036e-01 -1.47763044e-01
  3.01077008e-01 -1.15580216e-01  4.24873710e-01 -2.17767403e-01
 -5.78147948e-01 -4.97000404e-02  1.25194728e-01 -6.60147369e-01
  9.40503120e-01  2.54540563e-01 -4.91650820e-01 -3.95495683e-01
  3.87395293e-01  1.95834413e-01 -2.21845999e-01  1.07280806e-01
 -1.32592082e-01 -5.39364815e-01  1.55032635e-01 -3.46933961e-01
  3.21011186e-01 -1.54360160e-01 -3.52674324e-05 -1.24660306e-01
  5.85190356e-01  3.44327986e-01  2.44300678e-01  7.75589198e-02
 -2.27900639e-01 -2.08970875e-01 -2.48069152e-01  3.25702071e-01
  1.40794307e-01  3.85053605e-01 -1.76682368e-01  3.16250384e-01
  5.83125949e-01 -8.46609056e-01  8.67414474e-02  7.60417283e-01
  4.11032021e-01  4.44315493e-01 -1.52564764e-01  3.20903882e-02
 -8.17037404e-01  1.35569990e-01  1.41821682e-01 -1.72215570e-02
  4.57020789e-01 -3.56507041e-02 -1.37511179e-01 -4.09765035e-01
 -1.68074183e-02  4.00395066e-01  1.72828749e-01  3.64892520e-02
  4.35541987e-01 -1.55622914e-01  5.13322771e-01  3.38330954e-01
 -2.61516929e-01 -3.60293716e-01  5.43467440e-02  4.09025818e-01
  7.75284708e-01  1.81759849e-01  3.60168815e-01 -7.15021849e-01
 -6.30539358e-01  3.01282763e-01  8.31094086e-02  3.05178523e-01
  5.01429319e-01 -2.74868637e-01 -6.27902821e-02  6.11264467e-01
  2.97894835e-01 -7.07817525e-02 -3.29446822e-01 -4.16540891e-01
 -1.70716390e-01 -2.36667961e-01 -5.00891149e-01  2.01751813e-01
  8.45913216e-02 -4.67947908e-02  2.11769968e-01  1.54199144e-02
  9.83888358e-02  5.82226098e-01  2.87197321e-03 -3.05047333e-01
  2.04790220e-01  6.14336543e-02 -9.01422724e-02  8.08300227e-02
 -2.23519325e-01 -2.46593595e-01 -2.41717659e-02  2.41519004e-01
 -1.57367334e-01  2.02508613e-01  3.40979882e-02  1.61916167e-01
  3.30591708e-01 -4.44882154e-01 -1.90104902e-01 -3.14644456e-01
 -3.17463845e-01 -1.30728632e-01 -6.57792032e-01 -3.59774739e-01
 -3.09588555e-02 -4.71150875e-02 -1.59254432e-01 -5.93736023e-02
 -4.67871338e-01 -2.32516110e-01 -4.49221104e-01  2.52285540e-01
 -1.73445553e-01 -8.41765165e-01  3.82302940e-01  2.62718678e-01
 -1.25296742e-01 -1.19992077e+00  2.47536302e-01  1.70461625e-01
  2.44115233e-01  1.72105312e-01  7.04698920e-01 -3.42238545e-01
 -2.60701954e-01  8.75810459e-02 -2.85531700e-01  2.54745066e-01
 -1.05163517e+01  1.05978079e-01 -4.22578603e-01 -3.99893075e-01
 -3.50487739e-01  3.93149853e-01  6.25632167e-01  5.66282392e-01
 -1.95585936e-01  1.21423393e-01 -3.40548642e-02  9.15949419e-02
 -1.44770285e-02  6.83787882e-01 -5.20783842e-01 -3.06553662e-01
 -2.30557114e-01 -2.15277169e-02 -4.03221026e-02 -2.39191204e-01
  1.14314690e-01 -2.84472644e-01  5.08635998e-01  7.36679852e-01
  5.46224177e-01 -4.08423632e-01 -2.61187971e-01  2.47341441e-03
 -2.02753499e-01  5.91974974e-01 -6.01364851e-01  5.32571316e-01
  3.64352502e-02  3.01084399e-01 -1.52536288e-01  2.52969116e-01
 -4.02831227e-01  6.68329716e-01 -3.90014835e-02  4.04142320e-01
  3.15302551e-01  4.24127430e-01 -2.56795008e-02 -3.04168835e-02
  1.74899265e-01  2.39173710e-01  4.69064713e-01  1.11696711e-02
  5.41832387e-01 -2.42215633e-01 -1.27103299e-01  1.33843392e-01
  6.82288781e-02 -9.43486765e-02  4.55611289e-01 -3.05458643e-02
  6.39403582e-01 -6.74558520e-01 -3.16420607e-02  6.43760711e-02
  3.38028491e-01 -7.73757696e-02  3.83367360e-01  4.44365919e-01
  3.00741434e-01  4.10556674e-01  5.21741688e-01  3.65373969e-01
 -9.13043141e-01 -2.37799183e-01  1.62567645e-01  4.71616268e-01
 -9.50486809e-02  3.25132906e-01 -2.56731838e-01  3.13396513e-01
  3.61466676e-01 -2.95936376e-01  5.50640672e-02 -2.80053783e-02
  2.83950686e-01 -3.02975923e-01  8.33558366e-02  2.40718409e-01
 -6.21874213e-01  4.87202406e-02 -8.32330659e-02 -4.81247865e-02
  2.59869248e-01 -4.46125746e-01  2.38236561e-01  8.38035122e-02
 -5.34437299e-01  5.06531894e-01  4.48012590e-01  1.81824807e-02
 -1.21032991e-01  2.26519614e-01  4.85405922e-01 -2.47120038e-02]"
ノ,"[ 1.23113811e-01  4.49260980e-01  3.88404280e-01  4.12229039e-02
  7.58494586e-02  5.55812836e-01  2.30610564e-01  1.55199990e-01
 -4.04612541e-01 -4.64430183e-01  3.74848321e-02 -1.54315770e-01
 -2.07908779e-01  6.23014152e-01  7.49955997e-02 -3.30402814e-02
 -2.26855040e-01 -1.62437931e-01 -3.13676387e-01 -2.00981289e-01
 -4.48760957e-01 -3.97047579e-01 -4.97110158e-01  4.76455122e-01
 -2.80899405e-01 -7.96614587e-02 -1.04049891e-02  1.68051675e-01
  2.50054508e-01 -1.14886917e-01 -9.53003466e-02 -4.02071178e-01
 -5.61126232e-01  1.01643596e-02 -6.13143682e-01 -8.41822997e-02
 -4.24341589e-01 -1.15477450e-01  2.67024755e-01  2.16015093e-02
 -1.81246996e-02 -1.73579127e-01 -3.49012285e-01 -3.33618551e-01
 -7.02253431e-02  4.09980029e-01  2.20420837e-01  3.00006866e-01
  2.42361739e-01  4.48936149e-02 -3.21125537e-02  3.01297307e-01
  1.92337692e-01  8.26527849e-02  4.47368920e-01 -5.93059182e-01
  8.80979478e-01 -8.07471931e-01  2.13088438e-01  5.51424801e-01
 -6.56773627e-01 -3.90758187e-01  1.43242121e-01  2.11935133e-01
 -9.31481495e-02 -2.19872966e-01  3.20592284e-01 -2.26815380e-02
  1.36021286e-01 -7.62172818e-01  2.12349832e-01 -1.27141982e-01
 -6.43603504e-02 -1.57820612e-01  2.64960796e-01 -7.73804367e-01
  3.08751792e-01 -1.34795398e-01 -9.22530517e-02  4.32345748e-01
 -6.07732952e-01  8.60530555e-01  1.02429159e-01 -4.22151029e-01
 -2.94526704e-02 -1.23188280e-01 -6.46335602e-01 -8.16068292e-01
  4.59982216e-01 -2.75368243e-01  2.81266272e-01  3.78872514e-01
  1.45803541e-01  7.60105848e-01  1.65413618e-02  4.40185964e-02
  3.51011038e-01  3.87873113e-01  8.99581686e-02  3.23933095e-01
 -4.62004006e-01 -5.34325987e-02  5.84278762e-01 -8.37862790e-01
 -1.35014057e-01  4.42395322e-02 -4.43261951e-01  4.66958582e-01
  1.38552159e-01  4.95200753e-02 -2.71311730e-01 -2.95672476e-01
 -3.43964279e-01  2.89145172e-01  2.78231651e-01  3.83880287e-01
 -2.12855288e-04  3.52657884e-01 -2.96841830e-01  4.20441896e-01
  1.40269235e-01  6.62803769e-01  1.09529132e-02 -2.49316245e-01
 -7.61166990e-01 -1.78450748e-01  2.51341045e-01  2.48560891e-01
  4.15656120e-02 -8.78526211e-01  1.42715305e-01 -3.67501788e-02
 -5.65640450e-01 -1.95349798e-01 -3.72287840e-01  6.86625242e-01
 -3.80434580e-02  1.79914564e-01 -1.07767247e-01 -4.58080381e-01
 -6.97997212e-01  2.59056240e-01 -1.68051690e-01 -4.91655879e-02
 -2.13580102e-01 -9.60002318e-02 -1.39121320e-02  1.98626667e-01
  6.02209568e-01  5.10934234e-01 -1.99028850e-01  1.08309150e+00
 -4.65114534e-01  3.38232853e-02  3.89487773e-01  1.73709512e-01
 -5.13961792e-01 -8.78164452e-03  2.31831729e-01  5.93233228e-01
  5.72017312e-01 -4.90951926e-01  3.55887771e-01  9.36181843e-01
  4.92500840e-03  2.35442325e-01  4.68925864e-01 -1.16490021e-01
  3.04736435e-01  5.32806814e-01  5.97709119e-01  5.41073382e-01
  5.92143834e-02 -2.41891831e-01  1.00824591e-02  5.17738283e-01
  7.23901451e-01  8.04607421e-02  1.66189998e-01 -5.36121488e-01
  7.83840641e-02 -6.55987710e-02 -9.39969718e-03 -8.04161727e-01
  2.19759196e-01 -3.05725276e-01  1.52500451e-01 -8.31784010e-02
 -2.19059780e-01  4.82337968e-03 -2.45514527e-01 -1.42656997e-01
  1.65396035e-01 -1.80536762e-01  2.26214379e-02  2.52815306e-01
  1.00860395e-01 -7.36695156e-02 -3.12549770e-01  2.79089343e-03
 -2.68920720e-01  9.18744355e-02 -8.30516815e-02 -1.10109758e+00
 -9.53852296e-01  1.03881106e-01  5.31826556e-01  4.94676471e-01
  3.65183890e-01 -9.52106789e-02 -2.39994168e-01  2.04554543e-01
  7.21654952e-01  1.95283428e-01  4.75211233e-01  4.69315678e-01
 -5.75710177e-01 -1.04978181e-01  1.77905098e-01  3.13063949e-01
 -9.79202688e-02  8.28086808e-02  4.22740579e-02 -8.02398846e-02
 -9.45495218e-02  8.08014631e-01  1.93626329e-01 -1.15061909e-01
  5.42823086e-03  7.24072158e-01 -7.91777432e-01 -2.52511680e-01
 -5.10340989e-01 -2.52442151e-01  4.33612178e-04 -1.39367178e-01
 -5.12304783e-01  5.12993574e-01 -8.56382102e-02 -2.78315190e-02
 -4.14654672e-01 -2.26634517e-01  5.57317138e-01 -5.89458108e-01
  2.18611151e-01  2.76710242e-01 -1.29829556e-01  3.41493078e-02
 -5.82733810e-01 -1.07430205e-01 -4.65020955e-01 -5.12474656e-01
  9.52655450e-02 -2.72701353e-01  8.77055287e-01  3.07052471e-02
  7.11751580e-01 -1.73607394e-01  1.39930546e-01 -2.33707801e-01
 -1.70010328e-01 -4.66006249e-01 -3.89308721e-01 -3.20064992e-01
  3.61925870e-01  2.42260829e-01  5.45590460e-01 -2.52547652e-01
 -1.68000793e+00 -8.29514936e-02  9.01246294e-02 -5.90021551e-01
 -1.16623260e-01 -1.34414792e-01 -1.57002702e-01 -3.50256592e-01
 -7.30955303e-02  7.53961086e-01 -6.83084846e-01 -1.34672865e-01
 -2.11008042e-01  4.07173544e-01 -4.59838241e-01  6.23786785e-02
  1.15388535e-01  4.10698295e-01 -1.90829471e-01 -6.96349680e-01
 -3.93040687e-01  1.79575663e-02  1.43006444e-01  1.85511503e-02
 -4.81871307e-01 -1.48434574e-02 -4.17085320e-01  2.82912433e-01
  1.63787574e-01 -4.43290174e-01  3.41521949e-01  3.08568865e-01
  6.14660859e-01  5.54905236e-01  5.43033540e-01 -1.67243108e-01
 -6.71458781e-01  2.20170617e-01  1.89688981e-01 -3.02759826e-01
  5.59830368e-01 -5.56518137e-01  3.51618409e-01  3.42310756e-01
 -3.35783273e-01  2.90837556e-01  6.45881951e-01 -3.10758837e-02
 -1.57252991e+00 -2.52801150e-01  3.62301499e-01  2.08795875e-01
 -3.81751925e-01  1.31960496e-01  1.57625541e-01  3.44234735e-01
 -5.06384075e-01 -2.88007140e-01  5.49816430e-01  1.96436539e-01
  2.62163132e-01 -1.87219411e-01  5.82617044e-01 -5.04882991e-01
  3.97969894e-02 -6.78749979e-01 -1.71617232e-02  4.86107826e-01
 -2.34532297e-01 -1.44409791e-01  2.65208751e-01 -3.78248841e-01
 -2.67185420e-01  4.09802943e-01 -1.96832940e-01  5.28481901e-02
 -2.97440588e-01 -4.00130190e-02  2.80279517e-01  1.49727285e+00
  5.00847161e-01  6.12199247e-01 -3.23981762e-01 -3.65001798e-01
  2.64122099e-01  1.23170167e-01  3.43326449e-01 -3.92052352e-01
 -1.27428100e-01 -3.56435657e-01  2.99845319e-02 -6.09694757e-02
  1.71967726e-02 -1.90320536e-02 -2.85898656e-01  1.66258633e-01
 -4.61461455e-01  2.69408196e-01  4.63846594e-01  3.98641117e-02
  2.29337320e-01  6.74637556e-01  5.30179381e-01  2.00344041e-01
 -2.47796908e-01 -5.39353251e-01 -6.30355719e-03 -5.17817616e-01
  3.77795935e-01  3.54310274e-02 -2.08152793e-02  3.71635914e-01
 -3.01368773e-01  1.76991686e-01  3.63877625e-03 -2.82759398e-01
  3.79030369e-02 -5.90867937e-01 -3.02749813e-01 -1.49082586e-01
  7.98156932e-02 -3.84007663e-01  2.99143672e-01  4.65351671e-01
  5.44371367e-01 -3.98653477e-01 -3.92270029e-01  9.72675309e-02
 -9.83534157e-02  1.27100050e-01  7.17663020e-02  2.14128464e-01
 -4.05843407e-02 -1.31443769e-01 -5.32420456e-01 -4.54500645e-01
 -6.07447386e-01 -9.98709500e-02 -4.86487567e-01 -2.52065331e-01
  2.66220659e-01  6.39294863e-01 -6.12208340e-03 -2.62565445e-04
  2.04694018e-01  2.40642652e-01 -4.27702397e-01 -5.29126644e-01
 -2.38432959e-02  3.13135058e-01  5.64491034e-01  3.77767503e-01
  5.96675158e-01  1.17585137e-01  3.22405636e-01 -3.39446403e-02
  1.58558324e-01  3.65950882e-01 -3.81578386e-01 -2.99306184e-01
  1.03000677e+00 -4.18948561e-01 -1.96306072e-02 -1.87338233e-01
  1.94606170e-01  7.99240828e-01 -2.15115011e-01 -7.93520927e-01
  4.18662280e-01  4.26677354e-02  2.31191576e-01  6.34077966e-01
  4.24195170e-01  1.04574716e+00  2.88774312e-01  4.17648017e-01
  3.80794793e-01 -2.01076746e-01  1.47980750e-01 -3.86171550e-01
 -5.57927750e-02 -1.40444979e-01  3.92957896e-01  7.64117658e-01
  3.73838156e-01  2.85865635e-01  3.53921093e-02  4.45983082e-01
 -5.20824790e-01  1.52594760e-01  3.83240670e-01 -2.02982485e-01
 -5.34681618e-01  2.18737781e-01 -9.72753882e-01 -8.20762157e-01
 -1.42118096e-01 -1.54181104e-02  4.62866515e-01  8.17298517e-03
  3.94206733e-01 -5.85130751e-01 -7.57343411e-01 -4.78797048e-01
 -9.84368324e-01 -6.97788373e-02  5.17299473e-02 -1.90207765e-01
  5.90698004e-01  3.00529271e-01 -9.81938839e-01  4.61364597e-01
  3.21069539e-01  4.84507680e-01  1.78513914e-01 -3.84794921e-01
 -3.21662426e-01  8.44351947e-01 -5.01440942e-01 -4.16651845e-01
  7.50177801e-01 -7.43482336e-02 -6.99120983e-02 -3.65538716e-01
 -2.01956391e-01  1.56544775e-01  4.73310828e-01 -1.82083428e-01
  2.54827708e-01 -2.31193323e-02 -4.22174037e-01 -2.79205352e-01
 -2.62507737e-01 -3.16567719e-01  2.97977895e-01 -8.84693801e-01
 -2.04450682e-01 -2.52627939e-01 -1.21887743e-01  6.88534558e-01
  6.42952502e-01 -2.15195671e-01  9.18591321e-02  7.15314806e-01
  1.78813905e-01 -2.66066790e-01 -3.31308916e-02  7.55949542e-02
 -3.62432927e-01 -2.60648489e-01  1.19486786e-02  3.90239060e-01
  2.84600645e-01  3.44783872e-01 -7.18457520e-01 -3.53507429e-01
 -1.42467782e-01 -7.82932281e-01  4.00694132e-01  1.92137603e-02
  5.24908721e-01 -9.15139794e-01  1.73386246e-01 -1.48684144e-01
  3.27598691e-01  1.39680013e-01 -2.00174563e-02 -7.63090774e-02
 -1.40753603e+00  5.34817576e-02 -4.91853833e-01 -7.90289640e-01
  5.31877756e-01 -2.84822911e-01 -6.91955984e-01  2.17893630e-01
  1.76820919e-01 -9.17976275e-02  9.21580791e-02 -3.85496318e-02
 -4.90076423e-01 -4.22873162e-02  4.48101699e-01 -1.26145676e-01
 -1.06432103e-01  4.72065836e-01 -3.87865245e-01  3.98647003e-02
  6.03585422e-01  5.24963677e-01  1.71705201e-01  1.21528871e-01
 -7.35646188e-02  5.01642190e-02 -7.86901593e-01  1.55635715e-01
  8.70108232e-02  4.39944237e-01 -3.94597560e-01  2.23512560e-01
  6.52563274e-01 -3.68132114e-01 -5.19896671e-02  8.49521458e-01
  1.55818611e-01  6.38476849e-01  1.11140544e-02 -2.35162959e-01
 -8.81849945e-01  4.97459799e-01  4.13625896e-01  2.62266725e-01
 -3.03950429e-01  2.89349884e-01 -1.05225965e-01 -4.88278657e-01
  2.41197437e-01 -6.67811558e-02 -6.48341775e-02  4.65491861e-01
  4.32802051e-01  1.59918487e-01  7.77037919e-01  6.60133779e-01
 -3.09938699e-01  4.00959253e-01  1.44314617e-01  2.56775558e-01
  9.15910959e-01 -6.73000142e-02  5.17660499e-01 -3.36589038e-01
 -7.84148991e-01  2.95045078e-01  1.96931988e-01  3.56830567e-01
  1.17378509e+00  1.39682159e-01 -3.98816109e-01  5.46224952e-01
  8.05906475e-01 -7.51746744e-02  1.15499027e-01 -4.92774248e-01
 -5.36334105e-02 -8.12551901e-02 -2.03518867e-01 -7.50195608e-02
 -6.83854148e-02  8.23175758e-02 -1.19391821e-01  1.93659291e-01
 -2.46352330e-01  4.71951336e-01 -4.20903563e-01 -3.07816327e-01
  3.75900447e-01 -2.96159741e-03  3.02026123e-01 -5.33858947e-02
  4.79073226e-01 -3.20880771e-01 -2.08250985e-01  4.28363711e-01
 -4.07904178e-01 -4.38894421e-01 -5.32719642e-02  3.54732394e-01
 -3.68370116e-02 -5.23723802e-03  9.40156654e-02 -3.61226708e-01
 -2.11391807e-01  2.54273117e-01 -5.56930721e-01  3.65894824e-01
 -6.42438754e-02  2.67786860e-01  1.88380986e-01  4.71253060e-02
 -4.17745918e-01 -2.76442826e-01 -5.47187746e-01  1.43008962e-01
 -3.96871269e-01 -6.32258832e-01  4.64212120e-01 -1.83759145e-02
 -3.48539829e-01 -1.56650519e+00  6.56196892e-01 -1.74322262e-01
  3.85934293e-01 -1.87943995e-01  1.42567590e-01 -5.21857180e-02
  2.90188640e-02  1.42841697e-01 -4.49915349e-01 -3.34871858e-02
 -1.01067724e+01  3.11617330e-02 -7.10338235e-01 -5.03866792e-01
 -2.64388956e-02  1.03408713e-02  8.33916724e-01  5.29698193e-01
 -3.99114966e-01  1.70718711e-02 -4.22287047e-01  2.25666061e-01
  2.73504108e-01  5.72039843e-01 -4.24214043e-02 -3.59833062e-01
 -3.35964322e-01 -5.06882787e-01 -9.67234299e-02 -3.82920861e-01
 -6.20862655e-02 -6.16059639e-02  8.08233559e-01  1.75922617e-01
 -1.41766801e-01 -4.45674956e-01 -3.42614204e-01  3.71506095e-01
 -1.45561367e-01  1.72550425e-01 -1.12354136e+00  9.02729630e-01
 -3.65799874e-01 -3.82174015e-01 -4.52700913e-01  2.52111197e-01
 -1.03344508e-02  2.84253508e-01 -5.91973849e-02  6.01249099e-01
  2.94511944e-01  6.63701892e-01 -1.59801975e-01 -3.01804602e-01
  1.33111045e-01  4.78138477e-01 -1.13877743e-01  2.86380202e-01
  2.44580165e-01 -1.81336150e-01  1.40264288e-01 -3.99034947e-01
  2.80913800e-01 -1.46982849e-01 -1.33303432e-02 -1.94240063e-01
  7.76720881e-01 -7.87925303e-01  3.11534498e-02  1.07299186e-01
  2.39278749e-01 -1.93022102e-01  4.25227582e-01  2.08171546e-01
 -3.23789686e-01  4.72927004e-01  1.39993340e-01  2.36181840e-01
 -7.69515574e-01 -2.41971061e-01  3.64501327e-01  1.33696809e-01
  1.55698970e-01  1.74356505e-01 -2.46817935e-02  5.74505568e-01
 -1.88891619e-01  4.66608964e-02  7.75435716e-02  2.81894326e-01
  4.17148203e-01 -4.69411433e-01 -6.45520866e-01  1.39159366e-01
 -1.64156571e-01  4.06951696e-01 -1.34477422e-01  3.28823775e-01
  7.53167793e-02 -4.62564290e-01  3.39626253e-01 -4.55998957e-01
 -6.29896760e-01 -1.37135521e-01 -4.55033481e-02 -3.14345300e-01
  2.21978888e-01  2.28932858e-01  3.69276494e-01  4.94382977e-01]"
ケ,"[ 2.42983744e-01  6.61647081e-01  4.14434195e-01 -5.31312227e-01
  1.04339898e-01  1.10275947e-01  1.06261194e-01 -2.47834116e-01
 -2.82122970e-01 -1.26020119e-01  3.78420025e-01  1.03774980e-01
 -1.07884943e-01 -2.94757605e-01  5.36776423e-01 -9.28157926e-01
  1.16735227e-01  6.56434596e-02 -1.83230370e-01 -2.12079987e-01
 -4.94876027e-01 -4.05501306e-01 -4.89496082e-01  4.15394038e-01
  2.37108335e-01  9.90686864e-02  3.00017208e-01  2.30317578e-01
 -1.50839567e-01 -4.30407733e-01  1.60728768e-01 -3.66934896e-01
 -7.88718555e-03 -2.88333207e-01 -2.22001731e-01  4.11872476e-01
  1.57045312e-02 -3.44284624e-01  6.69746280e-01  3.24419528e-01
  4.92513508e-01 -1.04946829e-02 -1.45402238e-01 -4.75986481e-01
 -1.83862805e-01 -2.56758053e-02  2.66797654e-02 -2.45186791e-01
 -1.45347774e-01  2.87010878e-01 -6.90131187e-02  1.47571281e-01
  2.69189686e-01 -9.75613892e-02 -1.41009599e-01 -2.09819764e-01
  4.57318753e-01 -1.17477477e-01  7.93971196e-02  1.47165596e-01
 -6.07470214e-01 -2.48136818e-02 -2.85619438e-01  2.63646305e-01
 -1.50541455e-01  2.05124050e-01  1.77532330e-01 -1.43306538e-01
 -3.58594465e-03  1.59628808e-01 -9.07938555e-02  2.54120946e-01
 -4.10707742e-01  8.26245546e-02  4.37749714e-01  1.31619766e-01
  1.34735867e-01 -6.24474466e-01  2.05821231e-01  1.93708450e-01
 -1.44872308e-01  6.12187028e-01 -1.08338021e-01 -9.23694670e-01
 -3.28349292e-01  4.22950089e-01 -8.55821431e-01 -6.49204493e-01
  7.46537626e-01  1.91497773e-01  3.26317757e-01 -1.21452220e-01
  1.69238001e-01  5.16637638e-02  4.65066671e-01  5.60071655e-02
  1.09511249e-01  6.39735139e-04  5.53719327e-02  4.07889456e-01
 -5.67250371e-01 -1.98796421e-01  2.26551190e-01  2.04362273e-02
 -2.53286928e-01  1.02281630e-01 -1.48578644e-01  2.98435390e-01
  5.23440242e-01  1.86442465e-01  2.29677036e-02 -5.23345530e-01
 -1.03751111e+00 -3.80867198e-02 -5.10710001e-01 -6.20136447e-02
 -1.46765798e-01  2.12909490e-01 -5.90549596e-03  9.58530605e-01
  1.52095973e-01  6.95381522e-01 -2.73402929e-01 -4.18316722e-01
 -6.10742569e-01 -3.33437175e-02  2.11496949e-01 -5.00729121e-03
  2.97402203e-01 -5.95650613e-01 -1.55517846e-01 -3.45940113e-01
 -4.77604061e-01  1.49687156e-01 -2.89343983e-01  1.32733428e+00
 -2.77786016e-01 -3.31554204e-01 -1.16688140e-01 -7.16544151e-01
 -3.89084756e-01  2.68974900e-01  4.93835807e-01 -3.20211232e-01
 -3.55864555e-01  2.38670006e-01  2.28365019e-01 -1.37026206e-01
  3.48668247e-01  2.29750574e-01  7.07686543e-02  7.89300978e-01
 -4.18758661e-01  2.13486463e-01 -3.80802862e-02 -2.27503344e-01
 -4.24121708e-01  8.12907040e-01 -5.52768633e-02  1.29970178e-01
  4.82939869e-01 -3.33131254e-01  8.83076787e-02  6.62143707e-01
  1.92182183e-01  3.53275150e-01  5.63312531e-01  8.06767792e-02
  5.19129634e-01  8.49038839e-01  1.57426313e-01  1.92037836e-01
  2.67482817e-01 -1.19606145e-02 -1.79694071e-02  3.75825554e-01
  1.09623320e-01 -1.50926575e-01  5.98473698e-02 -6.68065310e-01
  1.79712959e-02 -4.22224879e-01  2.69056648e-01 -6.09035969e-01
  4.29628283e-01  1.82001814e-01  2.57597476e-01 -8.01635720e-03
  2.30918154e-01  2.19380587e-01  7.11452216e-02 -1.97873503e-01
  3.08654934e-01 -3.05957019e-01 -2.48256177e-01 -4.04009558e-02
 -1.86616182e-01 -1.04710683e-01 -3.69098902e-01  6.21734321e-01
 -1.49576059e-02  2.08998397e-02  1.55353740e-01 -1.00836909e+00
 -6.59872770e-01 -3.07220090e-02  7.40824491e-02  2.43539974e-01
  2.01195046e-01  4.04138356e-01 -3.81080389e-01  3.07194799e-01
  2.13843957e-01  2.13415235e-01  7.39353836e-01  1.24230146e-01
 -4.99982357e-01 -6.20070517e-01  6.95783973e-01 -4.20925260e-01
  2.96665817e-01  2.87886381e-01  1.15416288e-01 -3.49674284e-01
 -5.42521775e-01  3.03326398e-01  6.87091231e-01 -1.92804158e-01
  2.80525297e-01  7.86598802e-01 -2.74355739e-01 -7.09179521e-01
 -7.55965531e-01  4.02801573e-01 -5.77353060e-01 -3.29766446e-03
 -1.89533249e-01  3.89778644e-01  1.03490449e-01  4.46693420e-01
 -2.23336563e-01  8.43053237e-02  1.23795629e-01  2.08829269e-02
 -2.95165867e-01  1.24773525e-01 -2.41209030e-01 -6.96718931e-01
 -2.19151139e-01 -5.63319623e-01 -7.80928135e-01  2.35174313e-01
 -7.93177709e-02 -6.61480308e-01  7.60380387e-01 -1.34834036e-01
  1.94659144e-01  3.50688249e-01  6.98992610e-01 -2.84044683e-01
 -9.34493959e-01 -6.18886948e-01 -1.09934501e-01 -2.04715028e-01
 -2.34594434e-01  2.68267363e-01  1.31307706e-01 -2.01235846e-01
 -9.30844724e-01 -3.64141345e-01  5.58054447e-01 -4.75634784e-01
 -2.43771940e-01 -9.48891789e-02 -5.02436817e-01 -1.32405728e-01
  5.24689332e-02  6.77733064e-01 -5.29695034e-01  4.79349852e-01
 -6.65214896e-01  2.19945520e-01 -9.17438090e-01 -3.69209707e-01
  2.43194371e-01 -2.33711869e-01 -2.76689231e-01 -6.34642959e-01
 -2.65756041e-01  1.16315419e-02  1.32512823e-01 -1.06600308e+00
 -1.12010859e-01 -8.64522457e-02 -2.06303611e-01  5.90228558e-01
  2.40708724e-01  3.16125125e-01 -2.27327973e-01  2.48950850e-02
  1.73042521e-01  9.93838012e-02  4.27819520e-01 -1.96427464e-01
 -2.36885741e-01  1.08922052e-03 -5.91033623e-02 -3.96090686e-01
  5.07862151e-01 -1.63101852e-01  2.18893185e-01  4.48639601e-01
 -5.53712368e-01 -4.63178568e-02  1.24448180e+00  3.48742932e-01
 -1.50201535e+00  5.99540830e-01  2.30322972e-01  4.92267251e-01
 -2.42355950e-02  8.28933001e-01  1.65879533e-01  2.40007624e-01
 -1.75178066e-01 -4.95150208e-01  8.98319900e-01  5.47534764e-01
 -3.15732449e-01  4.95436102e-01  7.17108905e-01 -2.82720804e-01
  3.41013402e-01 -6.12178087e-01  2.75671203e-02  3.62047583e-01
 -1.28877148e-01  5.86671494e-02 -3.59301597e-01 -4.15886462e-01
 -3.23458314e-01  2.18678832e-01 -5.43814264e-02  3.66624892e-01
 -6.25962555e-01 -3.30054104e-01  3.59206237e-02  9.05072808e-01
  7.25975335e-01  6.45570040e-01 -8.03440869e-01 -3.68760109e-01
  3.28003079e-01  3.39110285e-01 -1.11615039e-01 -4.98237126e-02
  3.11206102e-01 -6.00452781e-01  7.44467080e-01  4.94389795e-03
 -2.73741663e-01  4.37093407e-01  2.13876575e-01 -1.15026243e-01
 -1.55057222e-01  3.71474773e-01  5.80129623e-01  1.33970277e-02
  3.82444471e-01  1.66542724e-01  5.57122946e-01  1.55771459e-02
 -3.92663777e-01 -2.14872837e-01  5.07878125e-01 -6.61259174e-01
 -1.46612436e-01 -3.99776213e-02 -4.44043040e-01  3.93290460e-01
  5.50920703e-02  1.10716604e-01 -4.61688399e-01 -9.68769789e-02
 -3.80791992e-01 -3.49235535e-01 -7.85924554e-01  1.58579722e-01
 -1.02816418e-01  1.69182509e-01  6.84942007e-02  5.90056367e-02
  6.42101586e-01 -3.89000237e-01 -6.94823146e-01  4.97640848e-01
 -2.10066885e-01  6.16585910e-01  1.52980611e-01  3.49158138e-01
 -8.53445530e-02  5.20271301e-01  8.30933154e-02 -3.33798945e-01
 -9.16583180e-01 -1.62950270e-02 -7.33271241e-01  4.28533703e-02
 -1.87878296e-01  6.51965141e-01 -1.90103903e-01  1.04135819e-01
 -2.16933176e-01 -1.17223606e-01 -6.70883596e-01 -4.08377767e-01
 -2.15285514e-02  4.12570119e-01  1.18696384e-01  2.39137217e-01
  7.60342479e-02  2.22781777e-01 -1.96928754e-01 -1.20594062e-01
  2.04806358e-01 -2.83829331e-01 -2.15340763e-01 -3.13322783e-01
  3.03208202e-01  2.22940505e-01  1.99378073e-01  1.40564054e-01
  1.34893656e-01  9.17116284e-01 -4.07739868e-03 -5.68395793e-01
 -2.02481136e-01  7.48540014e-02 -5.58235884e-01  6.20762229e-01
  6.03394628e-01  3.16879570e-01 -2.12513283e-01 -2.88510211e-02
  3.11512262e-01  2.21039176e-01  2.49351710e-01 -2.54389405e-01
 -9.92610976e-02 -1.65607199e-01  6.28498852e-01  1.07133162e+00
  2.83630192e-01 -1.07452095e-01  9.00056660e-02  4.16677803e-01
 -3.19882363e-01  2.92134970e-01 -9.71302092e-02 -2.27658406e-01
 -1.31079271e-01  1.18297018e-01 -5.38550392e-02 -6.49767578e-01
 -2.52242424e-02 -2.64421463e-01  5.95304929e-02  1.22790508e-01
 -5.16981892e-02  1.29454523e-01 -2.90019035e-01 -9.42623094e-02
 -1.63310438e-01 -1.55384481e-01 -4.45168197e-01 -7.10231885e-02
  4.44833100e-01  2.61295855e-01 -5.23063362e-01 -1.09547697e-01
 -5.02949953e-01  2.45134383e-01  2.19964564e-01 -9.73588765e-01
 -7.07339635e-03  4.77484614e-01 -4.49726194e-01  3.07370156e-01
  7.92830348e-01  1.82920434e-02 -1.01889014e-01 -6.85815573e-01
 -1.85781986e-01  1.09096784e-02  1.31780818e-01 -6.56769753e-01
  8.30115080e-01  1.01656109e-01 -5.71702659e-01 -1.14932701e-01
 -2.62709200e-01  3.40241790e-02  3.10940528e-03 -3.71332943e-01
 -3.02453190e-01  1.30453035e-01 -7.12276027e-02  3.35875690e-01
  3.01972717e-01 -3.83608252e-01  5.50241292e-01  4.76828396e-01
 -1.81396514e-01 -2.05640882e-01  1.38178796e-01  1.30057931e-01
 -2.51086652e-01 -4.90662009e-01  5.84722817e-01  9.90990922e-02
  4.54297751e-01 -5.01931250e-01 -4.52583998e-01 -9.55391824e-01
 -3.08103412e-01 -4.12002712e-01  1.01010895e+00  1.06171153e-01
  5.92078924e-01 -5.46623349e-01  3.69764157e-02 -2.33401835e-01
 -4.80785966e-01  3.40243764e-02 -6.63916057e-04  1.70540854e-01
 -5.42601883e-01  5.97610399e-02 -5.66765144e-02 -5.71679771e-01
  5.89732587e-01  2.15650350e-01 -5.51976800e-01  2.14102030e-01
  3.32562447e-01  4.88354474e-01 -3.27153951e-01 -4.44363104e-03
  2.88240220e-02 -4.15050626e-01  4.93107557e-01  5.98717451e-01
 -1.68216433e-02  8.29540566e-03 -4.52356666e-01  1.86267331e-01
  4.56171542e-01  9.95494574e-02  5.67488372e-01 -1.29907057e-01
  3.05525810e-01 -3.93447608e-01 -5.91024399e-01 -1.65695339e-01
  5.24529397e-01 -3.61129120e-02 -2.30585098e-01  5.20514965e-01
  8.12446654e-01 -4.47135925e-01 -2.02597722e-01  5.87855458e-01
  5.43065906e-01  5.17321825e-01 -1.23918481e-01 -3.95412445e-02
 -1.17859408e-01  3.18789661e-01  1.79927766e-01  4.06401195e-02
  7.95059875e-02 -3.79260033e-01  1.64937034e-01  2.50375401e-02
 -2.21073125e-02  5.72055094e-02 -1.90583706e-01 -2.51102239e-01
 -1.88268591e-02 -9.07959864e-02  9.66732800e-01 -9.44556296e-02
 -8.23743418e-02 -1.61988020e-01  2.51872968e-02  7.46377885e-01
  3.58150423e-01  5.91222405e-01 -2.39296228e-01 -1.58086210e-01
 -1.10108197e+00  1.27563700e-01  3.13126653e-01  2.48641402e-01
  4.77851599e-01 -5.83883703e-01 -4.25911844e-01  1.56735554e-01
 -2.80694552e-02  2.17195883e-01 -3.51877838e-01 -3.05016547e-01
 -3.96391414e-02 -1.14743374e-01 -6.35525823e-01  1.86520383e-01
  6.95757940e-02  2.21612215e-01 -2.65844554e-01 -1.08380392e-01
  5.52495196e-02  7.24156082e-01  4.91474532e-02 -1.66815087e-01
  4.28943217e-01 -5.20951390e-01 -3.09499532e-01 -2.50238031e-01
  4.03599054e-01 -1.37843356e-01 -2.86464602e-01 -1.82003081e-01
 -2.83991575e-01 -1.86084658e-01  1.14216693e-01  7.54496992e-01
  3.30890685e-01 -4.47415560e-01 -2.43613750e-01 -6.80003405e-01
  1.10743001e-01 -4.49113101e-02 -2.78133154e-01 -1.66787356e-01
  8.78268927e-02  1.51174292e-01 -3.81850898e-02 -4.34712261e-01
 -9.46749151e-01  2.70525157e-01  1.03676040e-02 -7.44999852e-03
 -5.32436848e-01 -2.00023711e-01  1.84640855e-01 -1.12786546e-01
 -6.11799508e-02 -1.41685295e+00  2.16365591e-01  2.85401821e-01
  4.74258691e-01 -5.20505667e-01 -1.40135452e-01 -3.13458234e-01
  7.91247413e-02 -6.75518811e-02 -3.64398360e-01  2.23663613e-01
 -1.01262293e+01 -5.95409036e-01 -2.01366365e-01  1.83145076e-01
 -6.07669294e-01 -9.56417769e-02  7.92103410e-01  4.13495660e-01
 -7.08602548e-01  2.05084875e-01  7.76176751e-02 -2.83153001e-02
  3.39361548e-01  7.49784529e-01 -4.07476127e-01  2.13155784e-02
 -1.99846745e-01  7.02861995e-02  5.54596148e-02  2.28046671e-01
 -6.89334646e-02 -4.80258167e-01  7.31772542e-01  2.83301268e-02
 -1.39087085e-02 -2.48534426e-01 -4.82468680e-02 -3.12602293e-04
 -2.20595345e-01  5.58956504e-01 -9.52058136e-01  6.14722252e-01
  1.45301884e-02  5.22126071e-02 -5.02472281e-01 -1.64752603e-01
  2.00219844e-02  3.84266376e-01 -5.65384388e-01  1.70460314e-01
 -1.71508998e-01  7.51562297e-01 -3.78189497e-02  3.84574264e-01
  2.85517097e-01  2.30679050e-01  3.77662361e-01  3.39139163e-01
  4.17845428e-01 -1.35157764e-01  1.26713172e-01 -8.31874549e-01
  7.93661296e-01 -3.53794098e-01  7.52086714e-02  8.17460492e-02
  5.92950761e-01 -4.89647657e-01  2.42520183e-01  4.49772663e-02
  5.13068318e-01  2.26554811e-01  5.21204293e-01  7.71906316e-01
 -5.12834564e-02  8.63157958e-02  1.18301526e-01  1.62772954e-01
 -6.37453437e-01 -1.27570048e-01  4.73882705e-01  3.82147282e-01
 -1.57582954e-01  3.60108823e-01 -1.02092385e-01  4.07757275e-02
  1.95189804e-01  2.84396082e-01  6.15221262e-01 -1.50578991e-01
  5.93798995e-01 -6.15887761e-01  3.32245171e-01  3.16054106e-01
 -8.13950002e-01  3.92543405e-01 -1.29814759e-01  8.86130780e-02
  3.96851242e-01 -6.39333487e-01  7.39025772e-01  8.23216140e-01
 -4.74990696e-01  1.07104614e-01  4.60877270e-01 -3.34663004e-01
  1.82906508e-01 -5.94441928e-02  5.92715979e-01 -1.58273373e-02]"
ン,"[ 3.17613687e-03 -6.07978404e-02  8.68006200e-02 -6.61807656e-01
  1.11189066e-02  3.26512426e-01  1.91664413e-01 -4.04566735e-01
 -4.29208189e-01 -4.08304513e-01  5.46361029e-01  2.07058281e-01
 -3.82692397e-01  6.25517517e-02  7.95114398e-01 -4.42884237e-01
  3.12596262e-01  3.43851298e-01 -5.23972958e-02  5.17843142e-02
  9.78624746e-02 -5.57179034e-01 -2.74719983e-01  4.72691730e-02
 -4.59600277e-02 -3.68633270e-01  2.24446252e-01 -8.23124871e-02
  9.83265489e-02 -2.37664342e-01  1.59143001e-01 -4.42582101e-01
 -8.01399499e-02 -2.66500235e-01 -3.09830289e-02  1.08848056e-02
 -6.90804943e-02  2.67906427e-01  2.06370443e-01  1.93275303e-01
  1.47970796e-01  7.63707468e-03  1.94862664e-01 -1.71204269e-01
 -5.28566688e-02  1.62715256e-01 -8.94470736e-02  1.00410804e-01
  5.91101348e-01 -2.88962901e-01  1.37422949e-01  5.50191760e-01
  4.75078493e-01  1.71626002e-01 -6.01437613e-02  3.18500221e-01
  8.22449863e-01 -5.57417631e-01 -1.14977181e-01  1.27614051e-01
 -5.70630729e-01  2.01447353e-01 -3.59570861e-01  2.33215570e-01
 -2.31568545e-01  1.06435306e-01  3.59065235e-02 -1.41760200e-01
 -3.78113747e-01 -3.54009688e-01 -2.74864323e-02  4.02396023e-01
 -6.04655266e-01 -3.35921586e-01  5.04861295e-01 -1.39341205e-01
  3.97652686e-01 -1.79454118e-01  2.27434691e-02  1.81479022e-01
 -1.18774094e-01  2.26871729e-01 -9.03581604e-02 -6.76216125e-01
  5.69993667e-02  2.46051811e-02 -2.30012953e-01 -5.12059629e-01
  1.24878541e-01 -4.49353546e-01 -1.13327712e-01 -2.07393631e-01
  3.07430148e-01  1.45306038e-02 -1.84143722e-01  1.83727786e-01
 -6.20439947e-02 -2.28585601e-01 -8.33185613e-02 -1.28377341e-02
 -4.64905530e-01  2.86150634e-01  1.15068398e-01  1.07643448e-01
  5.51507473e-02  1.07568718e-01 -1.80956811e-01  3.81249785e-01
 -1.39119878e-01  4.46294099e-01  2.86272138e-01 -2.63554543e-01
 -2.67962813e-01  5.20831123e-02 -1.24907292e-01  2.64774775e-03
  2.67717317e-02  2.46902078e-01  3.02001107e-02  3.71081442e-01
 -1.09858617e-01  4.69937414e-01  5.87188080e-03 -6.16717003e-02
 -2.28099138e-01 -1.40672177e-01  7.04468787e-02 -3.09187949e-01
 -7.20217265e-03 -3.81282210e-01  1.61726072e-01 -4.14503291e-02
 -5.85693121e-01  2.54744262e-01 -1.13806263e-01  4.81149107e-01
  1.30574569e-01  7.83994868e-02 -3.91741931e-01 -5.68801582e-01
 -3.19120549e-02 -2.43827060e-01  3.64306957e-01  9.48860645e-02
 -1.71864644e-01  2.71617740e-01  3.19801271e-01  1.31136999e-01
  7.37638891e-01  5.04436970e-01 -2.00155348e-01  7.39304841e-01
 -4.96624589e-01 -5.09211002e-03  2.59334475e-01 -1.62421137e-01
 -4.99266744e-01  4.15181309e-01 -1.08698241e-01  6.08009756e-01
  1.55262813e-01 -3.18141460e-01  2.96795756e-01  8.42025757e-01
  1.29516676e-01  7.17563033e-01  3.21345001e-01  4.22184765e-01
  6.05125904e-01  5.96647143e-01 -1.65656701e-01  5.46399534e-01
  3.13374668e-01 -3.28739911e-01  2.96329826e-01  5.74971503e-03
  3.74555811e-02  5.07695258e-01  1.68163180e-01 -9.26605403e-01
 -1.95722863e-01  1.94184914e-01  5.22578396e-02 -4.19142753e-01
  7.75595307e-01  6.69464469e-03  5.30292153e-01  2.60510147e-01
 -6.96816519e-02 -1.84170589e-01 -3.72766554e-02 -9.85671952e-03
  2.62230158e-01 -4.05326307e-01 -5.70496500e-01 -1.91451058e-01
  9.44606438e-02  5.08277006e-02 -4.83355403e-01  4.18068171e-01
  3.13399851e-01 -3.69711295e-02 -2.73024946e-01 -8.95397723e-01
 -8.14264417e-01 -2.51998007e-01 -1.53145298e-01  2.97361761e-01
  1.47576453e-02  9.84799936e-02 -2.79979825e-01 -3.44386131e-01
  3.40916514e-01  6.03276640e-02  2.96489507e-01 -5.70669658e-02
 -9.99072969e-01  2.38197539e-02  4.89080735e-02 -3.46764252e-02
  1.86461926e-01  1.58124045e-02  2.86242902e-01 -5.11531234e-01
 -2.33803719e-01  1.35309905e-01  1.60846829e-01 -2.10655406e-01
  1.54798746e-01  5.37417233e-01 -6.63324967e-02 -1.90049887e-01
 -8.29337060e-01  2.21803054e-01 -4.50445712e-02  4.05446231e-01
 -6.59997702e-01  6.99217796e-01  1.81041267e-02 -2.42955773e-03
  5.48265994e-01  3.27879101e-01  1.13901928e-01  2.34907120e-01
 -3.64142329e-01  3.44855964e-01  1.52600616e-01 -4.32588935e-01
 -6.53170884e-01 -5.37963450e-01 -9.27617610e-01 -3.59889865e-01
 -8.56102630e-02  1.10338099e-01  4.77373540e-01  9.74730402e-02
  2.28224918e-01 -4.77896720e-01  1.22330181e-01 -3.65375876e-01
 -3.75363022e-01 -4.72373843e-01 -2.52517253e-01  3.11940946e-02
 -1.93095580e-01 -2.20293105e-01  8.52293335e-03 -5.55094838e-01
 -7.38495648e-01  1.60837919e-01  7.88786188e-02 -3.68390322e-01
 -4.11453336e-01  6.41935840e-02 -1.21346146e-01 -3.29597801e-01
 -1.12583721e-02  2.54391462e-01 -3.79724205e-01 -2.08807196e-02
 -6.49289191e-01  6.13862753e-01 -6.30755723e-01 -3.39933723e-01
 -1.04494296e-01  1.66841224e-02 -1.44660562e-01 -4.67879236e-01
 -1.89699382e-01  7.63560593e-01  2.99068868e-01 -1.38578862e-01
 -3.64135116e-01 -4.97943729e-01 -5.78303158e-01  4.36944693e-01
  4.17651296e-01  1.07447378e-01  8.78961757e-02  4.02312696e-01
  5.33405006e-01  1.97818547e-01  2.84468293e-01 -1.84748411e-01
 -2.36684322e-01 -2.72533864e-01 -1.30634427e-01  6.27033412e-02
  4.48220760e-01 -3.05838406e-01 -1.22567318e-01  9.93842244e-01
 -4.59341526e-01 -3.65406692e-01  7.31888354e-01 -6.70155808e-02
 -1.39971960e+00  2.08987743e-01  4.64135826e-01  3.39649886e-01
 -4.81524795e-01  7.12354779e-01  1.87801823e-01  5.76931000e-01
 -2.34410152e-01 -4.89848614e-01  5.67231834e-01 -1.24762781e-01
 -4.13682163e-01  4.25400406e-01  1.54349640e-01 -5.03200829e-01
 -8.71274900e-03 -4.59089309e-01 -2.12643519e-01  4.48241919e-01
 -1.86276466e-01 -2.74078120e-02  1.12516331e-02 -4.01343137e-01
 -2.44004950e-01  3.09017986e-01 -1.48792658e-02 -5.37410796e-01
 -5.53410411e-01 -2.89433151e-01  3.39350790e-01  1.05810380e+00
  1.44974336e-01  6.22008622e-01 -4.68728423e-01  4.52818841e-01
  3.88497591e-01  1.07368588e-01  5.57179749e-01  2.76418477e-01
 -2.42470354e-01 -2.15807959e-01  5.62711298e-01  4.15305495e-01
  1.06074534e-01 -4.43860218e-02  1.33653417e-01  6.35653511e-02
  1.82625905e-01 -1.05584092e-01  6.50277615e-01 -1.41808420e-01
  3.53652328e-01  5.14618933e-01  2.33099461e-01 -9.00570750e-02
  7.81622529e-02 -4.57689911e-01  1.09429002e-01 -8.40636492e-01
  5.04574835e-01 -2.83449870e-02 -2.18085330e-02 -5.20893447e-02
 -1.03149295e-01 -4.37160015e-01 -1.79494787e-02 -1.39989480e-01
  2.67539263e-01 -5.08157313e-01 -5.33895075e-01  1.07774056e-01
 -6.89213574e-02 -2.83149242e-01  1.71120137e-01  3.12902868e-01
  4.28791821e-01 -5.32688439e-01 -4.09486890e-01  7.73353815e-01
  1.62159633e-02 -7.25411298e-03  5.61429620e-01  1.17548563e-01
 -7.60221034e-02 -2.11329386e-01 -4.42888379e-01 -2.04645008e-01
 -7.78024912e-01 -3.56423646e-01 -4.52841729e-01  2.16080964e-01
  2.36276343e-01  3.22584599e-01 -1.11663848e-01 -4.70034219e-02
  7.03728721e-02  1.37324661e-01 -6.32245988e-02 -6.52181864e-01
  2.31035039e-01 -1.59226939e-01  5.89680910e-01  8.06764603e-01
  1.58732638e-01 -2.73249149e-01 -1.71576813e-01  2.11646900e-01
  2.31354371e-01  1.23028457e-01 -6.48590446e-01  1.93797164e-02
  5.92741907e-01 -9.51088667e-02 -2.24315897e-01  1.12371504e-01
  3.11464936e-01  4.61230457e-01 -2.76660681e-01 -3.82485032e-01
 -3.53952907e-02  3.31824541e-01 -5.21954633e-02  3.87284011e-01
  9.41041410e-02  1.02863395e+00  2.51859516e-01 -7.52753988e-02
  2.33967155e-01 -3.08179170e-01 -7.24743828e-02 -2.20114797e-01
  2.93157399e-01  1.90492213e-01  9.27618966e-02  5.09248078e-01
  1.10045530e-01 -3.63772511e-01 -2.76042730e-01 -8.28023702e-02
  3.29618990e-01  1.68551907e-01  9.73466262e-02  2.86636442e-01
 -5.14961481e-01 -3.74912634e-03 -3.45947295e-01 -4.57727015e-01
 -1.33094743e-01  1.08476266e-01  6.00565195e-01  1.60536230e-01
  5.43937564e-01 -5.33170700e-01 -3.25734526e-01 -3.71145517e-01
 -4.54083532e-01 -1.34091273e-01 -2.62034595e-01  2.08984196e-01
  1.86641410e-01  1.43626943e-01 -4.56720203e-01 -3.66131932e-01
 -8.83623958e-02  3.65077525e-01  2.15740874e-02 -1.00308716e+00
 -4.10585403e-01  6.31158948e-01 -1.84855133e-01 -3.69897455e-01
  1.03659995e-01  2.36632690e-01  1.72609523e-01 -2.16003954e-01
 -2.13409830e-02 -1.68961227e-01  3.04128975e-01 -1.61232110e-02
  4.92134273e-01 -9.64426622e-02 -2.04459786e-01 -3.32964689e-01
  5.66480383e-02 -2.57824510e-01 -3.34034473e-01 -5.72498620e-01
 -3.06880534e-01 -4.57549095e-02  1.79456457e-01  1.16783254e-01
  4.51031655e-01 -2.44654551e-01  4.98524696e-01  3.15715522e-02
  1.46785304e-01 -9.06953961e-02  2.86881000e-01 -2.87588745e-01
 -1.96511522e-01 -1.93210766e-01  5.32663286e-01  2.68179744e-01
  3.17699850e-01 -2.00333640e-01 -5.33043921e-01 -1.28149822e-01
 -2.39200979e-01 -5.19485593e-01  5.82714915e-01  9.00339633e-02
  5.45618236e-01 -1.83607638e-01  2.24078834e-01 -1.90752864e-01
 -1.51288521e-03 -3.93022567e-01 -1.05430625e-01 -1.07825808e-01
 -8.34050000e-01 -1.86623216e-01 -3.21225554e-01 -4.42048252e-01
  5.20093322e-01  2.66908616e-01 -6.01378739e-01 -3.17012846e-01
  1.42521292e-01 -3.42735127e-02 -4.50731009e-01 -8.93237889e-02
 -5.12572050e-01  1.82778418e-01  4.87899512e-01  4.28265184e-01
  4.14472908e-01 -2.68916726e-01 -6.81961894e-01  1.48743704e-01
  7.06680298e-01  1.27625644e-01  2.58611500e-01  1.33899599e-01
 -6.30201921e-02  6.87753735e-03 -3.61166924e-01  5.99597991e-01
  3.28471392e-01  6.11234367e-01 -1.59367308e-01  5.79657137e-01
  5.70499778e-01 -2.03969046e-01  2.70966887e-01  9.04450119e-01
  3.97225410e-01  6.36755407e-01 -5.77708259e-02  3.68234590e-02
 -5.47057211e-01  2.95317620e-01 -2.78408259e-01  2.50532746e-01
  2.95597583e-01 -3.87314558e-01 -1.06711723e-02 -4.47060823e-01
  5.82158118e-02  3.54063928e-01 -2.57291913e-01  6.40492439e-02
 -1.53027967e-01 -5.27771890e-01  3.81747633e-01 -1.58414677e-01
 -7.10591152e-02  1.84038460e-01 -3.50280739e-02  4.53729361e-01
  5.28607190e-01  2.89910972e-01 -4.13019881e-02  2.18813434e-01
 -6.56645000e-01  8.71488005e-02 -4.67824578e-01  2.55652428e-01
  8.07451427e-01  1.06632136e-01 -7.05801308e-01  1.14724427e-01
  7.12393165e-01 -3.56042296e-01  6.12720251e-02 -1.09155071e+00
 -1.83731511e-01 -1.11092418e-01  1.16029590e-01  1.15147159e-01
 -1.75462157e-01  4.96920139e-01 -3.07970017e-01 -1.20885350e-01
 -2.61702031e-01  7.54705608e-01  6.75808936e-02 -2.03601196e-01
 -8.34806710e-02  5.29114045e-02 -5.20556681e-02  2.55377173e-01
  5.19331433e-02 -4.06432241e-01  1.17533110e-01 -4.00002636e-02
 -2.94865906e-01 -2.02174541e-02  4.06660765e-01  1.87807217e-01
  2.56806910e-02  2.26845756e-01 -4.00772244e-02 -8.69129181e-01
 -2.08236724e-01  3.32490236e-01 -9.42822278e-01 -7.35208243e-02
 -1.42976373e-01 -1.13643274e-01  3.54890704e-01 -1.47615075e-01
 -3.49446923e-01  1.57335289e-02 -2.95113206e-01 -5.24454191e-02
 -1.21971622e-01 -5.85670590e-01 -6.85122907e-02  2.01101497e-01
 -9.97806042e-02 -1.07491338e+00  1.43380091e-01  1.80716157e-01
  3.34964663e-01  5.05462624e-02  5.15951395e-01  2.37292767e-01
  3.97394374e-02  4.21320677e-01 -2.29931965e-01  1.79247186e-01
 -1.03820820e+01 -4.44893003e-01 -3.65293264e-01 -1.83305487e-01
 -3.69284958e-01  4.92114902e-01  6.92190528e-01  3.03514808e-01
 -2.52415985e-01  4.12858665e-01 -3.01866412e-01  2.48289540e-01
  1.43474624e-01  9.37308729e-01 -4.28608716e-01 -1.82765752e-01
  3.00782621e-01  8.21121186e-02  6.40494302e-02  3.10793161e-01
 -2.13016227e-01 -4.07034278e-01  6.02096558e-01  7.59041309e-02
 -6.83071688e-02 -3.66577953e-01 -2.48921990e-01  2.34104961e-01
 -1.81457207e-01  1.10360451e-01 -6.09164238e-01  5.34744024e-01
  1.00308433e-01  3.63924474e-01 -7.44879067e-01 -2.30176792e-01
 -8.91357064e-02  2.33388156e-01  3.84759128e-01  5.59588253e-01
 -8.36476907e-02  6.77435100e-01  2.64930218e-01 -4.22809809e-01
  8.53337288e-01 -2.34485701e-01  3.33837777e-01  5.19216418e-01
  2.75016248e-01  1.35407135e-01 -1.36321679e-01 -6.43802226e-01
  4.21624165e-03 -4.34754133e-01 -1.33099556e-01 -1.42282978e-01
  3.30442816e-01 -6.97705925e-01  3.30822952e-02 -1.12732790e-01
  4.78639036e-01 -2.73013711e-01  6.63694620e-01 -5.87224513e-02
 -3.25073451e-01 -1.60571501e-01  6.56867251e-02  6.94627881e-01
 -5.97562611e-01 -2.92080969e-01  5.59029043e-01 -2.73032725e-01
  2.16637284e-01  4.05589044e-01 -4.60919708e-01  2.65621245e-01
 -1.92683697e-01 -1.77279994e-01  1.11961389e+00  7.46123493e-02
  4.50416654e-01 -4.80197296e-02 -4.25727963e-01  1.74755409e-01
 -1.07366514e+00  4.93901521e-01 -1.73196644e-01  1.24258988e-01
  3.95558953e-01 -4.19577271e-01  5.82466722e-01  1.52464572e-03
 -3.31682295e-01  1.18207902e-01  4.81196791e-01  6.66705295e-02
  4.59523231e-01  7.95234889e-02  9.23289955e-01  1.36794508e-01]"
セ,"[ 6.03482783e-01  7.50778392e-02  8.65754426e-01 -3.67852747e-01
 -3.13357413e-02  7.85465539e-02  3.02399755e-01  1.34131417e-01
 -1.50674358e-02  1.79495931e-01  5.32725394e-01 -5.46330027e-02
 -9.00289509e-03 -1.98435768e-01  4.01251495e-01 -3.61684233e-01
  1.77085341e-03 -2.54763573e-01 -1.75547674e-01 -2.96372235e-01
 -7.01798737e-01 -4.95944917e-01  9.00995657e-02 -6.78692833e-02
  5.46849012e-01 -5.64456344e-01  8.43673050e-02  3.80001545e-01
 -7.27834180e-02 -2.99476773e-01 -4.49449331e-01 -2.13726819e-01
 -9.88010094e-02 -2.64897972e-01 -8.40608358e-01  3.21076363e-01
 -2.11650372e-01 -2.59419888e-01 -1.66147780e-02 -6.25216782e-01
 -1.62980556e-01 -2.73567170e-01 -1.30689874e-01  2.02714801e-01
 -2.64022887e-01  4.68176901e-01  3.18698496e-01  2.19978198e-01
  1.59071356e-01  3.78316939e-01 -2.19036415e-01  4.41774517e-01
  3.22842836e-01  4.83717062e-02  2.76600957e-01 -2.93256551e-01
  1.94970220e-02 -3.49940062e-01  5.13808802e-02  6.32464290e-01
 -1.72777429e-01 -3.78200203e-01  9.08156633e-02  4.21417058e-01
  1.47063956e-01  9.52928364e-02 -7.70568773e-02 -3.56985539e-01
 -2.41917372e-03 -9.34594870e-01  1.05467461e-01 -1.81424916e-01
  1.34777829e-01 -5.12138486e-01  9.19221222e-01 -1.13227397e-01
  5.15249014e-01 -1.06139435e-02  5.68922579e-01 -2.15554424e-02
  1.42223328e-01  4.94624615e-01 -1.47704974e-01 -6.14164352e-01
 -3.16419005e-02  1.43363103e-01 -2.31542245e-01 -8.05208981e-01
  2.33441994e-01 -1.00490116e-02  4.16909643e-02  2.88483590e-01
  2.87356228e-01  5.01158476e-01 -8.90111923e-02  4.29716617e-01
  2.15628564e-01 -2.73244798e-01 -4.00823593e-01  2.42160663e-01
  1.04161538e-02  1.16693981e-01  2.53965646e-01 -1.25807608e-02
 -3.54225755e-01  1.83448166e-01 -2.13788331e-01  3.05824518e-01
  6.07062355e-02  1.65712703e-02 -3.44176829e-01 -6.10116541e-01
 -9.09891248e-01 -1.64392799e-01  4.61167209e-02 -3.00268769e-01
 -4.22258914e-01  7.39100814e-01 -3.65000188e-01  4.87205476e-01
  2.62704819e-01  4.74405855e-01 -1.80281729e-01 -3.43681157e-01
 -9.89200696e-02  3.49621505e-01  4.67485487e-01 -3.37310284e-02
 -2.53965795e-01 -1.53069749e-01 -1.12601109e-01 -1.00818507e-01
 -1.98845387e-01 -1.83472842e-01 -1.85975611e-01  1.00195622e+00
 -2.66739726e-01 -5.22280671e-02  2.21421011e-02 -2.40793824e-01
 -1.21945783e-01  1.44822642e-01  6.91364825e-01 -3.93995523e-01
  2.21678928e-01 -1.39971420e-01 -1.28106251e-01 -5.36231637e-01
 -1.39581233e-01  3.99873763e-01 -3.15759480e-01  6.48750484e-01
 -8.80970180e-01 -2.12604538e-01  2.25844041e-01  2.88014442e-01
 -7.00189829e-01  1.05650336e-01 -1.91336051e-01  3.78595293e-02
  2.68137883e-02 -5.63458085e-01 -7.33042741e-03  6.00924671e-01
  1.80790886e-01  2.88160533e-01  1.58673853e-01  7.85095692e-02
 -3.30367267e-01  8.68185341e-01  5.11932909e-01  9.98919923e-03
  1.94549054e-01 -3.67480591e-02 -1.09670572e-02  2.24403322e-01
  7.54845738e-01  3.59950989e-01 -3.34017664e-01 -4.33397233e-01
 -3.84022057e-01 -3.26096006e-02  1.04539715e-01 -6.87720120e-01
  1.18078060e-01  2.91039139e-01  3.98396552e-01  3.36694449e-01
 -3.58490467e-01  1.64710283e-02  1.55539647e-01 -7.86562502e-01
  1.05276950e-01 -5.74672401e-01 -1.78759582e-02 -3.10135037e-01
 -2.68912435e-01 -2.94117909e-02 -4.70298648e-01  8.79673421e-01
  3.44816595e-02  3.25192153e-01 -1.99656174e-01 -7.09405422e-01
 -8.46371531e-01  1.42573878e-01 -1.01611428e-01 -1.23809159e-01
  3.59157294e-01  2.22314790e-01 -1.08557813e-01  1.75785556e-01
  6.99852407e-01  2.15129420e-01  6.82521343e-01  4.51881140e-01
 -3.79139572e-01 -2.93422014e-01  4.49162900e-01 -6.81258738e-01
  5.17169416e-01 -3.81469995e-01  2.75148451e-01  8.94262120e-02
 -4.74928051e-01  4.92209226e-01  4.07481343e-01 -2.32170016e-01
 -6.02190718e-02  7.23694801e-01 -5.18147647e-01 -3.10681820e-01
 -9.64460909e-01  3.61082852e-01 -5.77052653e-01 -2.82045342e-02
 -1.40597284e-01 -2.38244191e-01 -5.53866386e-01  4.03592408e-01
  5.30608557e-02 -6.50336668e-02  1.12813488e-01 -3.79746139e-01
 -2.27087334e-01  1.44732729e-01 -4.40165401e-01 -5.06310344e-01
 -1.14249691e-01 -7.40144476e-02 -9.78259519e-02 -2.77433962e-01
  2.30636541e-02 -4.40977931e-01  1.06842875e+00  5.56485176e-01
  6.35686517e-01 -2.23555584e-02  1.78339586e-01 -1.41537026e-01
  4.56109419e-02 -5.14147758e-01  1.88386738e-01  5.97095639e-02
 -1.81505769e-01  1.95251018e-01  3.11952651e-01 -2.78589308e-01
 -6.50794744e-01 -9.21958745e-01  9.97645408e-02 -6.20285749e-01
 -7.78116658e-02 -4.87549119e-02 -4.73504364e-01 -2.87894249e-01
 -4.06127870e-01  8.40385020e-01 -1.53005570e-01  1.21174067e-01
 -3.37645233e-01  6.47835135e-01 -5.46105921e-01 -3.85431528e-01
 -1.19242974e-01 -6.89709336e-02 -6.46627247e-01 -1.43734798e-01
 -6.43615425e-01  5.78936994e-01  2.71417767e-01 -3.28851134e-01
 -3.60730678e-01  5.36567569e-01 -1.52539000e-01  3.72710675e-01
  3.05794895e-01 -1.24803754e-02  4.15690184e-01  1.30990269e-02
  4.83854860e-02  3.98985893e-01  2.58115500e-01 -1.87557280e-01
  6.13583028e-02 -5.58781385e-01  5.01830988e-02  1.58566043e-01
  3.72157961e-01 -2.23514527e-01  4.47106928e-01  7.89029062e-01
 -4.25760180e-01  3.63148153e-01  3.25540692e-01  8.64756405e-01
 -1.63201976e+00  2.42287114e-01  3.07722569e-01 -1.82281863e-02
 -3.77930552e-01  1.62742019e-01  5.01877367e-01 -1.50038272e-01
 -8.98678508e-03 -5.96447587e-01  7.72153020e-01  1.20200515e-01
 -1.18414564e-02 -1.35478020e-01  3.76954138e-01 -4.08757955e-01
  2.60632873e-01 -3.90688300e-01  4.43256140e-01  2.72879660e-01
 -4.29917812e-01 -7.26710930e-02  1.48444846e-01 -4.80276555e-01
 -2.63310581e-01  1.06131442e-01 -1.34746417e-01  1.21045761e-01
 -5.66771269e-01 -2.90112197e-01  8.45103338e-02  5.59495807e-01
  8.65894198e-01  5.91315448e-01 -4.48027968e-01 -2.29429871e-01
  2.07677990e-01  1.76210001e-01  5.20307839e-01 -1.82000875e-01
 -1.05124086e-01 -6.27926886e-02  5.72703302e-01 -4.88503948e-02
 -1.66060939e-01  1.99277595e-01  1.15242727e-01  4.40521896e-01
 -1.96674287e-01  3.00865266e-02  1.19239831e+00 -2.68284410e-01
 -1.31626621e-01  2.41109669e-01  7.37290680e-01  3.38044584e-01
  3.11949849e-02 -6.10441044e-02 -1.05479464e-01 -2.46699423e-01
 -4.84000221e-02  1.48593560e-01 -4.64349270e-01  9.46572423e-02
 -2.56740630e-01 -1.05680138e-01 -1.23014823e-01 -1.46336764e-01
 -1.21418878e-01 -5.69453657e-01 -5.38991451e-01  1.87694833e-01
  9.82346386e-02 -6.51854873e-01  5.74285448e-01  3.56860578e-01
  5.40420711e-01 -8.06797862e-01 -7.52008736e-01 -1.34727091e-01
 -7.85858333e-02 -7.54351839e-02  1.77576825e-01 -7.51150101e-02
 -6.13540113e-01 -1.00224696e-01 -2.54633158e-01  5.85763305e-02
 -3.84678125e-01 -3.16628039e-01 -7.55146027e-01  1.29217058e-01
 -2.93252170e-01  7.80036449e-01 -4.62789573e-02 -2.30387792e-01
  2.65745699e-01  6.77539825e-01 -4.06542212e-01 -4.49561864e-01
 -4.58412051e-01  8.37324083e-01  5.12344539e-02  3.17326814e-01
  3.85352612e-01  2.74815649e-01  2.83077627e-01  1.81960672e-01
 -3.98579180e-01 -1.57041736e-02 -5.55600941e-01 -2.08147764e-01
  3.70236844e-01 -7.85902739e-02  5.78121305e-01 -3.29309970e-01
 -4.56543043e-02  7.10375905e-01 -3.24623287e-01 -7.06347227e-01
  1.23381384e-01  3.65751833e-01 -5.33033311e-01  4.69304860e-01
  8.69629085e-01  7.69604504e-01 -7.39462495e-01 -1.99984927e-02
 -4.91824597e-02  2.92065311e-02  5.89336932e-01 -7.41845444e-02
  4.88187857e-02 -1.42686188e-01  3.64876062e-01  6.17079556e-01
  2.21597284e-01 -4.71688658e-02  4.61517394e-01  2.23266855e-01
 -3.38472188e-01  6.51359260e-01 -3.57232876e-02  3.00730437e-01
 -4.58346814e-01 -1.27460524e-01  1.12932540e-01 -2.20262781e-01
 -6.64351404e-01 -3.38687569e-01  1.39523610e-01 -2.62743801e-01
  5.94747543e-01 -3.82861882e-01 -7.53309190e-01 -6.31825507e-01
 -5.08800805e-01  1.27113581e-01 -1.37412772e-01 -7.98821449e-02
  1.02653671e-02  1.66286379e-01 -4.27455515e-01  3.23744804e-01
 -8.07531998e-02  1.14222445e-01  8.20484236e-02 -5.48611104e-01
  4.25439507e-01  2.33424321e-01  3.14912088e-02  1.67117625e-01
  4.33287658e-02 -1.33312091e-01 -8.75745714e-01 -6.72221363e-01
 -4.14260328e-02 -3.04770947e-01  3.39493930e-01  4.36046571e-02
  3.91546041e-01  2.18348145e-01 -6.33237600e-01 -2.98288882e-01
 -5.02410471e-01 -2.46194184e-01  1.68449119e-01 -2.25719556e-01
  2.27610588e-01 -7.12011307e-02  3.76390666e-01  5.09453416e-01
  7.02828884e-01  5.63697936e-03  1.57313850e-02  5.78960061e-01
  4.27393645e-01 -5.23050487e-01 -3.40472728e-01 -1.55468777e-01
 -3.44989687e-01  9.59898084e-02  4.28067416e-01  4.01467592e-01
 -3.85035239e-02  1.96409792e-01 -7.71062613e-01 -2.98284382e-01
 -1.00206090e-02 -4.96955365e-01  5.02859473e-01 -3.07353288e-01
  6.04726911e-01 -8.83547723e-01  2.47155666e-01 -1.72146037e-01
  2.97996521e-01  9.88359153e-02  2.50527263e-01  4.05870788e-02
 -5.50398529e-01  7.84011930e-03 -2.82123908e-02 -4.13350403e-01
  4.82139915e-01  5.09330034e-01 -5.64020574e-01 -6.30154312e-02
  7.39737213e-01  4.95020956e-01 -1.47948563e-01 -2.04171449e-01
 -5.52490890e-01 -2.46176332e-01 -1.65178850e-01  9.62053835e-02
  4.92702276e-01  5.74981421e-02 -4.32917207e-01  1.34798720e-01
  6.76661849e-01  4.35338527e-01  7.92442858e-01  2.49527201e-01
 -5.03512286e-02  1.09549619e-01 -2.34172493e-01  3.76154184e-01
  1.35945827e-01  7.10568547e-01 -5.68114340e-01  7.34694064e-01
  5.13142526e-01 -3.90588343e-01  1.33860350e-01  4.92749363e-01
  1.65552616e-01  3.31513099e-02 -6.68327287e-02  2.16760054e-01
 -1.15770066e+00 -2.07023218e-01  4.56745088e-01 -1.08603686e-01
  3.49767804e-01 -1.46809399e-01 -2.72512823e-01 -3.59473377e-01
  1.25676587e-01  1.33635655e-01 -8.03120732e-02  7.17826709e-02
  4.69697535e-01 -3.88709068e-01  5.61911881e-01  3.88959259e-01
  7.00165890e-03  1.80848345e-01  7.28503689e-02  7.36104071e-01
  5.33949614e-01  1.08482026e-01  4.16945279e-01 -3.64630163e-01
 -9.42508161e-01  2.98436403e-01  2.74211355e-02 -4.21331614e-01
  4.63781983e-01 -3.01824033e-01 -2.47140765e-01  3.39048624e-01
  2.03139886e-01  3.07705607e-02 -1.74128518e-01 -6.93357229e-01
  1.38059735e-01 -1.93725646e-01 -4.42165583e-02  2.28941917e-01
 -2.99338609e-01  4.78124619e-01 -1.88214312e-06 -3.88729014e-02
  4.24950570e-01  6.75700545e-01  5.00599265e-01 -4.43705231e-01
  3.72856915e-01  1.24791168e-01 -1.84877232e-01  1.50855154e-01
  3.51049393e-01  5.33195660e-02 -6.93046525e-02  5.24940073e-01
 -2.24432424e-01  1.93343479e-02 -3.18721682e-01  4.18123394e-01
  1.98564693e-01 -2.66011059e-01 -2.69521087e-01 -3.20860714e-01
  4.87075567e-01  5.71654662e-02 -3.26150864e-01 -1.40854836e-01
  7.13569298e-02  1.92542538e-01  1.41242698e-01 -4.82749224e-01
 -5.66732883e-01 -5.15852451e-01 -2.10165396e-01  2.88898826e-01
 -5.07828712e-01 -3.71027261e-01  5.01457155e-01 -1.21505015e-01
 -1.82308584e-01 -1.54260886e+00  1.39141232e-01 -1.98357522e-01
  3.57234091e-01 -2.39552587e-01  5.76423049e-01  2.23371878e-01
 -8.44208077e-02 -4.39045042e-01  6.67186454e-02  2.91150331e-01
 -1.01997995e+01  3.08806181e-01 -5.40916860e-01 -7.81523108e-01
 -3.37103963e-01 -1.24379426e-01  6.96808636e-01  3.58105630e-01
 -2.87246495e-01  3.52363139e-01 -7.25142062e-01  4.16160911e-01
  5.97125173e-01  9.70413089e-02 -1.09956063e-01 -8.77025202e-02
 -1.90562427e-01 -1.24203168e-01 -9.28427652e-02  1.55026183e-01
 -2.55848229e-01 -1.52879179e-01  6.30046725e-01  6.35814369e-01
  4.54906374e-01 -3.58478427e-01  6.20031543e-02  9.82092321e-02
  4.55376327e-01  3.09189856e-01 -8.94351661e-01  6.47114635e-01
 -8.88151899e-02  6.94255456e-02 -3.16103667e-01 -3.89481932e-02
  3.32068168e-02 -8.61871168e-02 -5.07470310e-01  8.14435109e-02
  5.76876044e-01  5.79755425e-01  1.15757445e-02  1.70852572e-01
  3.49991560e-01 -3.76782387e-01 -2.37202030e-02 -7.45694041e-02
  7.22038686e-01 -4.26586568e-01 -4.92623076e-02  8.08892474e-02
 -1.73357241e-02  9.18040145e-03 -1.82531804e-01 -2.81998158e-01
  7.24577546e-01 -7.03052938e-01  2.38689184e-01  1.23647183e-01
  6.60523295e-01 -8.07105154e-02  3.65989298e-01  7.71107793e-01
  3.68833095e-01  4.09363687e-01 -1.48401082e-01 -1.48206189e-01
 -6.01055801e-01 -3.18983018e-01  4.09480244e-01  7.57597268e-01
 -3.05839777e-01  2.72110403e-01  7.85079449e-02  2.85260146e-03
  8.61630440e-02 -5.98828904e-02  2.01176554e-01  2.03278825e-01
  2.28595212e-01  1.53284058e-01  3.07135768e-02  6.15164280e-01
 -1.05805290e+00 -1.10324308e-01  9.59193185e-02 -3.61997008e-01
  2.75420874e-01 -4.58484828e-01  7.40689516e-01 -3.04858983e-01
 -6.49395049e-01  3.04045081e-01  4.41368788e-01 -2.44383782e-01
 -1.05919480e-01  1.63373083e-01  4.05620605e-01 -5.12514830e-01]"
ツ,"[ 5.93054652e-01  6.31973743e-01  1.03743041e+00 -3.38346958e-01
 -3.17314506e-01  1.53912351e-01  3.15369278e-01  1.51547164e-01
 -4.57865357e-01 -2.20222011e-01  5.76399744e-01 -3.91476065e-01
 -1.33452311e-01  2.79024214e-01  3.35606664e-01  1.37487009e-01
  2.61563778e-01 -2.28357583e-01  4.92620841e-02 -7.41534173e-01
 -9.50193763e-01 -6.12515390e-01 -4.34492260e-01  4.54787582e-01
  7.51314908e-02 -2.52016306e-01 -4.93485093e-01  6.05775714e-01
 -1.70909956e-01 -6.64632380e-01 -3.49549532e-01 -1.44126952e-01
 -6.26271032e-03 -2.70445645e-01 -4.18693185e-01  3.66081923e-01
 -9.08106416e-02 -1.67567566e-01  2.11204201e-01 -3.60965729e-01
 -1.14444247e-03 -2.14913532e-01 -4.87886727e-01  2.32112721e-01
 -4.77376610e-01  6.70569420e-01 -9.40615907e-02  1.54971063e-01
  2.92042106e-01  6.08545803e-02 -3.01110178e-01  6.00833297e-01
 -1.35813415e-01  8.39150250e-02  4.55926627e-01 -4.41419542e-01
  2.60415792e-01 -4.71800208e-01 -1.63885862e-01  1.06522053e-01
 -1.59824967e-01 -1.17468774e-01  4.50728893e-01  1.67311013e-01
 -1.66427702e-01 -2.49589533e-01  2.20223367e-01 -1.80876836e-01
  1.08066872e-01 -9.67219412e-01 -1.31951064e-01 -2.58802082e-02
 -1.50461033e-01 -4.68418270e-01  4.98867363e-01  2.43514460e-02
  4.68619429e-02  2.81541646e-01  3.76499176e-01  3.90359312e-02
 -3.03812642e-02  5.56054294e-01  2.74985075e-01 -6.51585042e-01
 -1.58623844e-01  2.88541615e-01 -5.72049022e-01 -9.29416120e-01
  2.64997065e-01 -2.49971077e-01  1.53992191e-01  4.67643775e-02
  1.22241378e-01  1.43719867e-01 -8.80763903e-02  8.17514434e-02
 -1.37730427e-02  3.03064100e-02 -1.82975069e-01  2.70702749e-01
 -1.06515467e-01  1.08411767e-01  2.14313090e-01 -4.60908115e-01
 -1.05703540e-01  4.34699774e-01 -3.12488884e-01  1.87799945e-01
  2.35221758e-01  9.21714008e-02 -1.80327550e-01 -1.84084579e-01
 -7.12374568e-01  1.50278956e-01  2.76150644e-01  1.74813911e-01
  9.21629276e-03  3.54635179e-01 -4.53446448e-01  4.60162103e-01
  5.43807819e-02  4.50085491e-01  1.63460001e-01 -5.35523951e-01
 -2.58360445e-01  4.78288740e-01  1.05740577e-01 -9.72614884e-02
 -3.85400295e-01 -3.68733704e-02 -5.14321506e-01 -1.66028574e-01
 -2.61615694e-01 -2.34482318e-01 -1.48843810e-01  9.75131094e-01
  1.55135244e-02  2.06181351e-02 -2.67561898e-02 -8.91184881e-02
 -6.97191358e-01  3.06477070e-01  1.04075082e-01 -3.07842433e-01
  2.36447006e-01  8.45491216e-02 -6.16469324e-01 -1.15081584e-02
 -9.82868075e-02  4.13612545e-01 -2.35832080e-01  9.88422036e-01
 -7.58666992e-01  4.72182482e-01  3.41621876e-01  2.27347150e-01
 -4.13756937e-01  6.71729147e-02  2.23990455e-01  2.37898961e-01
  3.37500215e-01 -3.55970323e-01  2.47457281e-01  5.22889495e-01
  1.55343041e-01  3.29023629e-01  6.76953912e-01  1.03399821e-01
  1.68621317e-01  6.27864659e-01  2.53408551e-01  4.74841982e-01
  4.06576723e-01 -2.25432307e-01  1.25512406e-01  1.80875376e-01
  3.66562694e-01  4.11012806e-02  6.33999482e-02 -3.03811669e-01
  4.02486891e-01  2.25465655e-01  3.91595632e-01 -3.89827818e-01
  1.64712384e-01 -9.10687670e-02 -6.17955886e-02  7.92720392e-02
  2.14447603e-02 -5.54776471e-03 -1.61833882e-01 -1.38865158e-01
  3.17331403e-01 -3.40902805e-01 -1.76126644e-01 -6.22356534e-01
  8.21443051e-02  8.42387229e-02 -5.67101240e-01  2.41387129e-01
  8.37173238e-02  3.20969187e-02 -8.50063041e-02 -6.65098071e-01
 -9.84754860e-01  3.60095836e-02  2.41818115e-01  6.08451784e-01
  8.06956768e-01  2.81766176e-01 -9.29860473e-02  2.53277109e-03
  4.18947428e-01  1.99152201e-01  4.85445112e-01  1.92844465e-01
 -3.37190986e-01 -4.52641368e-01  3.02482257e-03 -2.51425534e-01
  3.63532513e-01 -9.91331134e-03  2.24667847e-01  9.34928954e-02
  3.12020451e-01  5.91023028e-01  2.89616317e-01 -3.11537862e-01
 -1.82891920e-01  1.78330034e-01 -4.44863766e-01 -4.78335470e-01
 -6.94796681e-01 -2.77433366e-01 -1.06586099e+00 -8.27516541e-02
 -1.44576892e-01  4.42896485e-01 -3.88468176e-01  1.79802507e-01
  8.41944590e-02 -2.34571114e-01  1.72580764e-01 -6.22433901e-01
 -9.22546983e-02  2.92022347e-01 -2.57126421e-01  2.42164116e-02
 -2.25935161e-01  7.69189149e-02 -1.19292557e-01 -6.40552640e-01
  4.77488190e-01 -2.45089531e-01  5.89251697e-01  2.12640911e-01
  4.18048948e-01 -5.16140640e-01  4.68056947e-01 -6.23251915e-01
  1.64984390e-01 -4.07239109e-01 -2.56092608e-01 -1.04508609e-01
  3.66087295e-02 -4.40852270e-02 -1.67182591e-02 -7.41434336e-01
 -7.63267040e-01 -6.71020031e-01  4.08105940e-01 -3.77534419e-01
 -1.79519504e-01 -2.68681854e-01  9.10318792e-02  1.88492581e-01
 -3.94902855e-01  3.07717770e-01 -4.48317796e-01  8.59495625e-02
 -3.69568586e-01  1.50235659e-02 -4.44562376e-01 -7.99343437e-02
 -2.07168445e-01 -1.20681457e-01 -3.15463930e-01 -2.61234671e-01
 -4.70812380e-01  5.48560262e-01  3.39034051e-01 -5.00531614e-01
 -1.77754298e-01  2.37363741e-01 -6.71192050e-01  5.02425075e-01
  4.33513820e-01  5.07969260e-01  9.20075923e-02 -2.37593815e-01
  1.14749134e-01  4.10525888e-01  1.94923222e-01 -5.02009809e-01
 -9.19230953e-02 -2.79888600e-01  1.65445015e-01 -1.50376469e-01
  3.02746981e-01 -8.91336650e-02  8.01515132e-02  8.00420344e-01
 -7.20185876e-01  3.82074833e-01  4.18466628e-01  6.24531806e-01
 -1.58155990e+00 -1.63273260e-01  3.23990941e-01  1.56616807e-01
 -2.85761863e-01  2.13390306e-01  6.22513354e-01  1.32764697e-01
 -5.07827640e-01 -6.07454956e-01  7.86349297e-01 -1.37129784e-01
 -4.02927659e-02  1.29466593e-01  4.33317035e-01  9.55873802e-02
 -7.22486898e-02 -2.39398569e-01  2.70016164e-01  3.44933212e-01
 -4.14106876e-01 -1.10244639e-01  1.78232610e-01 -4.78728235e-01
 -5.97938120e-01  5.34675300e-01 -2.81399429e-01  4.62422185e-02
 -5.26508749e-01 -2.26671472e-01  2.63142914e-01  1.23555315e+00
  9.06456888e-01  4.72202837e-01 -4.69096184e-01  3.97255607e-02
  2.95152754e-01  9.27587226e-02  4.36679989e-01 -4.56834972e-01
 -5.90069853e-02 -2.20178396e-01  2.60797739e-01 -3.32017866e-04
 -2.06950381e-01 -2.99770951e-01  6.51008741e-04 -2.24055022e-01
  1.38122231e-01  1.75745636e-01  6.39236927e-01  5.88848948e-01
  7.19190687e-02  2.77102858e-01  5.82066476e-01  2.16311961e-01
 -1.70263752e-01 -6.40766442e-01 -2.30413541e-01 -5.68587244e-01
  2.90704947e-02 -3.38953942e-01  3.12527008e-02  1.81268796e-01
 -6.44818321e-02 -2.55915046e-01 -1.90084308e-01 -7.55711079e-01
 -3.13365348e-02 -6.44157767e-01 -1.46841154e-01 -4.33835089e-01
 -1.41964793e-01 -5.82514048e-01  5.22669613e-01  2.56532013e-01
  4.11837041e-01 -2.65571237e-01 -6.84333980e-01  3.32307428e-01
 -4.00399417e-01  2.06229866e-01 -1.33592084e-01  2.60509789e-01
 -4.81329948e-01  2.42689289e-02 -7.52809644e-02 -4.78108406e-01
 -5.65111399e-01 -8.87082592e-02 -1.04523158e+00 -4.79845367e-02
 -2.66531497e-01  8.26450288e-01 -3.27674337e-02  2.85120279e-01
  4.31138948e-02  2.52920598e-01 -1.52341291e-01 -3.42377901e-01
 -2.89321750e-01  3.02034825e-01  6.61273122e-01  5.66177130e-01
  5.04028320e-01  3.27413112e-01  3.73967439e-01  2.12331444e-01
  3.67514849e-01 -7.76118934e-02 -7.36723125e-01 -1.21164195e-01
  4.99236196e-01 -1.67580128e-01  1.14323527e-01  1.70401514e-01
  1.82005525e-01  7.76777327e-01 -4.02723670e-01 -1.36259639e+00
 -3.62330899e-02  2.31313914e-01 -6.11715205e-03  3.95618588e-01
  6.89358473e-01  6.49379611e-01  1.68875813e-01  3.07827920e-01
  1.79943383e-01  5.88066094e-02  3.48358154e-01 -1.07764162e-01
  4.42926407e-01  1.75804436e-01  4.12040174e-01  5.61165810e-01
  2.70444304e-01  3.96539837e-01  7.22435355e-01  5.81487000e-01
 -3.75631601e-01  3.89082193e-01  2.34206215e-01 -6.45181462e-02
 -4.64044631e-01  3.88724625e-01 -5.32438338e-01 -1.56040117e-01
 -4.40344483e-01  1.38371438e-01  8.85570109e-01 -3.94426674e-01
  4.82774436e-01 -3.91781479e-01 -3.31564277e-01 -5.33570290e-01
 -6.43657744e-01  2.25389302e-01 -3.71477544e-01  4.74753138e-03
  4.03961092e-01  1.67642422e-02 -6.07153833e-01  1.63797542e-01
  3.15056533e-01  5.81275940e-01  1.68434724e-01 -3.42039049e-01
 -3.63199413e-02  5.71580946e-01 -2.08626255e-01 -1.29445828e-02
  1.73548475e-01 -5.56816049e-02 -2.27941990e-01 -9.74845469e-01
 -5.03141522e-01 -1.16645418e-01  9.46948007e-02 -5.06972015e-01
  6.75150454e-01  4.82142806e-01 -5.62234879e-01 -2.52805948e-01
 -3.16546917e-01 -5.73950410e-02 -8.56062025e-02 -5.31324863e-01
  1.03178859e-01 -7.95996413e-02 -1.23421298e-02  6.55670106e-01
  5.35984337e-01 -4.28724408e-01 -5.57401143e-02  5.66330373e-01
  3.62647355e-01  4.24878709e-02  2.00143695e-01 -4.51183498e-01
 -4.79660392e-01  5.60747162e-02  2.92415738e-01 -8.92062262e-02
 -1.26171678e-01 -2.47355521e-01 -5.90400398e-01 -5.41651428e-01
 -3.02963138e-01 -1.24599636e+00  4.30589676e-01 -4.74571697e-02
  3.65876317e-01 -1.09364641e+00  2.65629798e-01 -1.48231715e-01
  4.52908427e-01 -1.17568851e-01  5.35040796e-01 -7.83148408e-02
 -8.81633103e-01 -2.90599912e-02  2.55460083e-01 -4.95382816e-01
  1.01877964e+00  5.99872589e-01 -3.33801836e-01 -2.95218706e-01
  2.19536379e-01  1.34753346e-01 -1.53826803e-01  1.61928892e-01
 -2.18645781e-01 -3.78058046e-01  8.16185698e-02 -9.91635993e-02
  3.99884731e-01  3.49968255e-01  1.32835768e-02  7.84867257e-02
  7.46547461e-01  1.67585403e-01  5.67745447e-01  3.43107969e-01
 -6.40130758e-01 -6.30431697e-02 -4.24698025e-01  2.37113789e-01
  1.23999968e-01  7.86675453e-01 -2.24457860e-01  3.43409002e-01
  6.81579888e-01 -2.36948401e-01 -1.11627102e-01  5.49222469e-01
  7.97847286e-02  3.61143678e-01 -1.64887279e-01  8.69230479e-02
 -9.79767382e-01  3.18145871e-01  2.97810853e-01  1.51207387e-01
  5.99983111e-02  1.21585131e-01  1.28585761e-02 -8.22406709e-01
  2.65094697e-01  6.52206242e-02 -2.65663743e-01  2.78957367e-01
  3.24606329e-01 -6.27619699e-02  8.22525263e-01  3.37410361e-01
 -2.73981065e-01 -5.44343330e-02 -1.59358665e-01  8.00446153e-01
  8.54212821e-01 -1.37147456e-01  4.37386125e-01 -4.90453899e-01
 -8.21708441e-01  2.43767127e-01  1.17553338e-01  3.25485438e-01
  6.08734131e-01 -4.99935985e-01 -3.56372505e-01  6.48382843e-01
  2.60487318e-01  1.23897068e-01 -2.65856236e-01 -4.23188478e-01
  3.21372062e-01 -9.52896774e-02 -9.99052972e-02  2.13368446e-01
  2.74972856e-01  5.59816003e-01  4.74202037e-01  1.23255827e-01
 -3.89277786e-01  7.70849645e-01  4.01249155e-02 -4.25729841e-01
  1.60591438e-01 -6.24344647e-01  1.91366538e-01  2.53939450e-01
  3.62298101e-01  1.14751421e-01 -3.00408155e-01  2.21279413e-01
 -3.05855602e-01 -1.42267123e-01 -3.53112787e-01  4.56153959e-01
  1.53230906e-01 -8.16366374e-02 -2.91995317e-01 -5.06588340e-01
 -2.15198979e-01 -2.21242458e-02 -8.62219751e-01 -6.20679744e-02
  9.31381062e-02  2.48438075e-01 -2.22354665e-01 -1.84063073e-02
 -7.27000237e-01 -3.78167182e-01 -3.25843364e-01  3.78066629e-01
 -7.06938386e-01 -3.96107137e-01  5.64179420e-01  9.21429172e-02
 -1.90799348e-02 -1.30559301e+00  5.10205030e-01 -7.26425573e-02
  2.44777650e-01 -1.59302056e-01  1.41413763e-01 -4.17100400e-01
  4.53599133e-02  8.63836333e-02 -2.98153698e-01  8.65919068e-02
 -1.01870337e+01  2.16223821e-01 -5.15332103e-01 -4.30300862e-01
 -5.00162661e-01 -7.47401714e-02  8.72419477e-01  4.47256416e-01
 -1.86784685e-01  6.05300307e-01 -1.99960366e-01  6.10309899e-01
  3.53901982e-01  2.62665115e-02 -1.96473315e-01  9.74662229e-02
 -2.96127349e-01 -5.57382181e-02 -2.70759046e-01 -9.54452828e-02
 -4.60564673e-01 -3.72810394e-01  7.33393729e-01  4.50788796e-01
  6.29659116e-01 -1.57702535e-01  1.32048354e-01  4.13061649e-01
 -3.31314117e-01  3.68720263e-01 -1.03724337e+00  5.49242020e-01
 -3.11428607e-01  7.60378182e-01  1.52323395e-01  8.01357627e-02
  6.27902970e-02  1.70735419e-01 -2.68398166e-01  4.23721880e-01
  4.93558913e-01 -3.09099872e-02 -7.72415921e-02  3.53514850e-02
 -2.98044205e-01  3.58415954e-02 -1.19324647e-01  7.53478631e-02
  5.91220021e-01 -2.72128522e-01 -4.93429005e-02 -1.86581269e-01
  1.33067638e-01 -2.25517973e-01  2.00520188e-01  1.49728149e-01
  8.18328917e-01 -6.64590061e-01 -3.17550451e-01  9.87665951e-02
  5.90586960e-01 -6.58743680e-02  4.69421178e-01  6.20416582e-01
  1.04325533e-01  5.02266645e-01  3.52702737e-01  2.42429018e-01
 -1.14290822e+00 -2.23148361e-01  3.11280310e-01  7.61534333e-01
 -2.10704356e-02  3.10787577e-02 -1.68237954e-01  2.66182274e-01
  1.29674822e-01  1.88206553e-01  4.32092816e-01 -7.68738389e-02
  1.99163601e-01 -1.85180590e-01 -6.95248768e-02  5.90726435e-01
 -7.08386242e-01  1.37811095e-01 -6.11194149e-02 -3.21356416e-01
  2.62741297e-01 -4.81617630e-01  3.14485490e-01 -1.78254366e-01
 -8.47641468e-01  5.24996400e-01  7.51510680e-01 -3.50318164e-01
 -3.77528638e-01 -9.29861590e-02  2.22409159e-01 -2.93462634e-01]"
ヨ,"[ 3.76123607e-01  5.58127701e-01  5.02387881e-01 -4.19084877e-01
 -2.37189770e-01  2.63941109e-01  6.22690380e-01 -5.25488891e-02
 -6.85710013e-02 -2.77831405e-01  6.02482915e-01 -3.19439232e-01
 -5.27547598e-01  2.91336089e-01  2.92683512e-01  3.38352844e-02
 -1.41562611e-01 -7.33345225e-02  1.60451028e-02  1.53554544e-01
 -9.61992681e-01 -2.22095385e-01 -1.30666688e-01  4.35382307e-01
  1.68916106e-01 -4.80403572e-01 -1.43346727e-01 -1.45335570e-02
  1.92061245e-01 -3.70755166e-01 -3.62604290e-01  4.01687384e-01
 -4.06456999e-02 -2.04421729e-01 -3.86594862e-01  3.59148562e-01
 -1.68750271e-01 -3.54464233e-01  5.21917820e-01 -4.02718574e-01
 -2.10502788e-01 -2.69450128e-01  1.14207724e-02 -1.65716514e-01
 -2.77513891e-01  3.81438255e-01  2.56860316e-01  2.67217048e-02
  2.94598900e-02  1.08157575e-01 -8.93486589e-02  1.32327899e-01
  3.01018924e-01 -2.28276283e-01  1.82867646e-01 -1.68045938e-01
  1.24809921e-01 -5.58091462e-01 -5.69105672e-04  3.83068584e-02
 -2.61879057e-01 -4.85844463e-01  3.48019958e-01  1.58204492e-02
 -9.45382193e-02 -1.67546690e-01 -2.22960860e-02 -1.27003178e-01
  4.73280668e-01 -5.27735770e-01  3.16733360e-01 -4.49543074e-02
 -2.10503731e-02 -3.74282777e-01  4.10635740e-01 -3.16499919e-01
  4.65788811e-01  1.32368654e-01  4.57253039e-01  2.62281597e-01
 -5.74039109e-03  2.06352323e-01  2.64677078e-01 -4.87059116e-01
 -1.08920738e-01 -1.08710965e-02 -3.44181716e-01 -5.97275972e-01
  4.21410173e-01 -9.87535492e-02  1.55905247e-01 -1.97323281e-02
  4.86331850e-01  2.90858179e-01  1.17778100e-01  5.40035367e-01
  2.29073569e-01 -2.34328404e-01 -2.28810072e-01  1.19239606e-01
  2.40891382e-01 -1.05881542e-01  5.54737508e-01 -3.06681931e-01
 -2.47584611e-01  2.15197369e-01 -7.52173722e-01  5.41862667e-01
  1.13314427e-01  5.63225858e-02 -2.41214827e-01 -4.83138680e-01
 -5.51125586e-01 -4.61577922e-01  4.59133297e-01  4.16004620e-02
 -2.10959464e-03  4.59391296e-01 -4.81735587e-01  3.50096673e-01
  2.28335842e-01  4.94771272e-01 -4.68469143e-01 -3.66325945e-01
  4.89499867e-02  5.00472665e-01  3.58897865e-01  2.28808329e-01
 -4.26733643e-02 -4.14143875e-02 -1.16191685e-01 -1.62242725e-02
 -8.75480920e-02  1.47849560e-01  3.98390815e-02  7.08949208e-01
  3.35592598e-01 -9.15078670e-02  1.06434062e-01 -5.67572236e-01
 -2.37157643e-01 -2.61251569e-01  3.69944543e-01 -3.38529795e-01
  8.81510898e-02  1.16398908e-01 -7.43121207e-02 -4.87046510e-01
  4.60929304e-01  1.85444430e-02  2.16143411e-02  1.00498521e+00
 -4.20260876e-01  1.93953395e-01  1.48878768e-01  4.48364258e-01
 -9.04630601e-01 -9.04704724e-03  9.88406390e-02 -4.87338901e-02
  2.58388549e-01 -4.93442357e-01  7.56338090e-02  7.77541161e-01
  1.25781566e-01  3.21601510e-01  3.45175952e-01 -2.16167405e-01
 -3.76197770e-02  4.84921455e-01  3.52592617e-01  5.57852745e-01
  3.64456236e-01 -3.43533576e-01 -3.22412550e-01  1.98187739e-01
  4.56917673e-01  4.31032807e-01  2.99483389e-02 -1.08026735e-01
  2.51073718e-01 -1.04500717e-02  2.85470724e-01 -6.08836830e-01
  4.83035177e-01 -1.75916642e-01  3.27230036e-01 -1.33651450e-01
 -2.29494661e-01 -1.79581508e-01 -2.65111744e-01 -3.09851110e-01
  2.14079186e-01 -4.29880410e-01 -1.87353745e-01 -6.79706573e-01
  3.18825960e-01  2.23419189e-01 -7.29823172e-01  4.96248662e-01
  5.42895854e-01 -1.13015115e-01 -1.10106252e-01 -9.31256711e-01
 -1.01596713e+00 -5.89784265e-01 -9.01478827e-02  4.38914835e-01
  3.51131499e-01  4.69472110e-01 -3.29515725e-01 -5.04175760e-02
  5.69976211e-01  3.24884415e-01  1.81530386e-01 -3.07547376e-02
 -3.16355079e-01 -2.44260103e-01  3.84279862e-02 -4.49709982e-01
  1.96308568e-02 -8.70598778e-02  5.20591974e-01  1.59027144e-01
  2.09660158e-02  6.38818920e-01  4.54602763e-02 -7.32677802e-02
 -2.99626648e-01  6.67063713e-01 -5.27067780e-01 -8.73652399e-01
 -3.74255717e-01 -1.66882709e-01 -3.33550543e-01 -5.60181625e-02
 -2.27894485e-01  1.08797856e-01 -2.48800248e-01  2.60280579e-01
 -7.66454414e-02 -3.63631219e-01  4.10016328e-01 -4.44434673e-01
  8.69618654e-02  3.29715848e-01 -8.11166689e-02  2.81258821e-01
 -1.78129271e-01  4.37347777e-02 -5.39284706e-01 -4.32556957e-01
 -2.05296859e-01 -4.57599193e-01  5.29358268e-01  4.04846013e-01
  3.39745522e-01 -3.15350741e-01  1.88066989e-01 -3.40537578e-01
 -3.04192811e-01 -4.91447151e-01 -4.47556525e-01 -2.48774111e-01
  1.10320129e-01  1.84408262e-01 -2.07916364e-01 -5.58888018e-01
 -5.08582890e-01 -8.60936642e-01  2.73104012e-01 -5.34818292e-01
  2.11077929e-01  3.21259610e-02 -9.44452509e-02  9.86703560e-02
 -4.73058105e-01  2.53675938e-01 -3.52047294e-01  2.44915709e-02
 -6.16986930e-01  2.15932399e-01 -5.43361127e-01  3.74430381e-02
  1.32085979e-01  2.09413216e-01 -2.32072130e-01 -1.45656824e-01
 -4.62190866e-01  6.13223612e-01  1.89530775e-01 -4.67592746e-01
 -5.06873608e-01  3.59303318e-02 -9.36826706e-01  1.44040689e-01
  6.21699691e-01 -1.54900439e-02  5.80278337e-01 -1.34216130e-01
  4.40178812e-01  4.70188320e-01  5.84952980e-02 -3.23952347e-01
 -2.86226049e-02 -6.56955004e-01  1.98778421e-01  2.87123257e-03
  4.83624727e-01 -2.26733357e-01  1.05275057e-01  8.06576133e-01
 -1.65569127e-01  1.21622846e-01  1.51700303e-01  5.01645446e-01
 -2.01033831e+00  1.07708815e-02  2.65508205e-01  2.24765986e-01
 -1.63057148e-01 -1.70233458e-01  7.00292826e-01  4.88029271e-01
 -5.38781226e-01 -4.93416727e-01  8.66748095e-01 -2.19004393e-01
 -1.03013165e-01 -1.37609899e-01  3.95988941e-01 -1.84391066e-01
  1.94543414e-02 -4.47420061e-01  1.14841662e-01  3.73593003e-01
 -1.85624734e-01  6.52813837e-02  1.16828695e-01 -3.63541275e-01
 -1.73966870e-01  1.07084818e-01 -4.03333634e-01 -2.59388149e-01
 -4.57769603e-01 -3.28328460e-01  1.17382094e-01  9.76281762e-01
  5.80533922e-01  4.64916378e-01 -7.54816651e-01 -3.47861052e-01
 -2.01463848e-02  2.72240669e-01  1.86939865e-01  3.53159430e-03
 -3.66815217e-02 -2.30995238e-01  3.32155645e-01 -9.94343683e-03
  3.42954516e-01 -6.07266486e-01 -3.81619215e-01  3.58544499e-01
 -1.75407678e-01  5.45424484e-02  6.29116237e-01  2.26415053e-01
  3.40126380e-02  5.86714625e-01  5.88414431e-01  2.90572315e-01
  9.59544070e-03 -4.25020188e-01  1.95517112e-02 -1.32806063e-01
  5.20020723e-02 -3.63370895e-01 -1.43203184e-01  4.93222594e-01
  9.02457833e-02  1.14908241e-01  7.55191734e-03 -4.17974323e-01
  2.47008815e-01 -4.93202835e-01 -1.33889422e-01 -8.46770480e-02
  3.22977781e-01 -4.54431176e-01  2.87125707e-01  1.61736786e-01
  4.53014374e-01 -6.61116421e-01 -3.09663624e-01  8.22263807e-02
  1.01828314e-02  2.34760910e-01  4.17708606e-02  3.13706279e-01
 -1.47655353e-01 -4.27997947e-01 -1.95743531e-01 -7.58407652e-01
 -4.39249635e-01 -4.04916883e-01 -6.98071063e-01 -4.59249876e-02
 -2.24016346e-02  3.41646552e-01 -3.14539850e-01  9.57275331e-02
 -1.53979436e-01  1.88611299e-01 -3.10131282e-01 -4.37580109e-01
 -5.02686687e-02  6.75007582e-01  3.81738722e-01  6.72120929e-01
  1.88597947e-01  8.25444907e-02  4.60392416e-01  3.00441474e-01
 -2.06760034e-01 -1.60568714e-01 -5.30133188e-01 -4.52001363e-01
  6.26433313e-01 -2.75243409e-02 -5.46793006e-02 -1.19618684e-01
  1.32504329e-01  5.79099298e-01 -4.77223307e-01 -7.47968435e-01
  3.37963253e-01  5.31304598e-01 -1.83914393e-01  2.52430290e-01
  2.33127043e-01  4.99959469e-01  2.35980493e-04 -5.78771047e-02
 -8.65561739e-02  3.89413029e-01  5.13037518e-02 -3.45640481e-01
 -4.28915098e-02  7.73789659e-02  6.11553073e-01  5.11209786e-01
  3.81627791e-02  4.90644813e-01  2.36655667e-01  3.92058939e-01
 -5.82278371e-01  2.09018737e-01  3.02609771e-01  1.93195567e-01
 -3.53252411e-01  1.39111117e-01 -1.90275297e-01 -3.02688509e-01
 -3.97372916e-02 -1.41669258e-01  6.44728303e-01  1.37172714e-01
  2.06242308e-01 -3.60868156e-01 -7.18996644e-01 -2.39995971e-01
 -4.07428920e-01 -3.30754042e-01 -6.60566911e-02  2.71971375e-01
  4.58128214e-01  1.18239939e-01 -8.78857613e-01  5.59360027e-01
 -8.37336555e-02  1.50209874e-01  2.55705953e-01 -2.49164119e-01
 -1.68512881e-01 -1.33666292e-01 -3.61298360e-02 -6.07807755e-01
  4.93094444e-01  2.43985932e-02 -3.06938797e-01 -5.30711412e-01
  1.33644313e-01 -1.41461585e-02  3.70425254e-01 -5.82208037e-01
  5.07016242e-01  2.09625527e-01 -7.91704059e-01 -1.05910539e-03
 -1.39470324e-01 -2.03956559e-01 -1.18096925e-01 -3.70093912e-01
  1.12086974e-01 -8.92886743e-02  7.98018351e-02  7.28433251e-01
  3.42446804e-01 -1.04682893e-01 -1.02917269e-01  6.31265342e-01
  4.01709050e-01 -2.03112558e-01 -2.31964603e-01 -2.27258354e-01
 -4.84871000e-01 -3.04903984e-01 -1.64748728e-01  6.84426874e-02
  2.04016149e-01 -3.57604057e-01 -4.98151332e-01 -6.29877925e-01
  2.93831304e-02 -1.04446244e+00  6.37473345e-01 -3.28029364e-01
  2.96338379e-01 -7.22725093e-01  9.65472087e-02 -2.32929081e-01
 -7.10023716e-02  8.46583545e-02  3.19337070e-01 -1.20400973e-01
 -8.73341918e-01 -6.17882283e-03 -4.26665787e-03 -6.01482868e-01
  7.32196748e-01  1.82781234e-01 -5.02851963e-01  1.89972535e-01
  3.95702869e-01  4.28749472e-01 -7.72369504e-02  2.77349561e-01
 -5.08094192e-01  1.80752560e-01 -9.31542646e-03 -2.13523969e-01
  2.32608169e-01  9.68848616e-02 -7.78021887e-02 -1.93880290e-01
  7.50949681e-01  4.45944846e-01  8.10620368e-01  4.53378528e-01
 -3.91265094e-01  2.29769964e-02 -4.29074019e-01  1.58395559e-01
 -8.05262774e-02  7.78834224e-01 -1.05924398e-01  7.47776866e-01
  3.19085807e-01 -7.06327915e-01  3.78322244e-01  1.15310466e+00
 -2.43985698e-01  5.21706283e-01 -1.21252067e-01  2.08300054e-02
 -6.50496542e-01  7.28494897e-02  2.16630295e-01  1.16782859e-01
 -1.79422274e-01  7.41716921e-02 -3.50896925e-01 -3.32324564e-01
  1.46734193e-01  3.33259143e-02 -5.14929742e-02  2.89450526e-01
  2.81549037e-01 -2.59059966e-01  9.00873601e-01  7.94625282e-01
 -2.12559283e-01 -4.57698032e-02  6.50607795e-02  5.16819179e-01
  5.63714325e-01 -2.67907202e-01  3.50062549e-01 -2.40627378e-01
 -7.54866421e-01  4.07133996e-01  2.87774891e-01  2.26894230e-01
  8.40395272e-01 -4.81142789e-01 -5.57891168e-02  7.07441866e-01
  4.90463376e-01  3.12488963e-04 -2.58009702e-01 -6.50021434e-01
  2.50065953e-01  4.73876260e-02 -9.66321006e-02  3.59020770e-01
  4.91607338e-02  2.93560654e-01 -4.83907722e-02 -1.41897425e-01
  1.55973181e-01  8.09610069e-01 -2.05154687e-01  1.15851328e-01
  8.40430781e-02 -8.37096721e-02 -6.07960820e-02  1.38527915e-01
  2.89888650e-01 -9.52045619e-02 -4.35509831e-01  4.37401146e-01
 -3.81699860e-01  7.32257143e-02 -4.90226746e-01  4.04262930e-01
  1.20122887e-01 -1.57380365e-02  2.57669479e-01 -3.86039257e-01
  2.52763093e-01 -3.58595014e-01 -8.54103446e-01  2.48863921e-01
  3.43773693e-01  3.62590641e-01  3.06223124e-01  5.18469587e-02
 -4.73802298e-01 -5.84358752e-01  5.99474311e-02  3.29288810e-01
 -2.08962381e-01 -6.02897346e-01  7.59888709e-01 -1.35054156e-01
 -2.29221612e-01 -1.31561792e+00  1.23514272e-01  3.36628914e-01
  3.15149426e-01 -1.88331053e-01  6.84522688e-01  4.64595594e-02
  4.82913032e-02 -1.77420124e-01 -4.45265383e-01  1.85755596e-01
 -1.03416920e+01 -1.17195779e-02 -4.32380229e-01 -2.78401703e-01
 -4.97852474e-01 -1.24644689e-01  6.70163810e-01  6.44555151e-01
 -5.51097021e-02  3.89560372e-01  9.25578270e-03  1.36777982e-01
  2.64278710e-01  1.69216186e-01 -1.09164659e-02 -1.01056024e-01
 -3.04400861e-01  1.38152868e-01 -6.39832020e-02 -3.09739262e-01
 -1.03834242e-01 -1.02720656e-01  4.41978961e-01  2.27691174e-01
  1.54794291e-01 -5.04932404e-01  4.35314238e-01  5.59800029e-01
 -1.14235513e-01  3.21497053e-01 -9.94959891e-01  1.67441219e-01
  2.73501277e-02  1.47140115e-01 -2.54922211e-01 -1.12846509e-01
 -1.33519903e-01  1.11832276e-01 -1.57464549e-01  6.04668915e-01
  2.06864640e-01  2.89664656e-01  1.21711873e-01  1.61289304e-01
  2.29845211e-01  8.82808194e-02  5.06726950e-02  2.46109784e-01
  4.98167843e-01  1.87578909e-02 -4.53949332e-01  1.16397507e-01
  8.67422149e-02 -1.76403567e-01  1.69339329e-01  1.07374899e-01
  5.12797952e-01 -8.89742374e-01 -1.65830970e-01  8.63249078e-02
  1.35007277e-01  1.90046251e-01  5.00331044e-01  5.18415987e-01
 -2.76835471e-01  8.39332640e-01  2.05704048e-01  2.88850218e-01
 -1.04201019e+00  3.46679300e-01  1.34575605e-01  5.55355847e-01
 -1.86475575e-01  1.63550988e-01 -1.17836982e-01  6.28222704e-01
  1.71266589e-02 -1.65493861e-01  3.35186869e-01  5.61884325e-03
  2.74050415e-01 -2.29368225e-01  1.95667937e-01  1.18526965e-01
 -6.13697052e-01  1.52291238e-01  1.67156368e-01 -7.96797425e-02
  2.43238881e-01 -7.36133099e-01  4.66196150e-01 -2.53040314e-01
 -5.52847743e-01  6.03863418e-01  2.62625724e-01 -4.65934187e-01
 -3.36689949e-01  1.86360180e-02  2.03590482e-01 -3.35190713e-01]"
オ,"[ 5.29659688e-01  2.13090628e-01  4.55938280e-01 -3.78823578e-01
  9.63736400e-02  2.29296863e-01  2.38674492e-01  2.54841328e-01
 -7.63473809e-02 -5.99594891e-01  3.98756087e-01 -4.26396728e-01
  4.47566777e-01 -2.47670770e-01  6.96951926e-01 -6.56861961e-02
  7.09809884e-02 -1.64454520e-01 -1.08748702e-02 -3.70274395e-01
 -7.57648110e-01 -4.13432628e-01  3.18069786e-01  3.61408234e-01
  5.38302250e-02 -3.14446181e-01  2.48361547e-02  2.23327637e-01
 -1.62991717e-01  6.53100684e-02 -1.63625494e-01 -3.66718590e-01
 -2.87500978e-01 -1.43985704e-01 -1.41204700e-01  7.16443360e-01
  4.47980128e-02 -3.34321529e-01 -4.82722819e-02 -4.44858879e-01
  2.02450410e-01 -3.92537266e-02 -7.78143555e-02 -4.90674525e-01
 -4.24458086e-01  3.56974810e-01  1.42114460e-01  4.50804353e-01
  3.91071677e-01  6.58024773e-02 -2.39533976e-01  3.98799419e-01
  2.06403464e-01  3.77097838e-02  5.50478280e-01 -1.33396879e-01
  3.77492875e-01 -5.41711688e-01 -7.68055692e-02  2.61351973e-01
 -3.71713042e-01 -2.48553813e-01  5.21899402e-01 -1.36066273e-01
  8.11342075e-02  2.62257587e-02 -2.15081081e-01 -1.48256406e-01
  4.50063795e-02 -7.74799466e-01 -2.17825398e-01  2.92504013e-01
  3.74759495e-01 -3.83584619e-01  6.91850007e-01 -3.06555510e-01
  2.23782212e-01  1.15314923e-01  2.37160161e-01 -2.25102723e-01
 -3.46247643e-01  2.76684880e-01  2.55294591e-01 -7.24557042e-01
  2.26185378e-02  4.93616015e-02 -4.94028270e-01 -9.88056362e-01
  4.52703059e-01 -3.51128668e-01 -2.28992887e-02  7.41178766e-02
  2.15323508e-01  2.37703428e-01  6.52189553e-02  1.71886206e-01
  1.26418486e-01 -2.44162172e-01 -2.34624997e-01  2.50547945e-01
  8.68691355e-02  4.09331530e-01  3.27502042e-01 -1.70980483e-01
 -2.63423085e-01  7.60699585e-02 -1.54891476e-01  2.17485011e-01
  2.51036793e-01  8.09057802e-02 -3.74579966e-01 -2.97812015e-01
 -4.65494871e-01  2.72554666e-01 -2.09189262e-02  1.43589988e-01
 -1.98187307e-01  3.38896513e-01 -4.34930116e-01  6.07869983e-01
 -2.53846645e-01  7.91590750e-01 -3.56875882e-02  3.04778337e-01
  2.15029195e-01  5.05295575e-01  1.75789315e-02 -2.72460543e-02
 -1.28480300e-01 -2.57205337e-01  3.57783772e-02 -5.79200909e-02
 -6.81407750e-01  9.21545029e-02 -2.53729820e-01  9.22534049e-01
 -1.14336526e-02 -4.79016826e-02 -1.36097178e-01 -4.66877937e-01
 -1.52467445e-01 -1.32425740e-01  2.75294513e-01 -4.04690713e-01
 -1.19702034e-01  1.62625894e-01 -2.09465668e-01 -4.74402338e-01
  4.88818675e-01  3.42639595e-01 -3.91703337e-01  8.26958001e-01
 -7.30417073e-01  5.75210862e-02 -2.62061339e-02  3.64656836e-01
 -7.47365952e-01  1.51088730e-01  4.98598143e-02  5.59486687e-01
  9.29848328e-02 -4.33689654e-01  1.99748993e-01  3.20905179e-01
  1.02211989e-01  4.26367015e-01  4.94799048e-01  2.34954759e-01
  1.95354655e-01  4.70945448e-01  5.61673045e-02  4.96297121e-01
  4.58567068e-02 -2.13768110e-01  4.98518795e-01  2.91810691e-01
  1.29393652e-01  2.64626890e-01  6.80747330e-02 -5.47927022e-01
 -3.65224034e-02 -1.63021132e-01 -1.03595313e-02 -1.49563789e-01
  4.60751444e-01 -1.61316916e-01 -5.02539128e-02  1.14508383e-01
 -2.07946435e-01  1.70403823e-01  3.67571041e-02 -2.62583464e-01
  3.75305802e-01 -6.91209018e-01  9.99286249e-02 -3.19407612e-01
 -3.27440232e-01 -3.80385637e-01 -3.02856833e-01  3.92470658e-01
  6.25739247e-02 -2.27741338e-02 -1.50439635e-01 -1.84177473e-01
 -8.77260089e-01 -3.44324052e-01  7.29026124e-02  6.55198872e-01
  3.60122412e-01  2.26610646e-01  7.18065351e-02  2.47886717e-01
  4.67506111e-01  7.48334527e-02  1.43081367e-01 -1.94220652e-03
 -2.31676742e-01 -1.86713114e-01  1.26302436e-01 -1.21085666e-01
  4.20135766e-01 -9.82303694e-02  3.48750234e-01 -5.42345010e-02
 -4.06590849e-01  2.43656427e-01  8.67293999e-02 -3.94006163e-01
  5.03381453e-02  7.26811528e-01 -2.60775447e-01 -6.34871423e-01
 -4.98527706e-01 -9.47990268e-02 -6.50830209e-01  6.62958398e-02
 -2.68383652e-01  2.85508454e-01 -3.49700004e-01  1.12674169e-01
 -1.74492911e-01 -4.75419343e-01 -1.81578606e-01 -2.11868286e-01
  3.28344889e-02  1.42950699e-01 -2.28110589e-02 -1.91820711e-01
 -5.15208364e-01 -3.52586992e-02 -3.48714292e-01 -4.78997946e-01
 -3.10264714e-03 -5.51242530e-01  4.46956694e-01  2.26768479e-01
  5.19576371e-01 -4.01957147e-02  2.23008469e-01 -2.11780015e-02
 -6.47084936e-02 -8.50242257e-01 -1.22388318e-01 -8.21013227e-02
 -5.00536263e-01 -2.89797261e-02  1.61732789e-02 -4.62967247e-01
 -3.05137724e-01 -4.27984715e-01 -5.37696257e-02 -4.27530885e-01
 -4.58555937e-01  5.07671535e-02 -6.09349832e-02  1.21000551e-01
 -1.44150585e-01  4.98395979e-01 -4.44367468e-01  1.57625675e-01
 -6.23378396e-01  1.97799042e-01 -6.93991065e-01 -2.58265138e-01
  1.02615738e-02 -2.50993371e-01 -3.85790080e-01  1.67727783e-01
 -4.67547983e-01  3.76975834e-01  3.34049433e-01  5.89170568e-02
 -4.29504603e-01 -2.34155897e-02 -3.79841536e-01  1.28155112e-01
  2.17148751e-01  7.27256596e-01  2.17628777e-01 -6.18875958e-02
  1.72691017e-01  4.01492089e-01  1.91140860e-01  1.47364363e-01
 -1.01788752e-01 -2.96952933e-01  8.40102732e-02  5.50181009e-02
  6.37321651e-01  1.06117532e-01 -1.75985415e-02  1.04611826e+00
 -3.49941045e-01  2.47092575e-01  4.92686391e-01  2.86440611e-01
 -1.74274695e+00  1.24134626e-02 -1.29007444e-01  4.75340001e-02
 -2.40004599e-01  2.80745119e-01 -3.55460658e-03  1.37170598e-01
 -4.59278792e-01 -5.40335178e-01  9.03911769e-01  2.87854135e-01
 -9.33829881e-03 -5.12270808e-01  3.49341303e-01 -2.35028371e-01
  2.98427008e-02 -4.78011936e-01  2.12677538e-01  4.78230417e-01
 -4.10766840e-01  5.39882034e-02 -1.65991887e-01 -5.37499726e-01
 -8.39669257e-02  1.67763039e-01  1.61569253e-01  2.47225672e-01
 -5.30215204e-01  1.38052374e-01  3.13878089e-01  4.00859684e-01
  7.85849571e-01  3.03985566e-01 -6.16408102e-02  5.77767044e-02
  4.45068717e-01  1.35041907e-01  4.25412297e-01 -2.85625219e-01
  1.75831676e-01 -4.75820117e-02  8.53437722e-01  1.25897396e-02
  9.11166295e-02 -1.54978712e-03  1.21304177e-01  2.29567096e-01
 -8.19531530e-02  3.54898632e-01  1.46432102e-01  4.78751250e-02
  1.90706670e-01  5.32224238e-01  5.80730975e-01  1.44955635e-01
 -2.83899516e-01 -3.66182566e-01  3.64569165e-02 -3.21286529e-01
 -6.24405146e-01 -3.38620603e-01 -3.43862951e-01 -1.22221127e-01
 -4.49567646e-01  2.92913973e-01 -2.96255443e-02 -5.18385053e-01
  5.49229495e-02 -3.55665028e-01 -4.25226897e-01  3.32149923e-01
 -5.32559305e-02 -7.33311176e-01  5.86143553e-01  2.21728235e-01
  2.88144261e-01 -5.33857048e-01 -6.53079987e-01 -4.23921756e-02
 -2.73390263e-01 -3.03942800e-01  1.67657301e-01 -3.30829591e-01
 -5.40301539e-02  3.47336739e-01 -7.84889758e-02 -9.32381302e-02
 -3.43779474e-01 -2.95097053e-01 -7.08986878e-01  1.88760504e-01
 -5.04166633e-02  3.23213547e-01  2.19684243e-02  2.22186521e-01
  2.20306531e-01  4.48722839e-02 -2.71185935e-01  8.39256197e-02
 -3.24997872e-01  5.80433309e-01  3.90726745e-01  1.66425571e-01
  5.81920862e-01  4.44246560e-01  2.81132221e-01  5.24589181e-01
  2.02089325e-02  1.34099787e-02 -6.10522449e-01 -3.01175117e-01
  7.10016072e-01 -3.79120931e-02  2.43217826e-01 -1.07879639e-01
 -1.81926806e-02  6.09081030e-01 -3.24829035e-02 -5.74191928e-01
  5.14266547e-04  7.38754347e-02 -1.84155032e-01  2.62513518e-01
  6.57590330e-01  8.22842896e-01 -2.32491437e-02  2.09028870e-02
 -1.40678659e-01 -1.87530726e-01  3.15161854e-01 -1.30644426e-01
 -1.17975011e-01 -2.94526875e-01  9.54099279e-03  2.99439758e-01
  6.59657598e-01  2.00672433e-01  6.23160660e-01  3.09473157e-01
 -3.43716770e-01  2.67425120e-01  4.35273141e-01  4.79529262e-01
 -2.94526517e-01 -2.89981574e-01 -3.53981167e-01  2.58303136e-02
 -3.89669329e-01 -6.62572011e-02  6.73135698e-01 -1.59499541e-01
  1.76897496e-01  7.67650688e-03 -6.11082435e-01 -6.22050464e-01
 -3.78277510e-01  1.60815239e-01 -9.92601439e-02  1.43383160e-01
  2.02571973e-01 -1.35760903e-02 -4.93025184e-01  1.85777426e-01
  5.61464727e-02  2.98899978e-01  5.03491282e-01 -1.53601959e-01
 -9.01676565e-02  3.59078869e-03  3.82498726e-02  6.76893964e-02
 -1.81071088e-01  4.58883010e-02 -2.62824357e-01 -4.94412094e-01
  1.62131209e-02  1.84012845e-01  2.54214287e-01 -1.46533042e-01
  6.53414965e-01  1.32467419e-01 -5.13203919e-01 -5.65060019e-01
 -2.37240583e-01 -2.22166181e-01 -4.52727154e-02 -4.98032242e-01
 -9.01912376e-02  4.43757847e-02  3.66764814e-01  8.76772404e-02
  2.80246258e-01 -3.57614696e-01  7.92291760e-02  2.38751560e-01
  6.34034872e-01 -1.30070135e-01  2.30014458e-01 -1.98584244e-01
  2.17490532e-02  8.81654993e-02  7.55990595e-02  5.94925098e-02
 -1.43209085e-01 -5.36220908e-01 -6.97850943e-01 -3.78329605e-01
 -1.78958684e-01 -1.07865930e+00  5.39438188e-01  1.38625845e-01
  2.41053805e-01 -4.67630297e-01 -4.62996036e-01 -1.47763044e-01
  3.01077008e-01 -1.15580216e-01  4.24873710e-01 -2.17767403e-01
 -5.78147948e-01 -4.97000404e-02  1.25194728e-01 -6.60147369e-01
  9.40503120e-01  2.54540563e-01 -4.91650820e-01 -3.95495683e-01
  3.87395293e-01  1.95834413e-01 -2.21845999e-01  1.07280806e-01
 -1.32592082e-01 -5.39364815e-01  1.55032635e-01 -3.46933961e-01
  3.21011186e-01 -1.54360160e-01 -3.52674324e-05 -1.24660306e-01
  5.85190356e-01  3.44327986e-01  2.44300678e-01  7.75589198e-02
 -2.27900639e-01 -2.08970875e-01 -2.48069152e-01  3.25702071e-01
  1.40794307e-01  3.85053605e-01 -1.76682368e-01  3.16250384e-01
  5.83125949e-01 -8.46609056e-01  8.67414474e-02  7.60417283e-01
  4.11032021e-01  4.44315493e-01 -1.52564764e-01  3.20903882e-02
 -8.17037404e-01  1.35569990e-01  1.41821682e-01 -1.72215570e-02
  4.57020789e-01 -3.56507041e-02 -1.37511179e-01 -4.09765035e-01
 -1.68074183e-02  4.00395066e-01  1.72828749e-01  3.64892520e-02
  4.35541987e-01 -1.55622914e-01  5.13322771e-01  3.38330954e-01
 -2.61516929e-01 -3.60293716e-01  5.43467440e-02  4.09025818e-01
  7.75284708e-01  1.81759849e-01  3.60168815e-01 -7.15021849e-01
 -6.30539358e-01  3.01282763e-01  8.31094086e-02  3.05178523e-01
  5.01429319e-01 -2.74868637e-01 -6.27902821e-02  6.11264467e-01
  2.97894835e-01 -7.07817525e-02 -3.29446822e-01 -4.16540891e-01
 -1.70716390e-01 -2.36667961e-01 -5.00891149e-01  2.01751813e-01
  8.45913216e-02 -4.67947908e-02  2.11769968e-01  1.54199144e-02
  9.83888358e-02  5.82226098e-01  2.87197321e-03 -3.05047333e-01
  2.04790220e-01  6.14336543e-02 -9.01422724e-02  8.08300227e-02
 -2.23519325e-01 -2.46593595e-01 -2.41717659e-02  2.41519004e-01
 -1.57367334e-01  2.02508613e-01  3.40979882e-02  1.61916167e-01
  3.30591708e-01 -4.44882154e-01 -1.90104902e-01 -3.14644456e-01
 -3.17463845e-01 -1.30728632e-01 -6.57792032e-01 -3.59774739e-01
 -3.09588555e-02 -4.71150875e-02 -1.59254432e-01 -5.93736023e-02
 -4.67871338e-01 -2.32516110e-01 -4.49221104e-01  2.52285540e-01
 -1.73445553e-01 -8.41765165e-01  3.82302940e-01  2.62718678e-01
 -1.25296742e-01 -1.19992077e+00  2.47536302e-01  1.70461625e-01
  2.44115233e-01  1.72105312e-01  7.04698920e-01 -3.42238545e-01
 -2.60701954e-01  8.75810459e-02 -2.85531700e-01  2.54745066e-01
 -1.05163517e+01  1.05978079e-01 -4.22578603e-01 -3.99893075e-01
 -3.50487739e-01  3.93149853e-01  6.25632167e-01  5.66282392e-01
 -1.95585936e-01  1.21423393e-01 -3.40548642e-02  9.15949419e-02
 -1.44770285e-02  6.83787882e-01 -5.20783842e-01 -3.06553662e-01
 -2.30557114e-01 -2.15277169e-02 -4.03221026e-02 -2.39191204e-01
  1.14314690e-01 -2.84472644e-01  5.08635998e-01  7.36679852e-01
  5.46224177e-01 -4.08423632e-01 -2.61187971e-01  2.47341441e-03
 -2.02753499e-01  5.91974974e-01 -6.01364851e-01  5.32571316e-01
  3.64352502e-02  3.01084399e-01 -1.52536288e-01  2.52969116e-01
 -4.02831227e-01  6.68329716e-01 -3.90014835e-02  4.04142320e-01
  3.15302551e-01  4.24127430e-01 -2.56795008e-02 -3.04168835e-02
  1.74899265e-01  2.39173710e-01  4.69064713e-01  1.11696711e-02
  5.41832387e-01 -2.42215633e-01 -1.27103299e-01  1.33843392e-01
  6.82288781e-02 -9.43486765e-02  4.55611289e-01 -3.05458643e-02
  6.39403582e-01 -6.74558520e-01 -3.16420607e-02  6.43760711e-02
  3.38028491e-01 -7.73757696e-02  3.83367360e-01  4.44365919e-01
  3.00741434e-01  4.10556674e-01  5.21741688e-01  3.65373969e-01
 -9.13043141e-01 -2.37799183e-01  1.62567645e-01  4.71616268e-01
 -9.50486809e-02  3.25132906e-01 -2.56731838e-01  3.13396513e-01
  3.61466676e-01 -2.95936376e-01  5.50640672e-02 -2.80053783e-02
  2.83950686e-01 -3.02975923e-01  8.33558366e-02  2.40718409e-01
 -6.21874213e-01  4.87202406e-02 -8.32330659e-02 -4.81247865e-02
  2.59869248e-01 -4.46125746e-01  2.38236561e-01  8.38035122e-02
 -5.34437299e-01  5.06531894e-01  4.48012590e-01  1.81824807e-02
 -1.21032991e-01  2.26519614e-01  4.85405922e-01 -2.47120038e-02]"
チ,"[ 8.42853546e-01  1.47247627e-01  9.14772928e-01 -1.44609645e-01
  1.10466704e-02  9.30727646e-03  1.53005883e-01  1.01528473e-01
 -1.41427800e-01 -5.69754720e-01  1.06568122e+00 -8.50517899e-02
 -2.41702542e-01  2.05863267e-01  7.53688216e-01 -2.41837919e-01
  3.92528057e-01  3.09720393e-02 -3.24539274e-01 -4.36023742e-01
 -5.93385160e-01 -5.33814967e-01 -3.87424022e-01  5.21327317e-01
  1.46444160e-02 -5.23089647e-01  2.99971104e-01  3.08498591e-01
  2.30536491e-01 -5.75638972e-02 -2.63303578e-01 -3.46108198e-01
 -1.72496215e-01  1.83937252e-01 -3.18274379e-01  2.44229272e-01
  3.62192057e-02 -1.56765476e-01 -1.05702303e-01 -1.61259845e-01
  7.70212486e-02  9.48788784e-03  2.92446554e-01  9.87499766e-03
 -2.76575714e-01  8.20918918e-01 -1.10239945e-01  1.89950153e-01
  2.01705039e-01  1.64486822e-02 -2.29494981e-02  2.23547161e-01
  1.23804405e-01  4.18611199e-01 -8.71918648e-02  5.38452156e-02
  4.98335868e-01 -4.43732888e-01 -6.84826598e-02  3.20899516e-01
 -5.99387661e-02 -9.59830731e-02  7.03244880e-02 -4.19170022e-01
  3.45207714e-02 -3.53785425e-01 -1.24000430e-01 -7.07898065e-02
 -1.19190976e-01 -5.59236526e-01 -4.94467020e-01  9.92212743e-02
  2.85522819e-01 -5.79861641e-01  8.56750667e-01 -3.00282478e-01
 -2.10923687e-01  1.73501641e-01 -6.24107905e-02 -9.70651209e-02
 -6.53534532e-02  3.75156283e-01 -8.25256854e-02 -7.61167169e-01
 -2.90810727e-02  2.61255950e-01 -4.91557777e-01 -4.89822745e-01
 -7.38580991e-03 -4.10433024e-01  1.72300115e-01  2.23843455e-01
  1.14986844e-01 -4.60462242e-01  2.90198289e-02  1.48199067e-01
 -7.79963210e-02 -3.23873460e-01 -6.75454810e-02  2.61807114e-01
  2.82629788e-01  1.16333008e-01  2.34429270e-01  1.14794351e-01
  5.45557104e-02  1.97600797e-01 -6.44290373e-02 -1.60401940e-01
  1.84217677e-01  2.96219736e-01 -1.18795969e-01  1.16025448e-01
 -5.23694575e-01  1.92360163e-01  6.84427768e-02 -4.12616506e-02
 -4.96612251e-01  2.17382222e-01 -2.55562276e-01  5.25975227e-01
  1.76097706e-01  3.24812680e-01 -1.59069851e-01 -2.60919303e-01
  1.58104722e-05  3.21714729e-01 -2.69590318e-01 -1.68829232e-01
 -3.07585269e-01 -6.25000656e-01 -2.41208188e-02  3.48107214e-03
 -5.23842990e-01 -2.08071657e-02  7.34094903e-02  4.47623283e-01
 -3.28529924e-02 -2.01780140e-01 -1.78341031e-01 -3.75182331e-01
 -2.11977378e-01  8.23509842e-02 -3.19336414e-01  1.57437131e-01
  8.67023915e-02  4.20797974e-01  3.88737917e-02 -6.38285100e-01
  2.22518191e-01  3.21182638e-01 -8.24905097e-01  7.67584801e-01
 -3.87192219e-01 -9.14063528e-02  5.93892574e-01  2.36931205e-01
 -5.63773155e-01  1.38392523e-01 -9.70321298e-02  3.78819376e-01
 -8.30970407e-02 -1.93731084e-01  3.66214305e-01  1.93342611e-01
  1.21222563e-01  1.17830090e-01  2.68019825e-01  3.31943005e-01
  1.86075568e-02  8.89475122e-02  1.75922513e-01  7.94115603e-01
  6.34880006e-01 -1.91565588e-01  1.07016690e-01  8.06391835e-02
  6.92472577e-01 -3.18008751e-01  4.66234505e-01 -6.23284817e-01
  9.84080601e-03 -3.56356800e-01  5.23331091e-02 -2.80461967e-01
 -2.93134041e-02  1.19207054e-02 -2.60926306e-01  2.80576974e-01
 -1.91713452e-01  6.68757558e-01  9.65749621e-02 -1.24696314e-01
  2.67684221e-01 -2.99656719e-01 -1.51793987e-01 -4.82032061e-01
 -1.41347811e-01 -2.31025606e-01 -4.26673889e-01 -1.34970397e-02
  5.26130319e-01 -4.50966395e-02 -1.83140665e-01 -2.45625064e-01
 -7.90297151e-01  2.44237483e-02  2.05881059e-01  4.02921051e-01
  3.85039628e-01  6.97951764e-02 -5.12673616e-01  3.96497607e-01
  5.39412200e-01  1.90707907e-01 -6.64450601e-02  3.30729336e-01
  4.89521660e-02 -4.58781630e-01  2.07310721e-01 -6.93034232e-01
  5.81771255e-01 -3.59262049e-01 -8.68642405e-02 -3.29509079e-01
  8.95883217e-02  1.07861869e-01 -6.88109398e-02 -3.14999819e-01
 -5.33800840e-01  5.76103389e-01 -7.41743684e-01 -6.71229780e-01
 -2.25756004e-01 -2.87085325e-01 -8.68522942e-01  1.27885081e-02
 -5.03610134e-01  2.33073831e-01 -2.94035345e-01  1.46369919e-01
  2.43429303e-01  3.07777361e-03 -2.66175359e-01 -6.12577438e-01
 -2.34181300e-01 -3.11235040e-01 -3.00731957e-01  5.72306141e-02
 -3.34857315e-01 -2.40968987e-02 -4.92682248e-01 -4.40467596e-01
  1.10690378e-01 -1.18690968e-01  9.44345832e-01  4.09178495e-01
  4.41505790e-01 -3.93132001e-01  6.65241033e-02 -7.28280187e-01
  1.80171028e-01 -7.88655639e-01  3.17665726e-01  1.27290204e-01
 -9.91805717e-02  2.11601570e-01 -1.63839117e-01 -5.93918383e-01
 -2.17793018e-01 -2.27859393e-01 -2.39016235e-01 -4.14294302e-01
 -5.29726446e-01  1.82474211e-01  2.16857761e-01  5.45738161e-01
 -2.19072953e-01  4.68488216e-01 -4.95736450e-01  1.05608612e-01
 -5.21552145e-01  1.10717975e-01 -4.53512520e-01 -3.59947771e-01
 -6.86781257e-02  1.27522737e-01 -3.97583276e-01  2.91280031e-01
 -9.63909552e-02  3.85229230e-01  4.26502824e-01 -2.28554830e-01
 -7.07914889e-01 -1.39667422e-01 -1.96977243e-01  3.27211708e-01
  2.60026395e-01  2.85201490e-01 -6.96388781e-02  1.73271507e-01
  8.89493465e-01  1.50206417e-01 -2.74060130e-01  1.56508014e-02
  2.58501977e-01 -3.72795105e-01 -1.04430571e-01 -2.66783535e-01
  6.33957267e-01 -3.43453228e-01 -1.22440383e-01  6.53750956e-01
 -3.52553725e-01 -3.94293964e-02  1.54287502e-01  7.10458010e-02
 -1.72209990e+00 -3.48335177e-01  1.91900283e-01  1.74204335e-01
  1.76689178e-02  1.49718553e-01  1.01040363e-01  2.50125289e-01
 -6.73146248e-02 -5.03727674e-01  7.26184011e-01  1.46741509e-01
 -1.66632786e-01 -1.25167787e-01  6.75111532e-01  1.03478536e-01
  1.22072629e-03 -8.30125153e-01  2.94432968e-01  6.28052831e-01
  3.93918842e-01  1.05686128e-01 -1.65945724e-01 -3.02259982e-01
  6.29619062e-02 -9.45211574e-03  8.90965089e-02  6.66997969e-01
 -7.79485881e-01  3.98215912e-02  1.01676323e-01  7.42147088e-01
  5.77147603e-01  6.70885026e-01 -1.98491335e-01 -9.25130993e-02
  2.18262866e-01  3.30161512e-01  4.14837867e-01 -1.69718429e-01
  1.82756618e-01 -3.08325678e-01  4.46010709e-01  5.83860874e-02
  2.83847719e-01 -7.01364428e-02 -2.07538139e-02  3.80064130e-01
  1.06149726e-01  5.24531901e-01  9.10051405e-01  3.88452858e-01
  4.63070840e-01  1.90129265e-01  7.94097185e-01  4.03649569e-01
 -3.31135660e-01 -6.59400940e-01 -1.42318353e-01 -4.38134223e-01
 -1.44530922e-01 -3.43757242e-01 -2.37963825e-01 -1.14257656e-01
 -3.50915492e-01  1.25145480e-01 -6.47215918e-02 -3.68380368e-01
  2.72853285e-01 -4.43236530e-01 -5.33510804e-01 -4.98007536e-01
 -1.22181855e-01 -5.64956009e-01  5.30169420e-02  4.83399034e-02
  1.95208311e-01  4.27548550e-02 -6.57188356e-01  1.44824490e-01
 -6.11797161e-02 -2.76838511e-01 -1.34358078e-01  2.01644093e-01
 -3.19521576e-01  2.40187868e-01 -2.69564753e-03 -4.21085030e-01
 -3.75089169e-01  9.97691881e-03 -5.89247465e-01 -3.50607097e-01
 -1.31528050e-01  7.86591709e-01 -3.53146583e-01 -2.00354740e-01
  5.08903433e-03  1.12854578e-01 -7.54870296e-01  6.42917231e-02
 -7.34367490e-01  5.23249745e-01  4.93610889e-01 -5.89960702e-02
  3.91326845e-01  6.95464134e-01  3.37547600e-01  1.98438928e-01
 -3.77468973e-01 -2.71943748e-01 -2.58871615e-01 -5.37917674e-01
  7.70291984e-01 -2.49019071e-01  7.26930201e-01  4.28377926e-01
  2.89225072e-01  5.30041277e-01 -3.46038252e-01 -2.43838817e-01
  1.90996632e-01  6.56697571e-01 -7.94098079e-02 -5.20551912e-02
  1.54832169e-01  6.62054956e-01 -4.42051254e-02  3.66316080e-01
  8.02531168e-02 -1.26784161e-01  2.59898931e-01 -1.01775646e-01
  3.25296581e-01 -1.98406160e-01  6.79283217e-03  1.83720365e-01
  4.56431031e-01  4.12425622e-02  4.58351344e-01  4.67290163e-01
  3.41414571e-01  3.14640999e-01  1.89507291e-01  5.58591962e-01
 -1.77199453e-01 -2.29780138e-01  1.28064424e-01  2.98704028e-01
 -3.27293247e-01 -1.60891842e-02  4.94938016e-01 -3.36365372e-01
  3.07531357e-01 -4.89090621e-01 -5.83366513e-01 -3.16695660e-01
 -4.40667599e-01 -6.78697526e-02 -4.40647721e-01 -1.18325271e-01
  1.95701420e-01 -4.46809903e-02 -6.85488582e-01  3.72497648e-01
 -3.45356464e-01  3.83315176e-01  5.17167807e-01 -5.15245020e-01
 -4.72607128e-02  2.87449181e-01 -3.81245911e-02 -1.15432769e-01
  6.45733401e-02 -1.97657004e-01 -3.23012918e-01 -9.34554160e-01
 -2.40036979e-01  4.42837887e-02 -9.91789177e-02 -2.87167311e-01
  5.11563122e-01  9.20452848e-02 -5.14573932e-01 -2.27845296e-01
 -5.24106860e-01 -2.78742880e-01 -2.08256200e-01 -6.64777994e-01
 -8.34841281e-02  1.69659346e-01 -5.06255999e-02  6.49878800e-01
  3.96391422e-01  1.04845718e-01  1.72360078e-01  1.78594410e-01
  3.93892437e-01 -3.50173339e-02 -2.00940743e-01 -1.64164856e-01
 -1.62190482e-01 -8.30324739e-02 -8.67351815e-02  2.59131163e-01
  9.74557269e-03 -3.07003856e-01 -9.51622248e-01 -4.18761484e-02
 -3.81665319e-01 -9.02629673e-01  4.84901965e-01 -1.90712854e-01
  1.88055679e-01 -6.73077941e-01 -7.92931989e-02  2.26094443e-02
  3.11894655e-01 -2.41324708e-01  5.96795261e-01  1.38310388e-01
 -7.26936579e-01  2.73792118e-01 -3.29509944e-01 -3.30281585e-01
  1.02645910e+00  3.43909413e-01 -1.56950474e-01  2.39773929e-01
  4.65257853e-01  3.39310080e-01  7.40174204e-02  1.50729477e-01
 -3.25138509e-01 -1.43995136e-01  6.57499254e-01 -1.81640968e-01
  3.51689339e-01  1.07679389e-01 -1.69073448e-01 -1.95117041e-01
  6.10444129e-01  2.67846853e-01 -6.03610510e-03 -2.65005529e-02
 -1.15452722e-01 -2.36189097e-01 -1.01417691e-01  4.69815552e-01
  1.66137934e-01  6.59998059e-01 -3.30855459e-01  3.55631441e-01
  2.92344242e-01 -4.54701781e-01  1.48122162e-02  5.18225193e-01
  1.81217372e-01  2.16029435e-01 -1.17572464e-01  3.64973724e-01
 -7.02184558e-01  3.82911325e-01  2.94936568e-01 -9.53113362e-02
  3.27412903e-01  2.30829492e-01 -1.61550120e-01  6.72983564e-03
 -2.06272721e-01 -7.85578042e-02 -1.42971769e-01  3.72656763e-01
  4.09796268e-01  3.84697944e-01  6.47332072e-01  3.99150759e-01
 -4.76308852e-01 -1.15305640e-01 -4.93875518e-02  3.29764903e-01
  8.12286615e-01 -5.35163581e-02  2.94447601e-01 -2.60442108e-01
 -1.19939148e+00  4.93676841e-01 -5.03352463e-01  2.32549533e-01
  7.06657112e-01 -1.92888513e-01  6.74138516e-02  3.21895361e-01
  9.84575748e-02 -9.80831310e-02 -8.19390714e-01 -5.77654541e-01
  9.75599587e-02 -2.07587332e-01 -1.70923635e-01 -1.21096633e-02
 -1.80323124e-01  2.22211942e-01  7.72424400e-01  2.27157772e-01
  2.84070689e-02  5.15705764e-01  1.51699066e-01 -1.76018178e-02
  5.94828844e-01 -1.01621196e-01 -1.82936981e-01 -1.20712630e-01
  1.01740971e-01 -4.90364581e-01 -5.07513642e-01  2.19121754e-01
  2.38668602e-02  1.75755516e-01 -4.10503238e-01  5.40925190e-02
  5.89548171e-01  9.93738621e-02  2.17395186e-01 -5.76776922e-01
 -1.09837554e-01 -2.08343759e-01 -7.77599335e-01 -4.11289543e-01
 -8.88543483e-03 -1.21192940e-01 -1.23786144e-02 -6.65807664e-01
 -6.15989566e-01 -1.35368094e-01 -3.06047171e-01 -1.21462988e-02
 -2.89894164e-01 -5.22022963e-01  3.90244544e-01  2.84988195e-01
  8.48667100e-02 -1.15241528e+00  6.94812179e-01 -4.33293581e-01
  6.28650725e-01 -2.95569927e-01  6.33084327e-02 -2.42312416e-01
 -4.82282132e-01 -1.34334683e-01  7.87879676e-02 -3.89260322e-01
 -1.03635311e+01 -2.10721940e-01 -3.73152465e-01  1.08591467e-01
 -1.96045265e-02 -8.53371322e-02  6.44160807e-01  3.89423072e-01
 -6.29450858e-01  2.47539923e-01  3.78472917e-02  2.93474913e-01
  5.16093194e-01  3.89760226e-01 -4.04106289e-01 -5.32547116e-01
 -2.18108743e-02 -2.98357308e-01  2.86106676e-01  7.44397268e-02
 -8.61763284e-02 -2.74086863e-01  5.57337821e-01  3.56397122e-01
  6.09876454e-01  1.39250681e-02  3.49971801e-01  3.59521478e-01
  5.36108054e-02  2.99381226e-01 -7.11888850e-01  4.02275115e-01
 -2.59196699e-01  5.33473194e-01 -2.21660733e-01 -6.51230142e-02
  3.76212001e-02  1.88887671e-01  5.80624864e-03  5.02786636e-01
  3.32447618e-01  7.99217150e-02 -2.49007434e-01 -9.55523849e-02
  5.23609042e-01  8.77992034e-01  1.67158812e-01  7.02597141e-01
  8.04572821e-01  6.84360936e-02 -1.79562643e-02 -1.11402668e-01
 -1.63829967e-01 -8.87001753e-02  1.08162379e-02  3.18409115e-01
  4.87016529e-01 -4.01909500e-01 -4.53278907e-02 -1.22558616e-01
  2.12155148e-01 -1.07505426e-01  7.86229312e-01  5.84304035e-01
  4.00998533e-01  1.09846726e-01  4.09398377e-02  6.21262252e-01
 -5.26177168e-01 -3.92364115e-01  6.02347553e-02  5.11856616e-01
 -2.87868142e-01 -4.00768518e-01 -5.98073490e-02  6.33587539e-01
  1.77872002e-01 -2.60413647e-01  3.37995082e-01 -5.71728610e-02
  7.97316134e-01 -2.15154886e-01 -7.70865232e-02  6.46770954e-01
 -7.26398110e-01 -1.42513797e-01 -2.05434769e-01  1.44183382e-01
  4.02603865e-01 -3.97640258e-01  5.58906674e-01 -1.59731749e-02
 -2.49369696e-01  5.30163012e-02  5.96105456e-01  1.25937819e-01
 -1.18838988e-01  5.60161531e-01  1.34084255e-01 -5.92841744e-01]"
ワ,"[ 2.41312757e-01  1.78770334e-01  4.63107407e-01 -2.30970860e-01
  2.00373262e-01  2.77688056e-01  1.22989722e-01  3.08803529e-01
 -9.90669243e-03 -6.19081438e-01  7.02891827e-01 -3.67085427e-01
 -6.94075525e-01  2.04239041e-01  3.71259689e-01 -3.85068625e-01
  4.79442365e-02 -2.96942960e-03 -2.35241279e-02 -6.80560887e-01
 -7.09689438e-01 -3.32321316e-01  1.33449525e-01  3.07501584e-01
 -5.79979718e-02 -3.17662477e-01  2.53216267e-01  3.63688499e-01
 -6.85061589e-02  4.07397486e-02 -3.93713087e-01 -2.22357392e-01
  1.63261220e-01  8.32343325e-02 -2.01122910e-02  4.20076281e-01
 -3.85860242e-02 -7.19058961e-02 -1.45384714e-01 -5.82923368e-02
  1.35667948e-02 -1.08499892e-01 -4.62835878e-01 -1.23548329e-01
  7.51526281e-02  5.49737632e-01  2.00306147e-01  1.60707191e-01
  6.36260390e-01  1.62989646e-01 -1.02465764e-01  2.14496672e-01
  3.96599740e-01 -1.59053028e-01  2.97322124e-01 -1.74758390e-01
  4.91109669e-01 -2.99057394e-01 -1.81793213e-01 -1.68553367e-02
 -1.85349524e-01 -1.85606912e-01  1.34869680e-01 -1.99984297e-01
 -5.88796064e-02 -5.89682221e-01  2.04702184e-01 -1.09877281e-01
 -2.94551462e-01 -8.37729990e-01 -4.08452690e-01  4.86794636e-02
  1.98038220e-01 -3.73755604e-01  6.23922288e-01 -4.07869607e-01
  3.51131380e-01  1.78239346e-01 -2.16964837e-02  4.87788133e-02
  7.19891414e-02  4.07847732e-01  1.16257677e-02 -4.40961421e-01
  4.78208721e-01 -2.75317933e-02 -2.51472503e-01 -7.44754910e-01
  2.05165476e-01 -3.79210383e-01 -1.34947240e-01 -8.64250660e-02
  7.02781796e-01  7.51868039e-02 -4.80694436e-02 -9.26386863e-02
  6.66812807e-02 -2.96792209e-01 -1.82822675e-01  4.30065870e-01
  1.84507102e-01  2.61872739e-01  3.07327211e-01 -1.08279675e-01
 -1.92211524e-01  5.10803349e-02 -2.11336568e-01  1.31162181e-01
  1.73354521e-01 -1.69563502e-01 -5.20379804e-02 -4.63836551e-01
 -7.41418302e-01  2.43459940e-01 -2.26892516e-01 -1.38464314e-03
 -5.29135354e-02  2.84847021e-01 -6.55732751e-01  5.48838437e-01
  4.75387812e-01  4.56340671e-01  9.71252173e-02 -2.15011358e-01
 -1.58604667e-01  3.36148381e-01 -1.13925584e-01 -1.99937731e-01
 -1.11095995e-01 -1.13007210e-01 -6.24144971e-01  1.06282912e-01
 -1.75889462e-01  4.10359316e-02 -4.10412960e-02  6.24406934e-01
  2.32682392e-01 -3.46159071e-01 -2.46445179e-01 -4.86181408e-01
 -3.92178595e-02 -4.13064063e-01  2.63327390e-01 -3.57798815e-01
 -2.99539745e-01  4.13420945e-01 -3.35970372e-01 -6.49303198e-01
  5.21126688e-01  3.13008189e-01 -2.83915818e-01  7.57297456e-01
 -5.18208742e-01 -6.15696199e-02  1.02712102e-01  1.73883680e-02
 -5.00848055e-01  4.96297795e-03 -2.35852927e-01  1.59353375e-01
  1.62526108e-02 -3.12187165e-01  1.38134584e-01  7.07564890e-01
 -3.57932001e-02  2.62448907e-01  4.84837174e-01  3.59840214e-01
 -1.32753000e-01  3.69317055e-01  1.73502579e-01  3.28321069e-01
  1.60543397e-01 -1.47444233e-01  2.03897670e-01  4.11395997e-01
  1.90488040e-01  1.23299919e-01  1.73960462e-01 -6.16261005e-01
 -1.28782943e-01 -5.90417802e-01 -2.56126225e-01 -4.29839492e-01
  6.68615848e-02 -4.96128798e-02  1.18036903e-01 -8.69859010e-02
 -9.33648273e-03 -6.27424836e-01  1.89670458e-01 -3.84685487e-01
  5.83632626e-02 -3.41237873e-01 -7.75578395e-02 -1.15938894e-01
 -1.86300963e-01 -1.25131339e-01 -1.30458847e-01  6.32146120e-01
  7.07256496e-02  2.46650994e-01 -1.56285390e-01 -2.59739190e-01
 -9.40013945e-01 -2.57477552e-01  3.04974735e-01  2.31342509e-01
  5.14218569e-01  2.66561389e-01 -2.76700348e-01  5.65551460e-01
  2.45579869e-01  1.89482391e-01  1.44254580e-01  4.63168025e-01
 -4.66797203e-01 -4.87503797e-01  3.42424899e-01 -4.52726223e-02
  2.02515692e-01 -1.73521712e-01  4.55023289e-01  1.35221183e-01
  1.27749473e-01  3.90618026e-01  3.95260483e-01 -4.49961349e-02
 -2.83877522e-01  5.81055760e-01 -2.73013830e-01 -3.00172925e-01
 -5.72367013e-01 -2.31857151e-01 -7.00156748e-01 -1.54121488e-01
 -3.08991194e-01  3.29571664e-01 -3.61489058e-01  5.53109087e-02
  2.00627476e-01 -2.71377504e-01 -2.28559263e-02 -3.49900305e-01
  1.02636963e-01  1.87525712e-02 -7.59266689e-02  7.33842142e-03
 -1.25525728e-01  4.39842371e-03 -5.80786824e-01 -5.80649793e-01
  1.52222390e-04 -5.36818385e-01  3.95524532e-01  3.87314737e-01
  5.03296673e-01 -1.84272066e-01  1.28242731e-01 -6.77852392e-01
 -9.79830325e-02 -6.28655255e-01 -2.05274940e-01 -3.76873016e-01
  4.44958434e-02  6.03562184e-02 -1.92746505e-01 -4.94977564e-01
 -3.39279532e-01 -2.73395836e-01 -7.42387548e-02 -2.18325466e-01
 -1.79071531e-01  2.23553628e-01  4.63783927e-03  4.27511521e-02
 -5.41605890e-01  2.38763660e-01 -1.32682592e-01  3.06786895e-01
 -6.26791239e-01  1.87562272e-01 -6.92230642e-01  4.12008524e-01
  1.02160431e-01 -2.38845363e-01 -2.05380544e-01 -6.09787285e-01
 -1.92958057e-01  3.75987917e-01  1.18556686e-01 -3.62667888e-01
 -5.75807273e-01  1.32315278e-01 -1.76393032e-01 -1.73126720e-02
  4.49931808e-02  3.37923974e-01  3.76860172e-01  1.69914097e-01
  1.93141162e-01  4.40372676e-01  6.46395236e-02 -2.48248219e-01
 -2.53826588e-01 -3.35295409e-01 -3.86617810e-01 -1.76303685e-01
  4.71369922e-01 -3.01892906e-01 -1.22408219e-01  6.84111476e-01
 -2.76846200e-01  3.28893125e-01  2.13025495e-01  2.83522278e-01
 -1.90407300e+00  1.05473198e-01  3.87575448e-01  5.53796254e-02
 -1.15783028e-01  6.76978827e-01  1.93166971e-01  2.56325096e-01
 -5.99739611e-01 -5.15846193e-01  6.79478765e-01  4.47150111e-01
 -1.42887160e-01 -3.14780772e-02  4.06855851e-01 -1.58911332e-01
 -9.65684932e-03 -7.69786298e-01  1.97960407e-01  3.81275386e-01
  1.11930273e-01 -1.50876999e-01  9.27985758e-02 -2.91723996e-01
  8.56456459e-02  9.26432014e-02  1.70701355e-01  5.20618796e-01
 -7.43687093e-01 -5.02448417e-02  5.22429124e-02  8.60012770e-01
  8.04751694e-01  4.54075068e-01  5.50342835e-02 -2.37832755e-01
  2.51064450e-01  7.95485020e-01  4.64181095e-01 -1.45451456e-01
  2.24768799e-02 -1.57770321e-01  5.33059061e-01  2.39982620e-01
 -1.74436703e-01 -7.85607006e-03  2.89194852e-01  2.06837133e-01
 -1.85327828e-01  6.37874901e-01  7.02621102e-01  1.64374009e-01
  2.27419958e-01  1.12259462e-01  1.08037770e+00  1.67354960e-02
 -1.72071263e-01 -6.43910766e-01 -6.93342164e-02 -3.77212167e-01
  2.81704869e-02  3.41115147e-02  1.20493926e-01  3.88853669e-01
 -2.63448954e-01  2.35607386e-01  1.88252196e-01 -1.41860157e-01
  3.51186752e-01 -5.90380609e-01 -4.72296059e-01 -1.88462615e-01
  7.87147358e-02 -7.79935062e-01  4.34082210e-01  3.55190009e-01
  4.19434786e-01 -1.69391766e-01 -4.18043315e-01  8.21450800e-02
 -1.83815256e-01 -1.40508369e-01 -1.36860460e-01  2.68377185e-01
  3.59268486e-03 -3.26128811e-01  1.75420865e-01 -4.79549021e-01
 -4.57891375e-01 -3.07402648e-02 -9.61886823e-01 -1.04021795e-01
 -1.70662075e-01  5.63137412e-01 -1.73657268e-01 -8.61991346e-02
  1.74125224e-01 -2.78803669e-02 -1.50995806e-01 -1.28255382e-01
 -5.93872368e-01  4.08979267e-01  8.29112455e-02  1.02354802e-01
  3.40668440e-01  3.22893888e-01  2.23098412e-01  3.68858397e-01
 -5.46056628e-01  5.54232895e-02 -6.03650272e-01 -3.18844438e-01
  6.69489622e-01 -1.69353768e-01  2.79108077e-01  2.57520890e-03
 -1.78716391e-01  5.42557955e-01 -2.63845533e-01 -5.68337917e-01
 -1.81565315e-01  6.08710647e-01  7.67980963e-02  6.42816007e-01
  3.76709580e-01  7.91594207e-01 -1.17319480e-01  4.40379500e-01
 -1.17283333e-02 -7.06030503e-02  4.44159210e-01 -6.63274646e-01
  8.61259475e-02 -4.58831452e-02  1.41032517e-01  4.22554821e-01
  2.31228128e-01  1.68151632e-01  2.72352487e-01  2.04196349e-01
 -1.13721728e-01  2.08122849e-01  2.45736510e-01  4.33487922e-01
 -3.47875446e-01 -6.16108119e-01 -3.62785935e-01  3.60947698e-02
 -4.68685806e-01 -1.44036159e-01  6.83917046e-01 -6.83362037e-02
  9.23455954e-02 -2.30743796e-01 -7.26019025e-01 -4.81681883e-01
 -4.78433490e-01 -2.10555166e-01  7.35890418e-02  4.20312673e-01
  5.72357178e-01  7.58978259e-03 -9.13279593e-01  3.10104191e-01
  1.92948788e-01  4.60647821e-01  1.26132712e-01 -2.45517045e-01
 -1.57347322e-01  6.69548139e-02 -7.16644004e-02 -1.94064915e-01
  1.80845261e-01  1.32692205e-02 -5.06711341e-02 -4.84208435e-01
  1.54028118e-01 -2.62370050e-01  1.47505835e-01 -2.53997326e-01
  5.18557966e-01  1.03220277e-01 -7.60931194e-01 -3.09986204e-01
  1.27462447e-01 -2.59673744e-01 -1.30606472e-01 -6.11622214e-01
  1.90020576e-01 -3.81309032e-01 -1.31044686e-01  2.89544016e-01
  5.35934985e-01 -2.92400450e-01 -1.34607494e-01  3.89133215e-01
  5.69875956e-01 -4.60829735e-02  3.97218838e-02 -7.01807290e-02
 -2.84918666e-01 -1.75846890e-01  4.25268263e-02 -1.49015009e-01
 -1.98945567e-01 -1.96695402e-02 -7.79639900e-01 -2.52239078e-01
  5.96350096e-02 -8.66110325e-01  6.77447796e-01  1.85520396e-01
  5.30179322e-01 -5.00316203e-01 -8.92804191e-02 -2.44664043e-01
 -5.51854670e-02 -6.70366175e-03  4.18735623e-01 -3.89188193e-02
 -7.82246053e-01 -6.78139701e-02 -4.74071294e-01 -4.95743424e-01
  4.79934067e-01  3.95989537e-01 -4.03847337e-01  9.71675739e-02
  3.38846087e-01 -2.26312622e-01 -1.47653654e-01  8.29782858e-02
 -1.34539217e-01  1.11060828e-01  2.89263725e-01  3.48658375e-02
  2.14787796e-01  2.84224987e-01 -3.34473252e-01  1.85316160e-01
  2.59804994e-01  6.58567667e-01  2.96102852e-01 -5.68209914e-04
  1.01207104e-02 -3.23925205e-02 -5.57614267e-01  4.53878731e-01
  2.71720946e-01  5.44496894e-01 -3.91265363e-01  6.19258583e-01
  6.21328235e-01 -4.58239913e-01  3.54358107e-01  6.62291646e-01
  4.14657146e-01  3.33427131e-01 -3.52933556e-02 -6.12291433e-02
 -7.31713176e-01  2.76707411e-01 -3.05102021e-02  2.55432218e-01
 -3.55859622e-02 -3.24385017e-02 -1.06860235e-01 -2.45563000e-01
  1.75148211e-02  3.63733441e-01  3.27782601e-01  1.44681349e-01
  3.02171677e-01 -3.77583772e-01  4.75103110e-01  4.33124989e-01
  2.10160855e-02 -1.45999461e-01  2.46096119e-01  3.80226105e-01
  6.37458980e-01  3.14390995e-02  3.57241213e-01 -2.07258850e-01
 -1.02187920e+00  8.56554732e-02  1.02315852e-02  3.64446521e-01
  5.95105469e-01 -5.78033805e-01 -2.02329919e-01  1.86021313e-01
  5.03720343e-01 -2.87385941e-01 -9.41149369e-02 -4.39944655e-01
  1.73243046e-01  2.61532307e-01 -1.30306855e-01  7.27578476e-02
  1.29107237e-01  3.21299791e-01 -1.63494468e-01  1.45674944e-01
  2.13067949e-01  7.29916453e-01  1.36237934e-01  9.12676230e-02
  4.25005369e-02 -2.69976765e-01 -4.45096910e-01  5.19218408e-02
  6.58692420e-02 -3.38729471e-01 -4.07128155e-01  3.78243290e-02
 -3.90721649e-01  1.47309169e-01 -2.99052000e-01  2.54909217e-01
  3.07830989e-01  5.76332025e-02 -3.66539471e-02 -4.79074359e-01
 -6.32993877e-02 -2.42817495e-02 -7.73797452e-01  9.51301605e-02
 -2.57984787e-01  1.72079846e-01 -2.19289929e-01  2.13155206e-02
 -4.72984076e-01 -2.63345808e-01 -3.67784172e-01  5.50566792e-01
 -1.21872328e-01 -4.21429157e-01  4.17335808e-01  3.11452329e-01
 -1.26444384e-01 -9.92277384e-01  3.27897877e-01  3.60675633e-01
  5.68462253e-01 -2.31235683e-01  5.09494424e-01 -3.74531507e-01
  2.22900659e-01  1.00892588e-01 -4.16084230e-01  5.26250482e-01
 -1.04641905e+01 -4.21339095e-01 -4.99089569e-01 -2.99182802e-01
 -5.23726225e-01  3.39393765e-01  6.27589703e-01  3.31080645e-01
 -4.00895625e-01  1.50315478e-01  7.72168711e-02  4.32523161e-01
  3.52770120e-01  3.08515072e-01 -5.92936039e-01  1.28889039e-01
 -3.21943879e-01 -4.82525885e-01  1.69491174e-03 -2.16053218e-01
  1.13106675e-01 -6.64482653e-01  5.31032443e-01  5.34587860e-01
  1.47968188e-01 -1.67655766e-01 -1.39973372e-01  4.00479287e-01
 -3.12294308e-02  2.98741668e-01 -8.07222068e-01  4.48259860e-01
 -1.69217005e-01  4.52093810e-01 -2.33320862e-01  5.34967370e-02
 -2.51293957e-01  5.02317607e-01  2.49905419e-02  3.45352024e-01
  3.13356221e-01  4.28559840e-01  7.75187612e-02 -1.17707647e-01
 -2.01953635e-01  3.70267332e-01  1.41878560e-01  3.13789338e-01
  5.65622211e-01 -4.79439693e-03  4.82669659e-02 -1.86638683e-01
 -2.59339571e-01 -3.54102194e-01  2.77955770e-01 -4.53307340e-03
  7.60052860e-01 -7.73522913e-01 -3.09432000e-02  1.05239153e-01
  3.33052367e-01 -1.45843044e-01  9.52336907e-01  8.97085905e-01
  2.63575464e-01  1.60239428e-01  4.37854975e-01  3.98333400e-01
 -3.24703217e-01 -1.07503854e-01  3.31086814e-01  5.56431592e-01
 -9.66658220e-02  2.01535046e-01  1.42471105e-01  7.56823540e-01
  2.72642467e-02 -2.36781344e-01  2.11419031e-01 -2.96052217e-01
  4.38117802e-01 -1.65540233e-01 -2.86581606e-01  1.38894692e-01
 -6.06552839e-01  2.48870358e-01  6.86032027e-02  3.07487011e-01
  1.11129873e-01 -5.87075889e-01  4.45045739e-01 -1.70424923e-01
 -2.90448219e-01  4.09216136e-01  2.25521177e-01 -2.21803546e-01
 -1.48806930e-01  3.03539425e-01  3.37459475e-01  4.87138368e-02]"
、,"[ 6.19564891e-01  3.48990470e-01  1.05678833e+00 -4.76518273e-01
 -5.89197993e-01 -1.80985272e-01  5.99807594e-03  3.48114818e-01
 -8.36570024e-01 -6.61913931e-01 -2.24984929e-01 -7.09401548e-01
 -5.04682176e-02 -4.27168548e-01  7.36394823e-01  4.46071267e-01
 -5.13972580e-01  4.70191985e-01  1.28610849e-01 -3.88933688e-01
 -8.02529752e-01 -7.19212174e-01 -5.51232576e-01  1.94179580e-01
 -4.24044102e-01 -9.22909081e-01 -5.77747524e-01 -2.25871503e-01
  6.16062246e-03  1.90361649e-01  2.63263822e-01 -4.59424913e-01
 -3.37029576e-01  3.26155871e-01 -7.29415655e-01  6.90664709e-01
  1.09855078e-01  2.04123273e-01  4.16223079e-01 -5.47825217e-01
 -3.63002121e-01  5.25299966e-01 -6.01237535e-01 -5.33705831e-01
 -1.17106579e-01  4.18937579e-02 -1.70351088e-01 -3.14008780e-02
 -1.48378670e-01 -3.94418240e-01 -7.10678399e-01  7.77076364e-01
  3.95307064e-01  1.97193235e-01  4.25059050e-01  3.48844767e-01
  1.00915372e+00  2.31695063e-02  2.51429193e-02 -2.77285814e-01
 -7.28493154e-01  1.35660499e-01  3.72835487e-01  1.99648649e-01
 -5.92863142e-01  3.53270203e-01 -1.97767407e-01  5.27011633e-01
  4.37785447e-01 -1.56749219e-01  5.72068393e-01  3.82230729e-01
  2.29865074e-01 -3.82067144e-01  2.72301346e-01 -1.02660549e+00
  4.22236949e-01 -3.06795806e-01  2.78303176e-01  1.54867232e-01
 -2.39579827e-01 -1.77194715e-01  1.18241027e-01 -3.52237910e-01
 -6.73986316e-01 -3.20739567e-01 -1.28038943e+00 -1.31478816e-01
  1.09240055e-01  1.84782878e-01  7.71256909e-02 -4.37089592e-01
  3.70442659e-01 -3.06403965e-01  1.08329844e+00  4.15291339e-01
  3.11756343e-01 -1.49722591e-01  3.45589489e-01  2.24148557e-01
 -1.34176648e+00  5.55211902e-01 -2.22490579e-02 -8.50768030e-01
 -5.02077460e-01 -1.63305908e-01 -2.70293057e-01  9.13572550e-01
  5.68603694e-01  4.23302144e-01  3.08378842e-02 -2.61343122e-01
 -8.98737192e-01  1.84125751e-01 -7.97238424e-02  4.29514229e-01
 -5.93999922e-01 -1.56880766e-01  3.80602181e-02  1.47981182e-01
  2.25672424e-01  5.83205521e-01 -4.94649231e-01 -1.37248248e-01
  2.71740586e-01  1.91771790e-01  1.43268898e-01  3.52248698e-01
  2.58248210e-01 -6.03671372e-01  3.54725391e-01 -6.76566124e-01
 -4.38275337e-01  4.48752232e-02 -6.32838964e-01  9.65863824e-01
  2.95597851e-01 -4.53616470e-01  4.55907583e-02  1.16707087e-01
 -4.53558147e-01 -1.90691963e-01  8.19033861e-01 -4.69342530e-01
 -1.26384541e-01  4.84015971e-01 -3.18053514e-01 -3.54662597e-01
  4.17958498e-01  3.84567499e-01 -1.17151245e-01  1.18549073e+00
 -5.98949552e-01  4.14049864e-01  3.31434339e-01  4.17121530e-01
  1.97724313e-01  2.48643070e-01  3.47716659e-01  2.76961979e-02
  4.11643386e-01  6.32825419e-02  1.18790403e-01  1.04815269e+00
  6.59482360e-01 -1.55564593e-02  6.94226623e-01 -1.47756666e-01
  1.06589071e-01  9.08275247e-01  5.21017790e-01  6.92718804e-01
  2.86959380e-01 -8.05722103e-02 -1.43041581e-01  5.36922634e-01
  1.05046320e+00  4.52052206e-01 -3.81556600e-01 -1.08431470e+00
  4.24223900e-01  4.42889363e-01  7.72779524e-01 -1.12714835e-01
  5.96364141e-01 -5.33625722e-01 -4.14586544e-01 -9.30271968e-02
  4.22243088e-01  1.92764640e-01 -4.03500378e-01 -4.11044836e-01
  1.08263455e-01 -2.98586348e-03  5.24127074e-02  1.66703388e-01
  1.68479487e-01  3.49166006e-01 -1.20710939e-01  3.30856562e-01
  5.55051029e-01 -1.82412248e-02 -1.45895436e-01 -9.32063878e-01
 -1.46862078e+00 -5.85870445e-01 -5.39659746e-02  1.87197924e-01
  1.99310929e-01  6.86297357e-01 -7.20427871e-01 -1.59490690e-01
  1.60043836e-01 -4.50078696e-01  8.95096779e-01  4.83115405e-01
 -3.66250455e-01 -1.39857665e-01 -7.72723109e-02 -4.02719527e-02
  1.94887012e-01 -6.46153808e-01  3.49651247e-01  1.92998335e-01
 -2.92580247e-01  8.70890141e-01  5.92843413e-01 -9.52753246e-01
 -5.80048859e-01  2.99438626e-01 -7.09566295e-01 -3.87702137e-01
 -1.41489968e-01 -1.18763022e-01 -2.26882517e-01 -9.62506711e-01
 -6.21627271e-01  1.76975623e-01 -3.72060448e-01  6.18373096e-01
 -2.94424206e-01 -2.43675172e-01  3.91376376e-01  3.01522762e-01
  3.71793747e-01  2.27553472e-01 -1.13737024e-01 -4.07382041e-01
 -9.31951523e-01 -1.59475222e-01 -6.82427824e-01 -4.46774662e-01
 -2.98469603e-01  5.49641788e-01  4.08855259e-01 -3.41720372e-01
  3.42265159e-01 -8.26678753e-01 -2.16926455e-01 -9.44948673e-01
  3.00152451e-01 -2.17595428e-01  4.51044381e-01  2.43331358e-01
 -5.62678635e-01  1.60341650e-01  3.20326388e-01 -2.13534370e-01
 -4.06488061e-01 -1.03091255e-01  1.62412778e-01  1.53968409e-01
  3.97691995e-01 -4.14722145e-01 -4.98390198e-02  1.03123114e-01
  6.80415213e-01  1.05989110e+00 -1.46921188e-01 -6.75565481e-01
 -4.15622860e-01  7.21889496e-01 -8.20095241e-01 -5.11177719e-01
  8.52808803e-02  1.03799796e+00 -4.34150070e-01 -9.35805589e-03
 -9.31151360e-02 -2.13160783e-01  1.91886798e-01 -6.06915236e-01
  5.88084161e-02  1.08633958e-01 -1.04977202e+00 -5.27109094e-02
  4.00129139e-01  2.34819949e-01  3.81599426e-01 -1.05606109e-01
  2.87341863e-01 -2.64762312e-01  5.89905195e-02  1.70946449e-01
 -1.00497715e-01 -5.17471313e-01 -1.42846733e-01  6.44447267e-01
  2.66576797e-01 -8.47026348e-01 -1.11494452e-01  6.19632423e-01
 -1.26149130e+00 -3.06786031e-01  4.95160431e-01  4.62523967e-01
 -8.06296706e-01  3.06060970e-01  7.66430736e-01  5.97837329e-01
 -3.23574483e-01 -4.80345666e-01  4.36190069e-01  6.80817723e-01
 -3.46220940e-01 -7.66511083e-01  4.46574271e-01  1.41370684e-01
 -1.02980293e-01 -5.40488064e-01 -4.22592521e-01  2.65439659e-01
 -9.56962928e-02 -2.44895786e-01 -4.19214696e-01 -1.64666414e-01
 -3.06633502e-01 -1.86299354e-01  2.45105460e-01 -3.18525545e-02
 -4.67939153e-02  6.95682168e-01 -4.29805338e-01  2.94353485e-01
 -7.33016968e-01 -4.37277049e-01  2.66561896e-01  1.27512980e+00
  4.79947448e-01  6.53741300e-01 -7.52601027e-01 -1.44520000e-01
  5.73795199e-01 -2.82812655e-01  7.84134388e-01 -7.08252609e-01
  3.59551996e-01 -2.24990100e-01  4.48699862e-01  1.16294272e-01
 -3.12129945e-01  2.35679686e-01 -7.60837853e-01 -6.73935056e-01
  2.67290294e-01 -1.21579804e-02  5.65718532e-01  1.67689368e-01
  5.01080379e-02  1.14676392e+00  9.60680321e-02  2.76987255e-01
 -2.71636963e-01 -1.22291183e+00 -2.89872140e-01 -8.18493664e-01
 -6.62508532e-02 -1.92694157e-01 -1.40860051e-01  6.37988448e-01
 -5.30418992e-01  1.86866343e-01 -1.20204642e-01 -4.11263764e-01
  2.44287238e-01 -3.00013542e-01 -6.34748220e-01  7.67916441e-02
 -5.25389146e-03 -5.00541568e-01  9.10909593e-01 -7.81153853e-04
  5.73917747e-01 -3.62056822e-01 -6.39089048e-01  5.51906526e-01
 -2.96102375e-01  4.11931053e-03 -1.62997516e-03  1.26707420e-01
 -2.28781044e-01 -2.66635448e-01 -1.43769935e-01  7.04218075e-02
 -1.01175630e+00  5.35757422e-01 -4.32021618e-01  6.75554797e-02
 -8.48605037e-02 -2.45917618e-01 -7.83925593e-01 -2.14090332e-01
  6.49926662e-02 -1.52617112e-01  1.47238150e-01  3.65546376e-01
  1.92785159e-01 -4.59866107e-01  4.44740862e-01  5.81870079e-01
  7.73893416e-01 -2.91641772e-01  6.76422954e-01 -2.63343096e-01
  1.17030136e-01  3.80716622e-01 -6.36992872e-01 -5.00421047e-01
  4.08815056e-01  2.97089845e-01 -4.51088995e-01 -2.04766601e-01
 -3.11228544e-01  1.16950512e+00 -2.77644664e-01 -4.54189658e-01
  9.02678370e-01 -3.50255519e-01  3.74343127e-01  1.03486288e+00
  7.54888535e-01 -3.30618560e-01  8.13705385e-01  2.18930379e-01
  4.16463256e-01  4.81533222e-02 -4.06268418e-01 -2.30281323e-01
  8.68297458e-01 -6.90934286e-02  6.66430816e-02  7.24653006e-01
  2.38760859e-01  2.06386119e-01  3.04114431e-01 -5.26445173e-02
  9.19842198e-02  3.20594013e-01 -1.03994980e-01 -3.44978005e-01
 -9.09045413e-02 -1.85921431e-01 -3.08676630e-01 -1.10416561e-01
 -4.00955886e-01  3.75517428e-01  1.05863655e+00 -6.94070578e-01
  3.78207475e-01 -9.08133805e-01 -5.52755296e-01 -1.38808548e-01
 -1.92001596e-01  8.75670761e-02 -8.22129548e-01 -3.54723066e-01
  4.55889665e-02  1.00279652e-01 -4.14493322e-01  1.08850069e-01
  3.55072469e-01 -2.15982288e-01 -3.15951049e-01 -8.13616157e-01
  1.16831638e-01  7.96491444e-01 -5.83824217e-01 -3.93423349e-01
  6.02574646e-02  1.43868119e-01  7.51962185e-01 -8.37876320e-01
 -4.99396086e-01 -3.88970673e-01 -1.63934782e-01 -7.29858518e-01
 -7.74035156e-02  1.87464610e-01 -6.80498838e-01  2.74432480e-01
  2.74815336e-02 -2.77334094e-01 -6.96903944e-01 -2.62158155e-01
 -1.01872317e-01 -5.72798729e-01  2.52303690e-01  1.73197880e-01
 -2.32819691e-01  1.08727254e-01 -1.14598490e-01  3.01972538e-01
  7.32996821e-01 -3.82890403e-01  8.87310505e-01  1.18421558e-02
  3.52819413e-01 -8.10456395e-01  5.46011448e-01 -7.75444210e-01
  2.38731921e-01 -7.29404271e-01 -6.84348583e-01 -7.15870261e-01
 -5.92095733e-01 -4.44831431e-01  6.94105983e-01  1.41565049e+00
  5.82514405e-01 -6.70187950e-01  2.14604646e-01 -1.19992949e-01
 -4.59861130e-01 -5.14126062e-01  7.87957609e-02  2.87131276e-02
 -1.56250954e+00 -1.51050702e-01  1.10962011e-01 -5.99425375e-01
  1.38390613e+00 -1.81464463e-01 -5.51844716e-01 -2.03921989e-01
  4.20286179e-01  3.99480015e-01 -4.89688039e-01  5.79875633e-02
  6.39865458e-01  2.55382061e-01  8.10141325e-01 -2.74228573e-01
  9.06463787e-02  1.43677816e-01  1.23314664e-01  9.46904346e-02
  4.15143430e-01  4.98303205e-01  8.01388994e-02  8.77618074e-01
 -6.99887455e-01 -6.97887897e-01 -6.23159766e-01  3.57088059e-01
  1.52939767e-01  6.89155638e-01  2.19663188e-01  7.95781195e-01
  6.50093913e-01 -1.51333585e-01  5.73428571e-02  8.89968514e-01
 -5.97225539e-02  1.22493303e+00 -5.51827133e-01  1.37401536e-01
 -7.72205174e-01 -2.06141174e-02  9.32204127e-01  7.35337436e-01
 -8.95386338e-02 -1.53636605e-01 -3.05787884e-02 -5.36286592e-01
  6.01685405e-01  3.55800867e-01 -1.03232712e-01  3.82544249e-01
  2.98963398e-01 -4.40684706e-01  1.03710151e+00 -3.41293402e-02
  2.65880525e-01 -6.53926969e-01 -6.79441914e-02  7.28975594e-01
  4.15084481e-01  9.39821303e-02  7.79341817e-01 -2.90805787e-01
 -6.84835374e-01 -1.62706956e-01  4.63800877e-01 -5.89522481e-01
  6.39394343e-01 -2.95108021e-03 -5.35931289e-01  7.10071802e-01
  6.55490518e-01  3.54701787e-01  3.58774036e-01 -5.89766741e-01
  1.17845006e-01 -1.08676121e-01 -1.62910074e-01  3.95880550e-01
  2.95421898e-01  4.05331105e-01  4.14086431e-02 -8.01070631e-01
  4.48301136e-01  1.35899627e+00 -5.21174166e-03 -9.20743793e-02
  3.09572011e-01  4.76359650e-02 -3.68001699e-01  1.13999829e-01
  3.10434073e-01 -2.43526921e-01  2.28980020e-01 -2.65523016e-01
 -3.08441073e-01 -1.91721022e-01 -1.11167714e-01  8.36298406e-01
  1.01698734e-01 -1.07925378e-01 -1.25733867e-01 -4.97482158e-02
 -7.83489943e-01 -9.43723172e-02 -1.25350189e+00 -8.20444703e-01
 -2.28514839e-02  7.94210806e-02  1.26814499e-01 -8.76045674e-02
 -1.05067170e+00 -3.63582850e-01 -3.43650937e-01 -7.80060351e-01
 -2.88844973e-01  2.45602176e-01  4.45047945e-01 -2.33513191e-02
 -6.45122170e-01 -3.19861680e-01  4.66754586e-01  4.40857112e-01
  2.82281876e-01  2.90625960e-01 -4.73927796e-01 -2.05121815e-01
 -6.80044219e-02  5.64762473e-01 -6.96877837e-02 -4.17860806e-01
 -9.23985100e+00  4.85890538e-01 -6.96021855e-01 -3.61793712e-02
 -2.90854603e-01  1.09774433e-01  7.45853484e-01  9.02153552e-01
 -8.39797497e-01  8.33707035e-01 -4.17751402e-01  3.90330076e-01
  6.95094764e-01  6.22927845e-01 -6.64734542e-01  4.40518484e-02
  3.32636237e-01 -1.16694659e-01  6.17951155e-01 -1.33797184e-01
 -4.72347558e-01 -8.30896676e-01  3.33613247e-01 -3.58044833e-01
 -5.38796723e-01  3.51196766e-01  7.18298554e-01  2.11320475e-01
 -3.41110140e-01  7.43181169e-01 -7.08786130e-01  2.28396952e-01
 -4.62522358e-02 -4.46464896e-01 -3.44868720e-01  6.35457754e-01
  4.75096405e-01  5.00575125e-01 -6.28811955e-01 -9.84638035e-02
 -2.70890117e-01  7.00600922e-01  8.04221705e-02  8.24451894e-02
 -1.22166611e-01 -9.91153196e-02 -1.91530034e-01 -4.20115441e-02
  9.88452911e-01 -2.90996104e-01 -7.04822019e-02 -7.77584851e-01
  4.59912896e-01 -9.61031556e-01 -3.41256499e-01  5.53800277e-02
 -5.96617341e-01 -8.16795051e-01 -3.44860584e-01  1.78946048e-01
  4.90690202e-01  3.57918739e-01  6.26448035e-01  1.93165451e-01
  1.91162061e-02  1.54929057e-01  4.83032584e-01  4.93613690e-01
 -3.64377618e-01 -4.92198080e-01 -7.11397529e-02  2.91632563e-02
 -4.73363608e-01 -1.61238447e-01 -1.43021703e-01  1.17001042e-03
 -6.81431472e-01 -2.01734558e-01  7.15143025e-01 -2.83666495e-02
  1.09446359e+00 -1.71665415e-01  2.87442692e-02 -3.10643524e-01
  1.18271388e-01  3.75444852e-02  8.50067377e-01  6.01617038e-01
 -7.22594792e-03 -7.78655231e-01  4.37221348e-01  5.96830487e-01
  6.06789231e-01  6.27070546e-01  1.22048862e-01  3.47596146e-02
  8.28653276e-01 -1.22065932e-01  8.15058947e-01  1.96478128e-01]"
マ,"[ 1.05957165e-01  3.40053856e-01  2.30944306e-01 -5.77192426e-01
  3.83870333e-01  2.66647875e-01 -1.73500091e-01  1.95110634e-01
 -8.43930468e-02 -3.14701080e-01  8.02738249e-01 -2.64519364e-01
 -1.71971455e-01 -3.63812029e-01  4.97637272e-01 -5.30947782e-02
  3.92107546e-01  3.44349742e-02  5.71922846e-02  5.35839759e-02
 -2.75518417e-01 -8.96507919e-01 -2.73487687e-01  6.93899989e-01
  3.53704423e-01 -6.10282719e-01  1.34066835e-01  5.53446293e-01
  1.71566695e-01  4.17400822e-02 -7.57106960e-01 -2.75162905e-01
 -5.03255725e-01  2.91730881e-01 -4.60956812e-01  2.65738577e-01
  2.56765664e-01 -2.05743507e-01 -1.63783371e-01 -3.16551626e-01
 -6.15312047e-02 -4.73765144e-03  1.09542795e-01 -1.81805685e-01
  1.13456905e-01  9.92847905e-02 -2.16805995e-01  1.54202685e-01
  5.28823912e-01 -1.70717478e-01  1.93405617e-02  3.25319916e-01
  2.73563981e-01 -2.36297131e-01  9.39831696e-03  1.32594436e-01
  7.68118560e-01  5.70726097e-02 -2.05208629e-01 -2.21674010e-01
 -3.64047945e-01 -2.10808683e-03 -3.83605570e-01  1.15507700e-01
 -3.56452256e-01 -7.04809055e-02 -2.86508352e-01 -6.57990277e-02
 -6.31796122e-01 -3.98595750e-01 -3.28693300e-01  2.19296277e-01
 -1.27181932e-01 -7.50274062e-02  6.58820093e-01 -1.30900472e-01
 -2.62359619e-01  1.57757685e-01  4.83989507e-01 -4.92652655e-01
 -8.46174181e-01  4.43735629e-01 -4.39153254e-01 -2.88346291e-01
  1.82145834e-01 -1.46640660e-02 -3.78790051e-01 -4.05282438e-01
  2.96985716e-01 -5.86355999e-02  9.02661607e-02  3.41056705e-01
  1.27545044e-01 -2.21781507e-01 -3.09059858e-01  3.73055279e-01
  2.87348449e-01 -5.10371983e-01 -3.56207758e-01  1.96990088e-01
 -6.03724737e-04 -3.52663025e-02  2.95113444e-01  1.04806602e-01
 -2.45320108e-02 -8.77516046e-02  1.03533408e-02  2.07940951e-01
  8.81486461e-02 -1.66606069e-01 -5.46726882e-01 -6.68470919e-01
 -7.03691542e-02  5.93598150e-02 -8.70667472e-02 -1.69578403e-01
 -1.78016156e-01  4.33414906e-01 -5.03629446e-01  1.15655400e-01
  4.22711764e-03 -5.27548939e-02 -1.98182821e-01 -7.97740743e-02
 -2.24983748e-02  3.28271925e-01 -9.07857809e-03 -1.14787586e-01
 -2.43491203e-01 -3.86493921e-01  5.51508330e-02 -2.66456269e-02
 -2.53541708e-01  2.47691408e-01 -3.48276973e-01  2.77466804e-01
  8.15193579e-02 -1.00045346e-01 -3.19585800e-01 -6.96167827e-01
 -2.31976286e-01  1.28701478e-01 -1.30604759e-01 -1.08367346e-01
 -3.01263630e-01  1.31706119e-01  1.70345396e-01 -8.21683556e-02
  5.68776667e-01  6.30514443e-01 -3.82644594e-01  7.81347752e-01
 -1.38573289e-01 -6.53119922e-01  2.46690467e-01  1.98378608e-01
 -7.28507817e-01  2.11311817e-01  9.82494056e-02  5.66044509e-01
 -6.44169524e-02 -2.12488081e-02  6.76087365e-02  3.93715203e-01
  2.34017774e-01  6.16712570e-01  2.58654475e-01  9.78830308e-02
  1.97992876e-01  3.84589016e-01 -2.28974625e-01  4.04641986e-01
  1.38317287e-01 -4.62958753e-01 -1.80749148e-02  2.38206998e-01
 -1.63716406e-01  1.79696858e-01  3.80740106e-01 -5.52869439e-01
  4.75718118e-02 -2.81976640e-01  1.35278583e-01 -1.51509032e-01
  1.95112482e-01 -2.23186597e-01  9.69530270e-02 -1.92621306e-01
  1.00161269e-01 -4.01294231e-02 -3.74489397e-01 -2.87725240e-01
  2.85538435e-01 -1.69767588e-01 -1.49769112e-01 -5.79272360e-02
  4.90153432e-02 -2.82619864e-01 -1.90698639e-01  3.47875804e-01
  1.72385961e-01  2.12730661e-01 -2.24217221e-01 -1.31826341e-01
 -9.88284111e-01 -4.85925227e-02  2.98614446e-02  3.79273713e-01
  1.65967345e-01  2.67895252e-01 -2.35104531e-01  1.90647811e-01
  3.10888469e-01  1.77436441e-01  1.67052969e-02 -4.94879894e-02
 -6.71910226e-01 -4.10301358e-01  6.47210777e-01 -4.40321088e-01
 -1.18621714e-01 -2.53080368e-01  1.95757210e-01  4.50105280e-01
 -1.93893686e-01  4.24554236e-02  3.12475890e-01 -4.15839888e-02
  7.57141039e-04  2.26264611e-01 -2.04057455e-01 -2.40007892e-01
 -9.39131737e-01  2.60365382e-03 -4.15258825e-01  3.87633473e-01
 -6.81658924e-01  3.88028920e-01 -3.24342959e-02  1.96527675e-01
  3.46921086e-01  6.34388998e-02  6.41265884e-02 -2.14539126e-01
 -1.03787281e-01  2.77677417e-01 -5.39604910e-02 -1.47925749e-01
 -2.66260952e-01  3.58363539e-01 -6.51794612e-01 -7.17706859e-01
  2.59117603e-01 -5.84375620e-01  3.38262945e-01  1.21803418e-01
  5.25153950e-02  5.11007942e-02  1.03293352e-01 -2.41584033e-01
 -2.41076514e-01 -7.80242145e-01 -1.77497230e-02 -1.79499567e-01
  2.93822959e-02  8.87054056e-02  2.52470911e-01 -4.16575104e-01
 -2.81416863e-01  7.99126253e-02 -1.91104691e-02 -2.91640162e-01
 -1.80306569e-01  1.16429083e-01 -6.93224728e-01 -7.67013356e-02
 -5.29033095e-02  5.94085217e-01 -6.38089061e-01 -9.08126831e-02
 -7.58761466e-01  6.66126370e-01 -6.61527693e-01  1.10324956e-01
 -1.25147805e-01  1.52335942e-01 -2.00906143e-01 -6.52554929e-01
  5.50641119e-02  2.23790824e-01  6.27351522e-01 -4.23082352e-01
 -4.26233560e-01 -3.52253795e-01 -2.91006505e-01 -5.13292328e-02
  4.96032387e-01  1.07720695e-01 -1.66982457e-01 -2.06979569e-02
  2.04361320e-01  2.17916951e-01  2.04150870e-01 -3.38703364e-01
 -2.89210647e-01 -3.30018967e-01 -6.62595034e-02 -2.98706114e-01
  8.42201769e-01  3.22278626e-02 -8.74947980e-02  9.46658313e-01
 -5.45463979e-01  8.70389193e-02  5.81904531e-01  2.00096950e-01
 -2.04716849e+00 -1.03331782e-01  5.84533326e-02  4.85437155e-01
 -3.31417620e-01  3.78426552e-01  3.54712427e-01  5.39702177e-01
 -8.63233656e-02 -3.49074066e-01  6.38827622e-01  7.76102126e-01
 -2.19403177e-01 -4.74667460e-01  2.45324805e-01  6.50144890e-02
  2.69794911e-01 -6.02388024e-01 -1.58004701e-01  1.61861613e-01
  1.44480065e-01  8.32441524e-02 -1.92289025e-01 -5.66956580e-01
  2.92847157e-01 -2.41057962e-01  2.57736593e-01  4.34993714e-01
 -4.43845809e-01 -9.17096362e-02  3.79547864e-01  4.85793233e-01
  5.10392249e-01  1.01240814e+00 -2.78333127e-01  1.55220658e-01
  5.01249969e-01  4.23532277e-01  3.32226098e-01 -3.34758572e-02
  1.60164405e-02 -1.64685592e-01  4.79555070e-01  3.86612624e-01
  4.41303134e-01  1.79122493e-01  6.38835132e-01  9.84200314e-02
 -4.13713120e-02  4.63315040e-01  2.38428026e-01  3.00883234e-01
  5.99202454e-01  4.02950495e-01  4.39857006e-01  9.89842862e-02
 -3.79411668e-01 -2.71601260e-01  3.48731041e-01 -3.22902590e-01
 -2.05262274e-01  2.63429552e-01  3.24977279e-01 -3.10640693e-01
 -4.34983581e-01  7.47896060e-02  2.36158714e-01 -3.89062822e-01
 -2.19625890e-01 -4.76817608e-01 -6.82085276e-01  8.87865275e-02
 -5.71698606e-01 -9.16368544e-01  6.13403730e-02 -1.02463383e-02
  3.35730880e-01 -2.48447716e-01 -5.95144093e-01  3.42780948e-01
 -3.96180123e-01  8.79837796e-02 -4.94026504e-02 -1.43752575e-01
 -2.17821956e-01  2.06019610e-01 -1.41822457e-01 -9.86594474e-04
 -2.73745924e-01  2.97918528e-01  3.47307399e-02 -6.65253252e-02
  2.08478764e-01  2.20855802e-01 -1.14581369e-01  1.44526139e-01
 -4.66415882e-02 -2.92968422e-01 -2.49470666e-01  2.09334031e-01
 -8.32739294e-01  1.25057250e-01  1.05184289e-02  1.24474354e-02
  4.48632866e-01  1.65256560e-01  6.68724120e-01 -1.65485471e-01
 -1.89104855e-01  2.97964573e-01 -4.15671058e-02 -3.79843444e-01
  7.89801240e-01  2.28990931e-02  2.41343513e-01 -2.35211015e-01
  1.40717432e-01  4.58223492e-01 -4.62798595e-01 -3.11101466e-01
  2.90492833e-01 -4.53866571e-02 -2.76922345e-01 -1.09087139e-01
  1.47916153e-01  9.46914673e-01 -5.33707082e-01  4.89964694e-01
  1.44200802e-01 -1.80379719e-01  1.25938103e-01 -2.05338374e-01
 -2.27299541e-01 -3.22770119e-01  3.16837490e-01  2.46118411e-01
  5.08159161e-01 -7.95721188e-02  1.35431722e-01  6.79356754e-01
 -5.65627962e-02  1.80115834e-01  6.30114853e-01  2.52021253e-01
 -2.27737829e-01 -6.10690534e-01 -4.82170224e-01 -1.59069955e-01
 -4.83244359e-01  2.74217784e-01  1.70463115e-01 -1.02594152e-01
 -2.14747787e-01 -1.61464378e-01 -2.77729183e-01 -1.43503621e-01
 -3.16009641e-01  6.44951314e-02  3.28982830e-01  2.70344377e-01
  4.72148657e-01  1.39904261e-01 -2.84279466e-01  2.28132859e-01
  1.52226210e-01  5.97405076e-01  4.14104700e-01 -2.23908126e-01
 -3.23378593e-01  1.99910447e-01 -7.16648027e-02 -2.64914095e-01
 -1.92876190e-01  4.47356313e-01 -6.54338002e-02 -8.52353498e-02
  2.11223185e-01  2.12676734e-01 -3.63546014e-01  3.62056047e-01
  5.00188442e-03 -3.68710272e-02 -4.40821588e-01 -7.96744704e-01
 -5.99740088e-01 -2.53868490e-01  2.10705176e-01 -5.93362689e-01
  3.52531262e-02  2.79194303e-02 -1.90963913e-02 -3.12988795e-02
  7.39234639e-03 -2.65051812e-01 -6.74720407e-02  5.59659958e-01
  4.61621493e-01 -2.52307564e-01 -6.54356852e-02  1.91090092e-01
  1.09083354e-01  8.88506323e-02  5.51689923e-01  8.08266699e-02
  1.23479627e-01 -1.66812718e-01 -6.38604224e-01  1.58458576e-01
 -1.13545701e-01 -1.16422582e+00  1.97248623e-01  9.14834207e-04
 -1.34316450e-02 -2.05018282e-01  9.05603841e-02  1.13908790e-01
 -2.25373730e-01  3.25983651e-02  2.28962526e-01 -8.73127133e-02
 -7.38249183e-01  4.09092635e-01 -9.50387418e-02 -4.14145499e-01
 -8.54952708e-02  1.99611649e-01 -4.75986332e-01 -3.96056026e-02
 -3.49299237e-02  1.68269336e-01 -1.65795207e-01  3.64961654e-01
 -3.95081192e-01 -2.56700933e-01  4.96565908e-01  2.96402071e-02
  1.35580122e-01  2.57784098e-01 -4.00324702e-01  1.22042365e-01
  4.04780060e-01  7.44787931e-01  2.78024912e-01 -5.76530434e-02
 -6.06102645e-02 -1.94543779e-01 -6.27572656e-01  5.11728346e-01
  6.96738303e-01  3.20801795e-01 -3.72796625e-01  3.81244332e-01
  3.66263270e-01 -5.07493794e-01  6.38353109e-01  1.11026907e+00
  3.56294751e-01  3.12413722e-01 -8.39640275e-02  2.97488384e-02
 -7.99601436e-01  8.40087384e-02 -4.00531143e-02  6.43691003e-01
 -8.40645507e-02 -4.63601314e-02  5.03934324e-01  1.58097699e-01
 -2.76872605e-01  1.81470886e-01  2.36868784e-01  9.80499610e-02
  2.62278676e-01  2.38933742e-01  6.56061172e-01  1.89102367e-01
  1.35108322e-01 -2.77879447e-01  3.63457613e-02  6.40146434e-02
  5.19191444e-01 -2.34563231e-01  3.23946267e-01 -1.59388915e-01
 -9.40091312e-01 -4.99056190e-01 -1.03164233e-01  3.38052303e-01
  3.72609854e-01  2.41362661e-01 -3.95672858e-01  1.77028179e-01
  4.50166047e-01  3.64853106e-02 -3.13602626e-01 -4.99738395e-01
  2.84145474e-02 -1.36133239e-01 -1.61188051e-01  1.35997906e-01
 -4.09764796e-01  5.14871538e-01  9.78625342e-02  3.83381277e-01
  4.24164236e-01  7.93318629e-01  1.56946853e-01  9.39410478e-02
  4.69367534e-01  7.75964512e-03 -3.92480075e-01  2.21627757e-01
  3.09520125e-01 -1.81728020e-01 -7.09444210e-02  2.51829475e-01
 -1.70301765e-01 -8.68276730e-02  1.35404810e-01 -2.16552481e-01
  5.54125786e-01 -6.24028109e-02 -5.18190265e-01 -2.93915272e-01
 -2.12178111e-01  1.48552321e-02 -7.58591056e-01 -1.12988479e-01
 -2.62787580e-01  2.01148897e-01 -9.68685932e-03 -3.73531938e-01
 -4.18603152e-01 -1.60637185e-01 -3.65588725e-01  3.48307431e-01
 -2.85753131e-01 -3.37914228e-01 -1.86379962e-02  6.29578710e-01
 -5.19606531e-01 -1.20564282e+00  4.38627481e-01  2.14025438e-01
  6.96466148e-01 -2.59725720e-01  3.15661997e-01 -1.77970737e-01
  2.72394031e-01  1.67907849e-01 -2.60283828e-01  1.53833404e-01
 -1.04719715e+01 -1.58268288e-02 -4.36405122e-01 -2.11918563e-01
 -1.53892517e-01  5.95498383e-01  2.15989411e-01  5.40154763e-02
  2.41162833e-02  2.67418504e-01  4.66568261e-01  3.98257077e-01
  5.19832850e-01  5.60923159e-01 -4.40689355e-01 -1.87064245e-01
 -1.51860360e-02 -2.91113436e-01  1.74521670e-01  3.80184710e-01
  3.45591635e-01 -1.74975395e-01  4.75934386e-01  5.87852597e-01
  8.19604844e-02 -3.52317899e-01 -4.84937966e-01  1.38693392e-01
 -3.30972105e-01  2.56723821e-01 -2.99211323e-01  2.45340735e-01
 -4.83920842e-01  6.03439093e-01 -3.36869180e-01  9.10930037e-02
 -1.72201946e-01  1.44805938e-01  1.25461161e-01  4.56928551e-01
  1.78577811e-01  8.31786543e-02 -9.28993616e-03  3.65067013e-02
  2.57893831e-01  4.72935945e-01  1.23677015e-01  1.34637043e-01
  2.61524230e-01  1.38622507e-01 -9.42716002e-02 -5.10943294e-01
  3.94602209e-01 -2.36893877e-01  1.17641166e-01  3.68023098e-01
  3.77377599e-01 -6.56296015e-01  5.22089526e-02 -1.63333833e-01
  6.03837557e-02 -2.44489819e-01  5.16872168e-01  2.11720914e-01
  1.36465698e-01  6.34612739e-02  5.02254784e-01  5.42219520e-01
 -2.55725026e-01 -1.03830658e-01  1.84430495e-01 -3.32084931e-02
 -2.52216429e-01 -1.74612179e-01 -2.93649822e-01  6.71498775e-01
 -3.95529240e-01  2.07447827e-01 -2.82322109e-01 -1.78651158e-02
  3.50751489e-01 -2.12021694e-01 -5.20725965e-01  6.78779066e-01
 -1.95795059e-01 -2.37900153e-01 -2.16074347e-01  2.36986056e-01
  7.22922087e-01 -6.13776624e-01  2.69483238e-01 -3.00918221e-01
 -3.21903080e-02  2.47115210e-01  4.21028525e-01  2.86464512e-01
 -2.62414336e-01  3.63731444e-01  3.99751127e-01  1.56464726e-01]"
ダ,"[ 7.86714554e-01  7.08349273e-02  7.42893398e-01 -1.83869109e-01
  1.01191126e-01  2.39210054e-01  1.92313224e-01  2.13063106e-01
 -3.26941073e-01 -8.91355202e-02  7.46151865e-01 -4.69970584e-01
 -3.17607462e-01 -2.09833998e-02  2.54723936e-01 -2.69319057e-01
  1.18726298e-01 -1.64608106e-01 -1.75356597e-01 -4.72011209e-01
 -9.11198914e-01 -3.48418325e-01 -2.33601496e-01  4.05426204e-01
  1.20810837e-01 -6.87112451e-01  1.99824527e-01  6.55777156e-02
  3.15184921e-01 -4.27596301e-01 -4.24800664e-01 -2.06834793e-01
 -1.02126412e-01 -1.93514645e-01 -5.42068064e-01  3.19319457e-01
  2.70476937e-01 -5.58041990e-01  2.90586799e-01  1.41193494e-01
  2.86115825e-01 -5.99215150e-01 -4.33591515e-01 -1.25105336e-01
 -2.85694331e-01  2.83312023e-01  1.60674879e-03 -8.15877505e-03
 -1.91741467e-01  1.15363762e-01 -4.50774342e-01  4.62576956e-01
  2.47719079e-01  2.11608365e-01 -1.17613012e-02 -1.96292922e-01
  5.63313961e-01 -5.85725009e-01  3.44009548e-01 -3.79705392e-02
 -1.35426417e-01 -9.63524729e-03  4.31339711e-01  1.51367441e-01
 -7.47178197e-02 -4.42377359e-01  1.42631447e-02 -2.47666404e-01
  8.65586624e-02 -1.81779608e-01  1.97997183e-01  4.16893005e-01
 -2.25948617e-01 -5.06982982e-01  4.39289957e-01 -4.06568736e-01
  7.99621418e-02  5.69405258e-01  2.50508606e-01  1.23281240e-01
 -2.34215677e-01  4.30861652e-01  3.33728224e-01 -1.04900610e+00
 -9.53195244e-02  6.74893081e-01 -5.40532291e-01 -9.73404050e-01
  2.23985851e-01 -1.63795874e-01  1.22502945e-01 -6.66073815e-04
  8.42236429e-02  5.55625856e-01  2.16464162e-01 -8.50918964e-02
  1.72172651e-01 -8.53357315e-02 -1.75384045e-01  1.98283512e-02
 -6.05727080e-03  6.49299681e-01  3.86852592e-01 -2.10316554e-01
  2.75844950e-02 -6.91965735e-03 -4.67597514e-01  1.80984780e-01
 -1.08109541e-01  2.56448895e-01 -2.81597823e-01 -6.74434900e-01
 -7.94129193e-01 -3.05498809e-01  3.20206225e-01  1.17705122e-01
 -4.82728273e-01  5.57358861e-01 -3.80815864e-01  7.89362550e-01
  1.53706580e-01  1.35673443e-02  2.88473040e-01 -5.34815669e-01
 -2.56182879e-01  6.61963522e-01 -4.10815850e-02  1.90170303e-01
 -2.04378809e-03  1.04912907e-01 -4.38805193e-01 -6.09751582e-01
 -4.10097510e-01 -1.05083637e-01 -3.39493841e-01  5.58828175e-01
 -1.01566231e-02 -1.72827527e-01 -2.83181608e-01 -4.43560421e-01
 -2.78785586e-01 -9.09146294e-03  3.26992095e-01 -2.44171157e-01
 -8.55772570e-02  2.05893993e-01 -2.39526555e-01 -7.22220957e-01
  7.62970746e-02  2.44294986e-01 -7.23672807e-02  8.20787191e-01
 -7.42160797e-01  1.11326620e-01  7.07470998e-02  3.74314129e-01
 -5.62060475e-01 -1.20667264e-01  4.24097590e-02  1.89208552e-01
  1.68001160e-01 -4.17545438e-01  2.63867918e-02  1.16782928e+00
  4.88682419e-01  6.67501450e-01  1.89247608e-01  1.24349460e-01
 -3.46329361e-01  1.01264238e+00  3.88690621e-01 -1.34767279e-01
 -3.64661701e-02 -2.68478215e-01 -2.27005318e-01  2.46184215e-01
  7.00757444e-01  2.09298208e-01  5.51032163e-02 -3.22149009e-01
  3.03785298e-02 -1.28993168e-01  2.47318283e-01 -6.81204975e-01
  3.26690644e-01 -4.98809153e-03  2.22484209e-02  1.81263939e-01
 -1.56607125e-02  1.16939191e-02 -4.34721857e-02 -5.90896308e-01
  2.35128418e-01  1.04026459e-01 -2.90416688e-01 -2.52052724e-01
 -1.16657294e-01  1.68389559e-01 -5.05465984e-01  7.31107116e-01
 -8.75383988e-02 -5.20121939e-02 -1.95041969e-01 -7.62953341e-01
 -9.58197236e-01 -1.44637108e-01  2.34538779e-01  9.01429534e-01
  4.07821208e-01  6.29756331e-01 -4.10700798e-01 -1.21088838e-02
  7.44269937e-02  4.30814922e-01  6.97004080e-01  5.14623404e-01
 -3.77084136e-01 -8.35417688e-01  6.88030303e-01 -3.19491625e-01
  7.11719841e-02 -1.09017603e-01  4.69500989e-01 -5.05524762e-02
  1.77395388e-01  1.76179901e-01  5.70615768e-01  1.72787700e-02
 -5.29328585e-01  6.12888932e-01 -5.87090075e-01 -7.01371133e-01
 -6.50608242e-01  1.06572300e-01 -8.74849439e-01 -3.04847896e-01
 -1.70158278e-02  3.61644000e-01 -2.66962081e-01  4.07368749e-01
  1.16846681e-01 -4.03204173e-01  2.62280345e-01 -8.02602112e-01
  1.71659693e-01  3.98849487e-01 -2.46233597e-01  3.28189507e-02
  8.33067372e-02  4.26292390e-01 -3.85362506e-01 -3.27465773e-01
 -3.03336114e-01 -4.36185867e-01  6.58582449e-01  1.54066414e-01
  5.07061839e-01 -1.95756435e-01  5.58178842e-01 -6.43954158e-01
 -1.43138602e-01 -5.07917881e-01 -7.54758194e-02  2.68168479e-01
  6.73800930e-02  1.01369187e-01  2.60749608e-01 -4.75842506e-03
 -2.04482853e-01 -4.27545458e-01  1.86760053e-01 -1.46926060e-01
 -2.61572391e-01  8.70727375e-02 -9.83484983e-02  1.20090328e-01
 -2.58715391e-01  5.61444581e-01 -3.46907705e-01  3.71793389e-01
 -1.98741093e-01  4.71657544e-01 -4.95008290e-01 -2.13570803e-01
  1.29829317e-01 -1.67990163e-01 -7.25462556e-01  1.36007473e-01
 -4.95627642e-01  7.11258709e-01  3.24658275e-01 -6.43754542e-01
 -6.61221981e-01  7.57171167e-03 -2.56570876e-01 -1.09477811e-01
  9.73891392e-02  1.41657162e-02  5.28893471e-01 -2.00309426e-01
  4.80530113e-01  2.37599567e-01  5.38198769e-01 -1.24152772e-01
  1.20023549e-01 -4.06052440e-01 -3.60588450e-03  3.62094164e-01
  4.94219333e-01 -1.56870596e-02  2.78096020e-01  6.44880354e-01
 -7.93284103e-02  4.85585213e-01  2.90071994e-01  6.04702890e-01
 -1.94860458e+00 -6.13640487e-01  4.68035996e-01 -2.08448783e-01
 -3.92904818e-01  1.37804404e-01  2.85404831e-01  1.84585094e-01
 -2.27361038e-01 -6.98093593e-01  1.15709400e+00  3.65301877e-01
 -1.66478559e-01  4.56408113e-02  4.50541884e-01 -1.29122987e-01
 -4.82037887e-02 -9.37928557e-01  4.55287009e-01  7.13996470e-01
  3.19093838e-02 -5.19073367e-01 -2.99164355e-01 -4.72713023e-01
 -2.01185316e-01  2.58878410e-01 -4.19529557e-01  1.73009470e-01
 -7.93539762e-01 -1.28755674e-01  3.41026788e-03  1.13236904e+00
  6.84293330e-01  7.06061304e-01 -6.03573918e-01 -1.53207988e-01
 -3.31126988e-01  1.57555759e-01 -4.15466279e-02 -2.44446963e-01
  9.01303515e-02 -4.32672381e-01  6.30003661e-02 -1.78403214e-01
  8.59770700e-02  2.11934242e-02  3.95099968e-02  5.36345005e-01
 -5.91595948e-01  2.90085614e-01  5.91699362e-01 -1.29347771e-01
  2.97405332e-01  2.67027438e-01  8.87635887e-01  8.20816830e-02
  1.79935411e-01 -7.89586425e-01  4.97711003e-02 -3.30200344e-01
 -7.63139203e-02 -1.49170518e-01 -5.81076890e-02  6.23550653e-01
 -3.17764968e-01 -1.10785505e-02 -9.75172371e-02 -3.82246733e-01
  1.63755566e-01 -3.30403268e-01 -2.53992796e-01 -1.46244869e-01
  1.67036384e-01 -4.31098938e-01  5.96781254e-01  4.44889635e-01
  4.73326415e-01  2.24231593e-02 -2.64335394e-01  4.16286111e-01
 -1.17863961e-01  3.72304320e-01  1.64878815e-01  4.62975383e-01
 -4.95393991e-01 -1.04752295e-01 -1.49253562e-01 -5.99958777e-01
 -4.27237093e-01 -2.19944939e-02 -8.27218115e-01 -1.67011350e-01
 -2.91963220e-01  6.53698564e-01 -1.04144260e-01 -4.66476411e-01
  4.50275451e-01  1.88626349e-01 -6.23283088e-01 -5.98511815e-01
 -3.79816800e-01  5.32403171e-01 -3.09517026e-01  3.82414430e-01
  5.04179358e-01  4.45646703e-01  5.98533526e-02 -9.39377993e-02
 -8.58146548e-02 -3.28860193e-01 -4.89392579e-01 -3.37364525e-01
  8.16439927e-01 -1.99680462e-01 -8.74824226e-02 -1.79662198e-01
  1.20781243e-01  9.83806729e-01 -2.46181443e-01 -7.06167996e-01
  1.84776485e-01  2.78745592e-01 -9.08841267e-02  6.49790466e-01
  4.03090179e-01  9.48866725e-01  2.29081973e-01 -3.04198693e-02
 -3.10237795e-01 -4.30306196e-02  2.52798796e-02 -2.75557190e-01
 -1.22642852e-02  1.14261704e-02  6.22465491e-01  7.52787590e-01
  2.85755008e-01  5.34583151e-01  4.28843439e-01  1.18037097e-01
 -5.08956969e-01  3.32667381e-01 -7.16354698e-02  1.97122812e-01
 -6.33699074e-02  4.32701975e-01 -3.71223509e-01 -2.99541019e-02
 -1.15622126e-01 -4.70808685e-01  5.41847825e-01 -1.69412196e-01
  4.19521093e-01 -4.42405492e-01 -4.31113780e-01 -6.67392671e-01
 -5.92762768e-01  2.93712884e-01 -2.54387766e-01 -1.35150179e-01
  3.84918243e-01 -2.61929601e-01 -7.11760163e-01  5.97695671e-02
  5.86167336e-01  7.70050347e-01 -1.32831568e-02 -6.06674552e-01
 -1.96065113e-01  6.87392175e-01 -5.47984779e-01 -5.40097535e-01
  4.15446699e-01  1.07626371e-01 -1.66254655e-01 -1.27003288e+00
 -5.14018774e-01  3.81118841e-02  2.04751477e-01  8.72189999e-02
  3.04242760e-01  3.13170463e-01 -7.68497407e-01 -5.22592366e-02
 -2.10719243e-01 -4.20840353e-01 -8.23997520e-03 -6.72515571e-01
 -1.68707464e-02 -5.67318220e-03 -5.02896383e-02  3.62348378e-01
  4.67149466e-01 -5.87936401e-01 -5.68638086e-01  6.63863361e-01
  8.26817974e-02 -7.66754001e-02  1.54925659e-01 -6.59083724e-02
 -7.00471103e-02 -8.09440687e-02  2.50249773e-01  1.81322005e-02
 -1.43737588e-02 -1.95668757e-01 -9.35773134e-01 -3.33531022e-01
 -4.95368615e-02 -5.99126458e-01  2.72022069e-01  4.33734477e-01
  3.98546457e-01 -5.55747449e-01 -2.11986393e-01 -2.20101401e-02
  1.05022311e-01 -2.33714487e-02  2.61603266e-01 -2.12018266e-01
 -7.45832384e-01  3.16111445e-01 -6.67942921e-03 -6.43119097e-01
  9.98608351e-01  4.70578313e-01 -4.47846800e-01  2.53803581e-01
  5.42999983e-01 -7.58123547e-02 -2.41908878e-02 -1.49790004e-01
 -1.30126685e-01  4.30177897e-01  5.89731693e-01 -6.73604310e-02
  4.00107235e-01  5.47872782e-01 -5.96600235e-01  2.29628026e-01
  3.66872579e-01  4.74554449e-01  3.96606326e-01  2.03719735e-01
 -2.61710018e-01 -6.14960909e-01 -4.63144779e-01  5.09416521e-01
  7.65738115e-02  4.16536212e-01 -6.90255702e-01  5.52953541e-01
  6.34525657e-01 -4.80597734e-01  2.62136549e-01  7.58611917e-01
  3.90249729e-01  6.20191574e-01  6.15557805e-02 -5.30609637e-02
 -8.09289515e-01  2.74573117e-01  2.87055165e-01  2.03687027e-01
 -4.63621587e-01  1.88636258e-01  2.50928015e-01 -1.91972718e-01
  6.64985597e-01  9.39723477e-03  1.72820315e-01 -2.49546349e-01
  4.24697064e-02 -3.90565008e-01  1.09505534e+00  1.73301145e-01
  4.76333648e-02 -2.53128428e-02  1.83791108e-02  7.76229858e-01
  9.55665350e-01  2.34649703e-02  5.15891671e-01 -4.35312063e-01
 -8.01516831e-01  1.98608324e-01 -8.79543424e-02  1.09306298e-01
  3.63506615e-01 -7.27546275e-01 -6.55346334e-01  4.98710394e-01
  5.51626503e-01  4.96764993e-03 -4.83222783e-01 -6.14585638e-01
  2.44391561e-01 -3.44973922e-01  1.44438803e-01 -6.87149391e-02
  3.25828582e-01  4.65034395e-01 -1.74198404e-01  1.13261938e-01
  1.34371683e-01  9.52621937e-01  1.16988152e-01 -1.17631011e-01
  5.68449087e-02 -6.61344826e-02 -1.28969103e-01  3.50437343e-01
  4.04781640e-01 -1.43371001e-01 -3.54334086e-01  3.73850614e-01
 -3.75341535e-01  5.32990322e-02 -2.98335195e-01  7.10311607e-02
 -3.95378247e-02 -3.43820959e-01  3.27911615e-01 -3.51115912e-01
  1.41487822e-01 -4.54248749e-02 -6.89398289e-01 -2.80030668e-01
  2.41338551e-01  1.04613915e-01 -2.39841953e-01 -4.24303599e-02
 -4.17065561e-01 -3.41212153e-01 -1.44375801e-01  4.41786319e-01
 -1.05035233e+00 -4.56690311e-01  6.96669042e-01  3.70758146e-01
 -1.64982051e-01 -1.73777032e+00  5.02282441e-01  2.02695191e-01
  2.34420329e-01  1.43306121e-01  1.61909744e-01 -2.70626038e-01
 -6.02383725e-02 -3.24645847e-01 -4.47877079e-01 -1.93918914e-01
 -1.00647411e+01 -1.18980162e-01 -4.44589444e-02 -6.67080164e-01
 -4.67765272e-01 -2.12428242e-01  8.15504253e-01  3.46774071e-01
 -1.98790208e-02 -9.43387747e-02 -5.05934238e-01  2.10155636e-01
  2.57538021e-01  3.40120830e-02 -2.78191775e-01  2.62715314e-02
 -6.75364971e-01 -3.38905722e-01 -2.07706094e-01 -2.90699583e-02
 -1.53472781e-01 -3.77387583e-01  3.94524872e-01  4.31224346e-01
  6.89903915e-01 -2.91553468e-01 -2.73687720e-01  1.79279298e-01
 -2.19441488e-01  7.21848905e-01 -6.43919766e-01  1.90051571e-01
 -3.98616850e-01  5.04627705e-01 -3.04782093e-01  1.33153081e-01
  4.44344759e-01  4.24526691e-01 -8.12497064e-02  6.31481826e-01
  3.37121308e-01  1.26208767e-01  2.93325216e-01 -1.76489785e-01
  1.93023592e-01  1.01242013e-01  4.31854308e-01  6.51801154e-02
  9.17856455e-01 -2.31129542e-01 -3.73673975e-01  1.02076102e-02
 -5.17674834e-02 -2.91645318e-01  1.44750938e-01  2.72795379e-01
  4.96867716e-01 -6.25556111e-01  2.61825711e-01  1.18656315e-01
  3.85000587e-01  4.58489001e-01  9.72712398e-01  8.03777218e-01
 -5.70654310e-02  4.22381580e-01  3.17416899e-02  1.41183481e-01
 -8.40685129e-01 -4.60754007e-01  3.38461727e-01  6.10205173e-01
  3.50587368e-02  3.05510849e-01  1.85101479e-01  3.75044078e-01
 -1.58696339e-01  8.74420330e-02  1.66680932e-01  2.76464820e-02
  1.76009387e-01 -3.34643781e-01  8.10303614e-02  3.94456089e-01
 -7.95966685e-01 -2.16752782e-01  1.91067815e-01 -3.85501720e-02
  1.60231560e-01 -6.39836967e-01  7.04527140e-01  2.65899211e-01
 -5.75271308e-01  3.08782101e-01  3.16203207e-01 -8.29215646e-02
 -3.17987561e-01  8.25023651e-03  3.81430119e-01 -3.94706309e-01]"
ミ,"[ 7.42423236e-02  3.33013952e-01 -4.45007503e-01 -3.53794396e-01
  3.53241682e-01  4.91036415e-01  7.57136270e-02 -2.27335706e-01
 -4.84037608e-01 -4.52064663e-01  8.45294595e-01 -2.18999341e-01
 -2.47495964e-01 -4.06511515e-01  5.10720015e-01 -4.67261642e-01
 -5.10722958e-02  4.57729429e-01 -1.21046931e-01  1.79439291e-01
 -4.84062076e-01 -7.45959580e-01  1.28876448e-01  1.34656072e-01
  4.90644217e-01 -5.12213469e-01 -1.98686674e-01  3.60228717e-01
  3.71843576e-02  2.45997563e-01 -5.55836082e-01 -5.25370121e-01
  6.09442890e-02 -4.84636784e-01 -2.14335650e-01  2.29059637e-01
  3.66373152e-01 -1.21843316e-01 -4.63203043e-01 -9.22609642e-02
 -1.49866864e-01 -8.46659616e-02  8.59293342e-03 -4.63705629e-01
 -8.88672322e-02  7.70996869e-01  1.95984036e-01  1.07057162e-01
  7.10903704e-01  2.98181683e-01 -2.14362234e-01  3.70761901e-02
  4.61844474e-01 -3.68460566e-01 -2.01547131e-01 -1.99867755e-01
  1.54650196e-01  1.65023327e-01 -1.73909515e-01  1.93129718e-01
 -6.68719530e-01  2.74164677e-01  2.13516112e-02 -4.05312330e-03
 -1.52782768e-01 -2.49292150e-01  2.39253655e-01  1.20618669e-02
 -4.42158371e-01 -2.29034364e-01 -3.14007968e-01  2.96649430e-02
  1.91665702e-02 -3.40728968e-01  1.01849699e+00 -1.40756533e-01
 -1.80308804e-01  1.69807270e-01  1.29601032e-01  4.68671136e-02
 -5.05264848e-04  3.37519526e-01 -1.84587002e-01 -2.90671706e-01
  2.49306604e-01 -5.59674464e-02 -3.83456975e-01 -5.46740055e-01
  2.02290997e-01 -1.33276552e-01 -5.94511181e-02 -1.52308166e-01
  3.52027744e-01  2.09253147e-01 -4.35045928e-01 -1.66174937e-02
  3.05686295e-01 -1.49750829e-01 -3.52637768e-01 -9.69780311e-02
 -1.44985452e-01 -5.28567433e-01  4.97588515e-01  1.26325309e-01
 -2.02418119e-01 -1.46776229e-01 -4.12344098e-01  3.62920851e-01
 -3.90474647e-02  2.51090318e-01 -4.25520949e-02 -4.22300488e-01
  6.94435984e-02  1.81823507e-01 -1.14675656e-01  3.01071733e-01
  1.63538009e-01  3.40238065e-01 -2.41463780e-01  5.68351567e-01
  1.77794229e-02  8.03743005e-01  1.56241814e-02 -8.92020687e-02
  4.45310473e-02  1.33349314e-01  1.64043605e-01 -6.78279698e-01
 -1.90697253e-01 -2.14286968e-01  1.07160233e-01  2.69152224e-01
 -2.91979015e-01  1.18288562e-01 -4.79934305e-01  5.25717378e-01
 -2.65196979e-01  5.08708775e-01 -2.42032304e-01 -6.15717292e-01
 -2.87671965e-02  5.58363736e-01  2.05306292e-01 -4.60691601e-01
 -2.66857535e-01  1.35268092e-01 -4.60431091e-02 -2.29099944e-01
  5.81548452e-01  7.56122097e-02 -3.73000294e-01  5.34699261e-01
 -5.69463372e-01 -3.47809434e-01 -1.75888427e-02 -1.10333920e-01
 -8.60703290e-01  4.06267792e-02  2.26735190e-01  6.84277117e-01
 -2.66098589e-01 -3.53282928e-01 -4.53867316e-02  4.46647704e-01
  5.66518545e-01  6.92075267e-02  3.34385902e-01 -5.21313906e-01
  1.03222333e-01  5.46256483e-01 -1.69639867e-02  2.45961286e-02
  2.73298532e-01 -3.77461463e-01  5.07508457e-01  1.72220796e-01
 -5.04786335e-03  3.25187743e-02  2.38068998e-01 -4.14058656e-01
  1.27878800e-01 -2.09613904e-01 -1.41411737e-01 -3.01908851e-01
  3.79858851e-01 -6.48094118e-01  1.66855067e-01 -3.18738669e-01
  2.58074850e-02 -2.41073161e-01 -1.59614623e-01 -5.02055407e-01
  5.35334885e-01 -4.81784374e-01 -8.27553272e-02 -6.34893104e-02
 -3.39130536e-02 -3.15808296e-01  5.35363592e-02  4.41880167e-01
  1.20081156e-01  5.44381924e-02 -3.87707889e-01 -8.12238097e-01
 -1.07363725e+00 -9.41321403e-02  4.04683620e-01  4.06284094e-01
  1.67937353e-01  3.64608973e-01 -3.95791471e-01  2.48217389e-01
  1.22046664e-01 -5.87863252e-02 -5.09486310e-02 -5.43970838e-02
 -5.20262480e-01  3.51971313e-02  3.37637693e-01 -6.66489899e-01
  3.64348710e-01 -4.20205086e-01  2.63421714e-01  4.58345264e-01
 -2.69121498e-01  3.72564085e-02 -2.70383991e-02 -3.56306076e-01
  1.57444984e-01  8.76841664e-01 -2.06140369e-01 -7.94132054e-02
 -8.05096149e-01 -9.67162251e-02 -5.28216422e-01  3.26831937e-01
  3.49509045e-02  4.08358157e-01 -1.94251001e-01  2.43327901e-01
  2.00297579e-01 -2.49986604e-01  5.89349233e-02 -5.48470840e-02
 -2.17390358e-01  3.23885024e-01 -1.93938330e-01 -4.53496039e-01
 -2.90350288e-01  3.24875638e-02 -5.58166444e-01 -5.01254976e-01
  4.98437285e-01 -4.26919192e-01  6.21230721e-01  1.41194582e-01
  3.28150243e-01 -8.55705798e-01 -1.67850360e-01 -4.10398960e-01
 -2.08535612e-01 -3.48546386e-01  1.88810408e-01 -3.90668735e-02
  2.11697489e-01 -1.73435658e-01 -2.16150016e-01 -1.16595769e+00
 -3.70345205e-01 -3.94377649e-01  1.24469839e-01 -2.89852411e-01
 -2.15106919e-01 -4.84906510e-02 -1.75157666e-01 -2.69644596e-02
 -1.80041790e-01  3.55797052e-01 -2.22943202e-01  4.25972670e-01
 -1.06495559e+00  5.21410823e-01 -6.85150921e-01  3.19576681e-01
  3.62306722e-02 -1.85467839e-01 -4.08688001e-02 -5.58887720e-01
 -1.23245656e-01  3.71320218e-01  4.38415378e-01 -6.39554739e-01
  1.61589265e-01  4.98046502e-02 -2.15027869e-01  1.67354003e-01
  4.23750967e-01  1.20493351e-02  1.62551165e-01 -2.03977171e-02
  6.10554397e-01  2.55047083e-01  3.52745295e-01 -4.06722218e-01
 -3.52065384e-01 -4.32792693e-01 -5.44685364e-01 -3.80992115e-01
  8.51805568e-01 -1.01247884e-01  1.12915829e-01  9.93890882e-01
 -7.24520624e-01 -1.90769613e-01  4.42141801e-01  2.70833999e-01
 -1.36750460e+00  1.04944386e-01  9.16192904e-02 -2.61221021e-01
 -7.44868144e-02  3.61381620e-01  2.18541995e-01  4.53236759e-01
 -5.69940731e-02 -3.01455140e-01  9.46797431e-01  4.94932979e-01
  1.01196416e-01 -4.94616419e-01  7.34422386e-01 -7.32712597e-02
  9.23794284e-02 -3.40687722e-01 -5.07163644e-01  2.33727977e-01
  3.78738880e-01  1.93988439e-02  2.76572704e-01 -4.66383427e-01
 -9.18539017e-02  1.38175651e-01 -1.00195512e-01  2.19620019e-01
 -4.41470981e-01 -1.12841390e-01  1.90971702e-01  5.16432166e-01
  5.89641273e-01  8.56948137e-01  2.07873926e-01  1.02023579e-01
  7.10278511e-01  3.65752816e-01  6.21780038e-01  1.73499286e-02
  7.41462409e-02  1.08138606e-01  4.71874207e-01 -1.81661434e-02
  2.00167134e-01  7.91335404e-02  5.82419753e-01  2.88779318e-01
  5.80603719e-01 -1.18338116e-01  3.08211744e-01  3.67720336e-01
  3.11020553e-01  7.44745910e-01  4.22631383e-01  1.67268187e-01
 -6.66364908e-01 -1.88687265e-01  3.28811049e-01 -5.55092812e-01
  2.45085042e-02  2.49638051e-01  5.07924259e-01 -2.17396989e-01
 -4.62574005e-01  1.23137221e-01  4.95580405e-01 -1.66694403e-01
 -5.80525100e-01 -3.85321528e-01 -6.15144670e-01 -2.21407875e-01
 -1.30370364e-01 -8.06684017e-01  2.19725087e-01  2.31819779e-01
  3.09191614e-01 -6.11685812e-01 -4.44712788e-02  1.86229065e-01
 -7.23442137e-01  6.42637759e-02 -4.13060367e-01 -5.60136698e-03
 -5.06635547e-01  1.77753940e-01 -1.81488350e-01 -1.44569159e-01
 -3.90764117e-01  1.36625022e-01 -2.09141657e-01  2.50471264e-01
 -2.33423691e-02  4.67454255e-01 -5.92512451e-02  5.04864156e-01
  4.36047018e-02  2.47844368e-01 -2.32167616e-01  8.63143504e-02
 -5.84869444e-01  2.11914033e-01  5.85765064e-01  2.97051877e-01
  2.83654124e-01  3.11886877e-01  4.09939915e-01  1.25858530e-01
 -7.55718946e-02 -2.28030346e-02 -2.38357440e-01 -6.95614338e-01
  7.72762001e-01  2.41087183e-01  1.75628349e-01 -2.75870085e-01
 -1.94778681e-01  1.71097726e-01 -2.21831635e-01 -2.37852857e-01
 -1.72521025e-01  1.36776522e-01  5.56310415e-02  1.37972564e-01
 -1.30101383e-01  9.96376574e-01 -5.13506889e-01  3.20739269e-01
  2.74428695e-01  9.84241143e-02  3.16128612e-01  1.74044907e-01
 -1.56719908e-01 -5.95823228e-02  3.16375077e-01 -1.16029263e-01
 -1.66062728e-01 -3.22009593e-01  1.84481114e-01  2.44755708e-02
  1.88332051e-01  6.10890567e-01  3.07016581e-01 -1.92546155e-02
 -6.01187646e-01 -5.48551977e-01 -4.15876597e-01 -3.05993408e-01
 -4.01437283e-01  3.44080567e-01  3.20116222e-01 -4.11256760e-01
  1.97402295e-02 -2.93632269e-01 -6.76690757e-01 -4.33960646e-01
 -3.12206805e-01 -6.72766119e-02 -1.18983954e-01  9.73155916e-01
  5.64928114e-01  1.74380764e-01 -7.07130730e-01  5.37869573e-01
 -1.16248921e-01  5.90359457e-02  2.87599176e-01 -2.94951331e-02
 -8.40926617e-02 -1.31891206e-01  6.26690164e-02  1.96051419e-01
  3.06307763e-01  6.13113344e-01 -1.18480369e-01 -5.47421217e-01
  1.62134081e-01  1.77063495e-01  4.55133989e-02 -3.78337979e-01
  7.20015407e-01  2.40839168e-01 -3.13424945e-01 -4.04907405e-01
 -2.42051423e-01 -2.74721861e-01  2.39325389e-01 -7.90289581e-01
 -1.17817618e-01 -3.76886517e-01  1.41250238e-01  2.91950762e-01
  5.78804255e-01 -4.68104571e-01  3.12605172e-01  3.79568726e-01
  6.73648655e-01 -4.40080464e-01  2.53299892e-01 -2.48814002e-01
 -2.78660655e-01 -1.10345133e-01  4.37518984e-01 -3.15853208e-01
  4.01450038e-01 -7.25163162e-01 -5.30206680e-01 -5.45035660e-01
  1.90645061e-03 -9.64061737e-01  6.83224916e-01  2.75597628e-02
  3.57634246e-01 -4.71864194e-01  4.17783260e-01 -1.14519924e-01
  7.03534707e-02  5.73433399e-01 -5.26344590e-02 -1.65246859e-01
 -9.86551762e-01  3.17430466e-01 -5.73950224e-02 -5.57749093e-01
  4.65045482e-01  8.04203153e-01 -1.55700341e-01 -5.09685814e-01
  1.11478306e-01 -3.03948633e-02 -4.26159054e-01 -2.41144001e-01
 -5.60891211e-01  1.55739769e-01  5.14921486e-01  1.04004271e-01
  3.24483305e-01 -1.32340416e-01 -4.04643297e-01 -3.23111296e-01
  3.47228587e-01  3.96938354e-01  4.46506739e-01 -3.42442002e-03
  2.18452841e-01  1.46786466e-01 -2.77541131e-01  2.26918831e-02
  1.80734172e-02  7.48359203e-01  1.14572994e-01  7.96039045e-01
  6.04755640e-01 -4.95291024e-01  5.49424887e-01  8.89949262e-01
  2.52788484e-01  2.70490736e-01 -3.13534230e-01  4.29081768e-02
 -7.73070991e-01  5.63927650e-01  7.45647103e-02  3.79545927e-01
 -3.60505679e-03 -1.98209554e-01 -6.61925152e-02 -3.75368387e-01
 -6.45017087e-01  5.76977804e-02  3.50968391e-01  3.35906208e-01
 -1.19044282e-01  3.16788554e-01  4.20781285e-01  2.22515538e-01
 -2.18634605e-01 -2.40821913e-01  9.86327231e-02  1.49684250e-01
  7.01351941e-01 -2.93946825e-02  3.24442953e-01 -1.37507260e-01
 -9.95602489e-01 -2.54660428e-01  1.00977398e-01 -6.74589798e-02
  6.11595452e-01 -7.99112692e-02 -1.62564337e-01  2.34201506e-01
 -1.64591759e-01  5.73362827e-01 -1.87115267e-01 -1.02440476e+00
 -8.41650069e-02  2.27720112e-01 -1.19817279e-01  2.38717091e-03
 -7.15970919e-02  5.76652586e-01  1.18711844e-01 -3.63526940e-01
  1.36580765e-01  7.75307536e-01  1.52139485e-01 -2.62462497e-01
  3.13081928e-02 -4.34151851e-02 -3.72900724e-01  2.90948153e-02
 -1.90029234e-01 -6.39723659e-01 -1.48301393e-01  1.86671823e-01
  1.34635121e-01  8.74330029e-02  1.55172553e-02  2.68882304e-01
 -4.46039028e-02  3.07602733e-01 -7.45626763e-02 -6.71100557e-01
 -1.34620503e-01  5.03876626e-01 -3.14647585e-01 -2.61924062e-02
  8.46107975e-02  2.17937939e-02  5.83756901e-02 -6.90358430e-02
 -3.55392992e-01  2.40287453e-01 -6.28734171e-01  5.14443219e-01
 -4.29500431e-01 -3.81317377e-01  3.33360761e-01 -8.71657114e-03
 -6.29447460e-01 -6.34435356e-01  1.17953904e-02  6.52396619e-01
  2.30547279e-01 -3.06279898e-01  4.66800570e-01 -4.44105923e-01
  5.25640786e-01  3.48789781e-01 -2.11850852e-01  3.21791582e-02
 -1.02652788e+01 -3.39771837e-01 -6.46966338e-01 -1.56697389e-02
 -5.08443117e-01  1.73341408e-01  6.59604788e-01  4.55318727e-02
 -2.70138770e-01 -2.90987734e-02  8.02837253e-01  3.65273863e-01
  4.64607596e-01  7.51393914e-01 -5.52651167e-01 -4.06506598e-01
 -1.17004693e-01 -3.60957235e-01 -1.06981762e-01  4.77945469e-02
  4.18446720e-01 -1.02226809e-01  8.90510023e-01  4.77902353e-01
 -6.45456970e-01 -4.25428569e-01 -8.27508211e-01  3.96452338e-01
  1.43816680e-01  2.13838473e-01 -6.96830094e-01  4.15975511e-01
  1.02641284e-01  2.53643870e-01 -4.90588814e-01 -8.94505382e-02
 -5.11143327e-01  2.73150712e-01  3.84169728e-01  6.05420291e-01
 -1.98754758e-01  3.32836270e-01  2.53222853e-01  4.39464211e-01
  3.59343067e-02  1.50391743e-01  1.73252940e-01  4.13628131e-01
  4.00794357e-01  7.50706345e-02  2.37694383e-01 -1.54912740e-01
  5.20410120e-01 -6.07761554e-02  1.06993504e-01  6.27637267e-01
  6.55463398e-01 -2.89872587e-01 -4.86083031e-01 -2.92883720e-02
  2.93737561e-01 -4.05725181e-01  7.81071484e-01  4.15384680e-01
 -4.14174609e-02  1.32912636e-01  3.58876228e-01  6.49299741e-01
 -6.62024915e-01 -8.63748938e-02  2.29597777e-01  1.73898846e-01
  1.56104043e-01 -1.82809278e-01 -6.99795961e-01  3.36148024e-01
 -5.18446445e-01 -7.20517663e-03  7.58055300e-02  1.51871964e-01
  5.23954928e-01 -7.71982372e-02 -5.08184791e-01  8.94954577e-02
 -9.78924692e-01  2.62583822e-01 -1.46838695e-01  7.90006816e-02
  3.53286386e-01 -4.69440669e-01  3.41636986e-01 -5.07961512e-01
 -3.92924815e-01  5.83199322e-01  2.94262916e-01  4.84435223e-02
  6.67645931e-01  3.81081194e-01  6.12528086e-01  1.61417037e-01]"
テ,"[ 4.86870736e-01  2.07949430e-01  4.88378942e-01 -5.50900400e-01
  4.62613016e-01  1.21281013e-01  9.12269577e-02 -1.81352094e-01
 -4.67244424e-02 -4.79556769e-01  6.88520491e-01 -3.09961975e-01
  1.51986768e-02  2.46261153e-02  3.35060775e-01 -3.56744081e-01
  2.61551470e-01 -2.24953681e-01  8.96363854e-02 -4.71723437e-01
 -6.56762004e-01 -1.28160119e-01 -2.01838806e-01  1.76269755e-01
  8.85178596e-02  9.92065296e-03 -4.73639637e-01 -7.35934898e-02
 -6.85933009e-02 -2.14320689e-01 -6.05719268e-01 -3.40691060e-01
  2.86326915e-01  3.11165720e-01 -1.16717897e-01  2.43090257e-01
  1.07781202e-01 -9.81216654e-02  2.63830036e-01 -3.86727154e-01
  4.54277284e-02 -2.16785278e-02 -2.64894754e-01 -9.70964804e-02
 -2.95700818e-01  8.40678036e-01  2.34042346e-01  3.42162877e-01
  7.34120190e-01 -2.02554300e-01 -4.24992204e-01  3.46906781e-01
  1.50066197e-01 -3.03254034e-02  4.06385630e-01 -1.77121446e-01
  2.07711309e-01 -5.44795811e-01 -2.61468500e-01  3.54316413e-01
 -5.53257108e-01 -2.44943485e-01  7.74652183e-01 -8.99620280e-02
 -5.16972952e-02 -3.42397004e-01  4.41427901e-02 -1.55674368e-01
  1.06326714e-02 -8.26144218e-01 -6.57163501e-01 -5.67122437e-02
 -1.26266837e-01 -2.64056355e-01  1.25148261e+00 -1.53898314e-01
  1.74061313e-01  3.96364719e-01  3.22451234e-01 -1.06579788e-01
  9.97388288e-02  4.76149380e-01  6.83448017e-02 -7.46302903e-01
  7.36038610e-02  3.16988170e-01 -1.34761408e-01 -5.59292078e-01
  3.80752802e-01 -4.06674296e-01 -5.34235477e-01  6.10495150e-01
  6.11758471e-01  2.62865484e-01 -7.87698925e-02 -2.75407988e-03
 -9.94143076e-04 -3.11702967e-01 -4.54210430e-01  1.81202944e-02
 -5.36308810e-02 -1.09382376e-01  2.00402483e-01  4.62064683e-01
  4.10733789e-01  3.81456390e-02 -3.80830348e-01  3.26550826e-02
  1.72061473e-01  9.05015171e-02 -2.24035576e-01 -4.51205432e-01
 -4.16073501e-01  6.14668310e-01 -2.29745373e-01 -1.02816954e-01
 -1.94919139e-01  4.40123342e-02 -1.91246539e-01  6.32244945e-01
  2.10728258e-01  2.03242943e-01  2.74745494e-01 -2.24829391e-01
  1.16396591e-01  6.39822662e-01  1.71352535e-01 -3.83561939e-01
 -3.66873950e-01  8.32146630e-02 -1.86117649e-01  2.87324101e-01
 -8.94091725e-02 -2.02821687e-01 -5.22468567e-01  1.04172766e+00
 -2.00885296e-01 -5.39882369e-02 -3.32165718e-01 -4.50954348e-01
 -3.60283226e-01 -3.57839204e-02  1.27192676e-01 -1.75926208e-01
  1.48783371e-01  9.32709724e-02 -4.87331361e-01 -4.07212526e-01
 -7.94686601e-02 -3.01456273e-01 -1.20119222e-01  1.04052746e+00
 -8.40103328e-01  3.93184461e-02 -7.02311769e-02 -2.06679720e-02
 -9.08705831e-01  9.24965441e-02  3.32125366e-01  2.91529745e-01
  2.18343481e-01 -8.14126730e-01  1.71400368e-01  6.00785971e-01
 -2.18205944e-01  4.35079336e-01  8.48536789e-02  4.53198999e-01
  8.25355202e-02  6.63613617e-01 -1.42151475e-01  4.04944927e-01
  1.52110934e-01 -2.73135006e-01  6.08589649e-01  3.03507745e-01
  2.09735185e-01  4.35281638e-03  1.93951547e-01 -5.53771794e-01
 -3.50065790e-02  4.81672958e-03 -3.19836855e-01 -5.14965653e-01
  3.39626193e-01 -1.16199993e-01  1.42873064e-01  1.77800119e-01
 -2.77932674e-01  1.01555578e-01  1.63913578e-01 -4.18343544e-01
  4.51898187e-01 -5.96767701e-02 -2.37347245e-01 -7.15114295e-01
 -3.10148358e-01  1.56580076e-01 -6.12684488e-01  6.99673772e-01
  1.96058393e-01  6.37141392e-02 -2.73703545e-01 -5.00507236e-01
 -6.06106818e-01 -3.09466451e-01  5.52216768e-01 -6.58937264e-03
  2.29679212e-01  6.12415910e-01 -2.39026293e-01  2.11809710e-01
  4.04511184e-01  2.10045204e-01  2.67534763e-01  2.24807352e-01
  1.85005029e-03 -6.33225963e-02  3.35519850e-01 -7.83334374e-01
  4.63567466e-01 -2.89046407e-01  4.36418623e-01 -1.11633971e-01
  2.69094169e-01  1.87084645e-01 -8.07175133e-03 -2.90080696e-01
 -4.40906994e-02  5.08892298e-01 -5.14312804e-01 -3.16938162e-01
 -9.38935220e-01  2.77556270e-01 -7.69779682e-01  1.34652495e-01
 -4.69939113e-02  5.00614524e-01 -4.95018214e-01  5.21567583e-01
  2.49780580e-01 -1.12179957e-01  2.99326152e-01 -2.91592300e-01
 -9.16415155e-02 -1.37067204e-02 -7.65860900e-02  2.93723177e-02
 -2.95034975e-01  3.77431750e-01 -5.78274190e-01 -4.87826914e-01
  5.25598466e-01 -3.89122099e-01  6.91588402e-01  5.45946360e-01
  3.34485769e-01 -1.86525121e-01  4.37023252e-01 -4.37263608e-01
  3.62589866e-01 -3.91840667e-01 -7.33695477e-02 -3.78590487e-02
 -1.14041343e-01  1.91516802e-01 -2.74605025e-02 -6.74628913e-01
  1.51389450e-01 -7.36378133e-01  5.48430502e-01 -4.28707927e-01
 -1.91778824e-01 -1.97284237e-01 -2.11388275e-01  1.66222468e-01
 -2.98336208e-01  2.06852183e-01 -3.02669615e-01  2.00272545e-01
 -7.44820952e-01  7.99385607e-02 -5.30686378e-01 -2.27033384e-02
 -9.28113163e-02 -2.77631968e-01 -2.21441209e-01  6.60026446e-02
 -2.13015556e-01  4.49215442e-01  1.79988772e-01 -8.85716453e-02
 -4.20023739e-01  9.34969634e-02 -3.71179253e-01 -1.36445314e-01
  3.39112669e-01  4.44526374e-01 -2.26043329e-01  2.08769977e-01
 -3.11610177e-02  4.58298057e-01 -1.26941964e-01 -3.19482386e-02
  1.57447129e-01 -3.84958744e-01 -2.98782378e-01 -3.76474053e-01
  3.07019681e-01 -3.28237385e-01 -1.24994501e-01  7.78701305e-01
 -3.54297012e-01  2.50440724e-02  2.07493708e-01  5.39454341e-01
 -1.31976819e+00  4.87489700e-02 -1.86781194e-02 -2.79504597e-01
 -3.83040011e-01  6.31351769e-01  2.10742410e-02  6.93660304e-02
 -3.49999696e-01 -4.29790437e-01  1.09922886e+00  2.38492936e-01
 -2.42161319e-01 -3.42310816e-01  4.46882904e-01  1.89153165e-01
 -8.47587734e-03 -6.15038514e-01 -1.38385683e-01  3.68392289e-01
 -1.46176308e-01  1.83205694e-01  2.64667034e-01 -2.88714021e-01
 -1.53668270e-01  5.39402068e-01 -1.37265503e-01  5.77667236e-01
 -1.40926734e-01 -1.16187096e-01  2.01383904e-02  9.95134354e-01
  1.16013944e+00  7.90808380e-01 -2.94401437e-01 -7.95457363e-02
  4.86185580e-01  5.65614939e-01  6.66599572e-01 -1.73053473e-01
  5.65650538e-02  2.95314733e-02  4.95661139e-01  4.77846712e-01
 -2.28027090e-01  1.68163374e-01  4.91558105e-01  8.23624015e-01
  3.24497104e-01  1.71048254e-01  2.50162840e-01  3.32636833e-01
  8.66409242e-02  3.80683810e-01  8.05906057e-01  2.98864335e-01
 -3.80589038e-01 -4.38035071e-01 -3.59504759e-01  4.74650366e-03
 -1.66853279e-01 -2.00264648e-01 -2.72379935e-01 -8.04928988e-02
 -4.30613309e-01  9.21047404e-02 -1.81933418e-02 -4.22375113e-01
 -2.11610466e-01 -6.73562229e-01 -4.09595877e-01 -1.94722429e-01
  7.96057954e-02 -1.05414677e+00  4.86203194e-01  3.77001077e-01
  4.29721326e-01 -4.69914138e-01 -5.45828342e-01  1.05630510e-01
 -3.78208369e-01 -7.83784613e-02  8.31684470e-03  3.07626545e-01
 -1.92371115e-01  3.85910720e-02 -3.07302535e-01 -1.76168993e-01
 -4.49075818e-01 -6.04020879e-02 -9.06434596e-01 -4.91103590e-01
  7.82221835e-03  3.15909535e-01 -1.26313761e-01  1.42937720e-01
  1.22101225e-01  5.54507017e-01 -3.26962858e-01  4.38868476e-04
 -6.39667928e-01  4.57862318e-01  7.32912838e-01 -1.58856437e-01
  4.05183554e-01  4.88288969e-01  1.83513328e-01  3.60627532e-01
  3.29953320e-02  3.53134662e-01 -6.65375531e-01 -1.12098195e-01
  7.20381379e-01 -2.60905772e-01  2.89892644e-01  1.10164108e-02
 -4.16402549e-01  2.02763319e-01 -4.26158547e-01 -2.66568601e-01
 -2.81747222e-01  1.15441702e-01 -1.80369794e-01 -2.21825372e-02
  3.61537337e-01  6.95248842e-01 -9.21077654e-02  5.07843256e-01
  9.01524723e-02 -1.61741644e-01  6.47813737e-01  3.50983620e-01
 -5.20194769e-01  1.64731964e-01 -5.46946861e-02  3.94543171e-01
  2.97110975e-01  2.71569580e-01  6.53318584e-01  4.22279656e-01
 -1.56808183e-01  2.98361033e-01  2.89915830e-01  4.20342356e-01
 -2.56765366e-01 -5.78115106e-01 -6.52232766e-02  1.14136701e-02
 -4.72823828e-01 -2.42414594e-01  3.61390471e-01 -2.24036016e-02
  3.36996347e-01 -7.07713841e-03 -8.40031743e-01 -6.16850972e-01
 -6.44645214e-01 -4.74027880e-02 -1.57048404e-01 -2.54752557e-03
  8.25879037e-01 -8.61581787e-02 -7.35335946e-01  6.56368077e-01
  1.82123289e-01  2.81977773e-01  4.43847656e-01 -1.38205960e-01
 -7.79041499e-02  3.11078459e-01  2.43604839e-01  7.47796297e-02
  4.72121507e-01  2.63671298e-02 -2.08745092e-01 -6.66381776e-01
  4.95785475e-01 -5.16476221e-02  1.76061168e-01 -2.93902874e-01
  5.30614972e-01  1.26364399e-02 -6.59676552e-01 -6.31372333e-01
 -1.75144114e-02 -1.02907471e-01  1.85661539e-02  2.08101850e-02
 -1.21669389e-01  7.61394501e-02  3.09686750e-01  3.45534831e-01
  7.77953148e-01 -3.51694882e-01  1.71501324e-01  6.85933232e-01
  6.57720029e-01 -2.24097624e-01 -7.60074034e-02 -4.05994505e-01
 -3.62349927e-01 -3.56441528e-01  2.69671082e-01 -1.86617881e-01
 -2.47191757e-01 -4.58816171e-01 -1.06687164e+00 -5.94184995e-01
  6.88545108e-02 -6.16423905e-01  3.20113122e-01  2.79986352e-01
  1.85047612e-01 -2.90233314e-01 -1.90551654e-01 -4.88676786e-01
  3.71414334e-01 -7.00740435e-04  2.67010272e-01  7.69363791e-02
 -4.73610014e-01  1.33438811e-01 -7.45075047e-01 -4.25966293e-01
  8.52061510e-01  7.53365099e-01 -6.25388563e-01 -1.40557274e-01
  4.06823218e-01 -4.35151756e-01 -5.25170803e-01 -3.28803658e-01
 -5.74375466e-02  3.08558363e-02 -5.77387623e-02 -2.68395454e-01
  2.90498078e-01  1.61290944e-01  2.09991693e-01 -4.57261577e-02
  4.51499283e-01  3.84204865e-01  5.71915090e-01  1.08089730e-01
 -1.36249527e-01  6.70223534e-02 -5.86427093e-01  4.91193891e-01
  2.61366427e-01  4.04793292e-01 -3.85958046e-01  2.09836721e-01
  8.78538132e-01 -5.35625100e-01  4.17565823e-01  5.21707237e-01
  4.87250298e-01  5.05094051e-01 -5.26231825e-01 -1.25313699e-02
 -8.84643614e-01  6.86695278e-02  4.64947000e-02  1.76208001e-02
  4.84792501e-01  6.37591779e-02 -3.19555372e-01 -5.45577586e-01
 -5.25549293e-01  3.50794435e-01  4.24982637e-01  4.17923957e-01
 -8.77870917e-02 -2.20574439e-02  5.46147406e-01  3.95370513e-01
  8.96842107e-02 -4.36755598e-01  1.70456529e-01  2.64189959e-01
  7.81404018e-01 -1.99582472e-01  5.43830276e-01 -7.51701176e-01
 -1.19076812e+00  2.65535891e-01  8.68844390e-02  2.74184700e-02
  3.62259537e-01 -4.81481344e-01  7.94841275e-02  1.42918900e-01
  3.31556380e-01  1.80438329e-02 -4.92835850e-01 -8.23775291e-01
 -7.86128268e-02  9.57009718e-02 -5.68129182e-01  3.64212617e-02
  1.51638845e-02  9.13373888e-01  4.65123206e-01 -1.34123981e-01
 -2.41982758e-01  1.04913783e+00  1.45522848e-01  1.20935209e-01
 -1.44281223e-01 -4.21544015e-02  1.29934892e-01  2.26772994e-01
  1.31560490e-01 -4.52049792e-01 -3.33946019e-01  2.57350594e-01
 -5.29917538e-01  6.13833815e-02 -2.56033361e-01  1.77683309e-02
  1.50968522e-01 -1.13515425e-02 -2.67582446e-01 -3.72143298e-01
 -1.48681670e-01 -1.72459960e-01 -7.15766549e-01  2.66040862e-01
  1.26407612e-02 -2.04727594e-02 -3.71579856e-01 -1.51869971e-02
 -5.96589684e-01 -3.34111661e-01  7.51203392e-03  5.59155583e-01
 -7.13556886e-01 -6.28375888e-01  5.80643237e-01 -2.13782012e-01
 -2.62025416e-01 -7.18983829e-01  1.42495885e-01  8.16798732e-02
  5.32587826e-01 -2.10769907e-01  2.72367030e-01 -3.99312615e-01
 -1.50620993e-02  1.06755324e-01 -1.09015815e-01  5.56852460e-01
 -1.01873598e+01  1.71142861e-01 -4.46446866e-01 -1.13863909e+00
 -6.65484443e-02  1.58886164e-01  4.51073676e-01  3.38424951e-01
 -2.20477492e-01 -8.47415477e-02 -6.01294562e-02  4.05085295e-01
  3.03303510e-01  3.22946548e-01 -9.58641350e-01 -1.25276193e-01
 -3.60988945e-01 -2.08340108e-01  6.64683804e-02 -6.70790434e-01
 -2.60911703e-01 -4.50433105e-01  6.06779873e-01  6.37122393e-01
  3.50347795e-02 -3.59295547e-01 -4.89420116e-01  2.31084332e-01
  8.90985597e-03  2.50889063e-01 -6.30751550e-01  6.52456522e-01
  1.43231973e-01  4.51670110e-01  8.66411403e-02 -9.74258259e-02
 -2.71300703e-01  6.25793517e-01 -3.70002449e-01  3.42485100e-01
  2.64654845e-01  3.65608931e-01 -3.20258260e-01 -7.97861964e-02
  6.59766570e-02  7.07174838e-02  5.85534215e-01  2.20264763e-01
  6.85213625e-01  7.00863302e-02 -1.76350757e-01  2.85056561e-01
 -2.57746279e-01  5.63963056e-02 -2.89305858e-03  7.37100244e-02
  8.30139816e-01 -1.71529815e-01 -2.74008870e-01  1.09150246e-01
  4.21118468e-01 -5.83479963e-02  4.83291119e-01  7.38198519e-01
  2.02137336e-01  6.53232485e-02  4.99131083e-01  5.63167334e-01
 -6.76371276e-01 -1.97998613e-01  2.10409850e-01  2.61923164e-01
 -8.63594115e-02  3.74580890e-01 -3.16290021e-01  5.31469226e-01
  4.36622053e-02 -1.05829358e-01 -7.81411827e-02  2.98099250e-01
  8.34752738e-01 -4.99027908e-01  1.11067981e-01  3.54934752e-01
 -1.29341447e+00  3.75192873e-02 -7.84960836e-02  2.69360363e-01
  2.12021247e-01 -7.35856891e-01  4.59265083e-01 -5.31073213e-01
 -6.01497471e-01  3.06140661e-01  4.00391579e-01 -3.96174520e-01
 -1.14305161e-01  1.39166832e-01  3.90625387e-01 -2.02238992e-01]"
エ,"[ 7.49431178e-02  5.01032650e-01  3.71009111e-01 -6.56086028e-01
 -3.93311083e-02  1.11033827e-01  8.59642401e-02  1.29492721e-02
  3.09907757e-02 -2.11056188e-01  9.35834050e-01  1.51548266e-01
  2.76879251e-01 -5.60724914e-01  5.66632569e-01 -4.20523405e-01
 -5.14361337e-02 -4.09527987e-01  8.79349932e-03 -2.53402650e-01
 -6.62889838e-01 -5.67319214e-01 -4.00479972e-01  3.46296370e-01
  2.72009045e-01 -3.10672164e-01 -1.53719122e-02  1.21904902e-01
 -7.11736679e-02 -1.89829588e-01 -5.25779903e-01 -5.60103118e-01
 -1.19114444e-02  3.21192861e-01 -5.74001014e-01  2.33592629e-01
 -2.17736177e-02  2.18208656e-01  3.81268710e-01 -3.95985246e-01
  1.37295693e-01  4.79886025e-01 -7.52676800e-02 -2.06066132e-01
 -9.97740179e-02  5.04196942e-01  1.90258861e-01  2.21398860e-01
  1.71468824e-01  6.79966435e-02 -4.21714067e-01 -1.68467537e-02
  2.04312205e-01 -1.90398887e-01  5.38444705e-02  4.33580458e-01
  5.71286678e-02 -5.62152028e-01 -3.75801064e-02  3.36768448e-01
 -4.25777376e-01 -3.87140930e-01 -4.00727838e-01  4.77067739e-01
 -3.17199707e-01 -2.11854219e-01 -2.09713489e-01  9.56955645e-03
 -4.40587431e-01  1.29947439e-02 -3.03889841e-01  4.24129404e-02
 -9.43005010e-02 -6.75430775e-01  8.31806421e-01  3.75881009e-02
  4.46292728e-01 -6.71996117e-01 -1.21229060e-01 -1.19366713e-01
 -5.26283264e-01  3.42914313e-01 -2.23487273e-01 -6.91354930e-01
 -4.83786881e-01  3.52899700e-01 -6.47834003e-01 -7.44002223e-01
  7.96065569e-01 -6.85420781e-02  8.56943354e-02 -9.58595425e-02
  2.73612171e-01  4.21512663e-01 -1.40418172e-01 -1.87079757e-02
  2.70051777e-01  9.94873978e-03 -8.17176774e-02  3.63323629e-01
 -2.21207719e-02 -1.86085358e-01 -4.17227186e-02 -8.41543451e-02
  1.98291913e-01 -2.14003623e-01 -4.35556881e-02  1.44901589e-01
 -2.94326013e-03 -5.43723404e-02 -1.22122183e-01 -7.23502934e-01
 -2.58875966e-01  2.87857980e-01  1.31301165e-01  2.11674720e-02
 -2.96356976e-01  8.37514222e-01 -4.39513296e-01  4.82495427e-01
  7.97572657e-02  3.57806653e-01 -1.53261676e-01 -2.70175099e-01
 -2.23703012e-01  5.74558675e-01 -1.02646105e-01  3.83036405e-01
  1.74547076e-01 -5.29835880e-01  2.13349923e-01 -2.18502060e-01
 -1.88780800e-01  4.01416272e-01 -5.59132732e-02  6.71357870e-01
  2.78952569e-01  4.71573472e-01  3.28535914e-01 -7.74656117e-01
 -9.57909897e-02  3.11404765e-01  2.69721717e-01 -3.40171039e-01
  5.62755406e-01 -2.15944737e-01  2.51815617e-01 -9.29246992e-02
  1.41218543e-01  3.11568737e-01  1.79130509e-01  1.20471048e+00
 -2.10572332e-01 -1.96618572e-01 -2.36555755e-01 -5.17658889e-02
 -3.07199419e-01  1.25263661e-01  1.05257466e-01  4.95750695e-01
  4.41689968e-01 -3.90760690e-01  4.25344594e-02  4.74080950e-01
 -2.82182157e-01  6.41244948e-01  5.07183194e-01  5.08637130e-02
  3.43918443e-01  6.33344412e-01 -2.84297224e-02  5.08958578e-01
 -1.08605362e-01 -5.63475072e-01 -3.09455097e-02  7.18838274e-01
  3.11085969e-01  6.35863066e-01  6.10875249e-01 -8.96563232e-01
 -1.29546538e-01 -1.18551396e-01  4.23219740e-01 -8.14579189e-01
  4.03254390e-01 -3.26253116e-01  1.59038063e-02 -2.14253545e-01
  1.69885457e-01 -1.01008505e-01 -6.98457658e-01 -7.69030256e-03
  1.10916123e-01 -1.49169326e-01  6.95568621e-02 -2.23351493e-01
 -1.67310871e-02 -1.53420176e-02 -4.73733783e-01  6.62492394e-01
 -1.55940384e-01  2.20743269e-01  5.69845475e-02 -5.21950066e-01
 -1.23164821e+00 -4.40265208e-01  1.79916531e-01  6.10490918e-01
  1.23957217e-01  1.50706798e-01  1.24864198e-01  5.59974611e-01
  1.79614857e-01  4.11330879e-01  8.71389449e-01  8.51402245e-03
 -8.08025599e-01 -4.60823387e-01  7.83801138e-01 -8.63122821e-01
  8.05009827e-02  1.36614740e-01  2.77286381e-01  1.55079171e-01
 -7.04077542e-01 -1.31914457e-02  4.27594572e-01 -7.21594691e-02
  1.84490919e-01  7.93224573e-01 -8.39586034e-02 -7.51721978e-01
 -1.23412168e+00  1.73010528e-01 -6.86014295e-01  2.27877453e-01
 -5.20519018e-01  5.39434791e-01 -2.30349496e-01  7.31074035e-01
 -1.67083248e-01 -2.19035484e-02  3.54957432e-01 -2.39356548e-01
 -5.96496224e-01  2.47126579e-01  2.77322769e-01 -6.43123031e-01
 -8.61402631e-01  1.48505986e-01 -3.95572007e-01 -3.46983105e-01
  5.13678968e-01 -1.92053244e-01  4.30924058e-01  2.74242520e-01
  3.55482250e-01  2.85939753e-01 -1.08376160e-01 -1.78881124e-01
 -4.73172247e-01 -5.59971154e-01 -2.12876573e-01  3.95400524e-01
  3.57731432e-01  4.16701764e-01  2.35432744e-01 -5.40754735e-01
 -7.10140765e-01  1.72899887e-02  2.25649536e-01 -8.14393401e-01
 -1.77157909e-01 -4.11701620e-01 -3.66852552e-01  4.50219691e-01
 -1.02949524e-02  3.20554286e-01 -5.79238422e-02  6.46699190e-01
 -3.70770842e-01  1.49506554e-01 -6.71253860e-01 -1.69505075e-01
  9.71602499e-02 -1.35223299e-01 -5.95333099e-01 -5.81464350e-01
 -6.01678252e-01  3.32408398e-01  2.71419346e-01  1.11821465e-01
 -4.50823575e-01  1.62023589e-01 -2.61740804e-01  1.26052737e-01
  7.69246995e-01 -1.06877536e-01  9.80919078e-02  8.63420725e-01
  2.05881163e-01  1.52816549e-01  1.12961024e-01 -2.91555166e-01
 -8.47493857e-02 -6.28647089e-01 -3.78523648e-01 -3.95426631e-01
  6.10501528e-01 -3.89444649e-01 -1.45683244e-01  1.00770640e+00
 -1.24738075e-01  1.98371142e-01  8.30610633e-01  6.31189704e-01
 -1.38023496e+00 -8.84410068e-02  1.38881400e-01 -9.37888920e-02
 -2.33330622e-01  3.48640352e-01  3.72688621e-01  7.71161169e-02
 -1.58530146e-01 -2.01512918e-01  8.19977105e-01  6.57835662e-01
 -3.07063282e-01 -4.45311606e-01  5.95620811e-01  1.38683528e-01
  3.18892688e-01  5.21704368e-02 -1.05923101e-01  3.50725651e-01
 -4.51859444e-01  2.43814245e-01 -4.37732339e-01 -2.28637934e-01
 -1.23443738e-01  1.99282706e-01  1.53326886e-02  3.55832368e-01
 -1.75238714e-01 -1.93353429e-01  5.62626481e-01  9.20954168e-01
  3.65836382e-01  7.40744352e-01 -1.07005641e-01 -4.05289568e-02
  2.04324976e-01  6.21333897e-01  2.40942016e-01  1.00166395e-01
 -5.82824826e-01 -2.98474967e-01  3.78045946e-01 -2.11902231e-01
 -4.75258201e-01  5.30466795e-01  1.04156449e-01 -2.01849893e-01
 -4.77229506e-01  7.38404274e-01  5.59038401e-01 -2.05956355e-01
  6.61153972e-01  5.55407286e-01  6.56745732e-01  2.72258967e-01
 -1.38809577e-01 -3.04811746e-01 -8.25459585e-02 -7.33940080e-02
 -7.52356723e-02  1.49725646e-01 -3.45039368e-01 -2.78274834e-01
  1.92222535e-03  4.86252047e-02 -4.26040709e-01  1.73490688e-01
 -2.19582468e-01 -6.37617469e-01 -7.79368758e-01 -6.38616085e-02
 -5.98666906e-01 -4.02683556e-01  1.53507710e-01  3.49218369e-01
  4.96404797e-01 -7.46436119e-01 -1.27160102e-01  2.51165897e-01
 -4.92122710e-01 -8.71448442e-02  3.86377841e-01  2.23375782e-01
 -2.90125102e-01  3.03281009e-01 -3.70757431e-01 -4.03794736e-01
 -5.77179134e-01 -4.44060229e-02 -1.04837954e-01  2.17332259e-01
  4.06465679e-01 -2.22239599e-01 -8.43929201e-02  4.95486379e-01
 -3.50905448e-01 -1.52125493e-01 -3.21315140e-01 -2.46775806e-01
 -3.82359296e-01 -4.12671652e-04  2.38200620e-01 -7.21666291e-02
  4.45732325e-01  1.20664507e-01  2.80147403e-01 -2.94679552e-01
  5.58578931e-02 -9.15755033e-02 -6.72047362e-02 -6.94782078e-01
  1.04354882e+00 -2.69881546e-01  6.02235436e-01 -1.58561260e-01
 -1.92069113e-01  5.22306383e-01  1.90169856e-01 -3.55835259e-01
 -8.40175059e-03 -7.83602055e-03 -7.59240210e-01  3.99619490e-01
  1.86790496e-01  4.29634601e-01 -6.99672580e-01  2.84174293e-01
 -7.37468712e-03 -3.83309305e-01  3.45307380e-01  2.95856372e-02
 -8.58638138e-02 -1.76126018e-01  2.84739733e-01  1.12819874e+00
  2.59274393e-01  5.76573610e-01  2.23180369e-01  3.46827544e-02
 -2.90376484e-01  3.83453637e-01  5.88037133e-01  4.45123911e-01
 -2.62109414e-02  3.62952724e-02 -5.89790702e-01 -1.57811478e-01
 -2.34529153e-01 -1.07565261e-01  2.75635540e-01 -3.12539004e-02
  4.42996174e-01 -2.00424671e-01  6.38856515e-02 -1.45128235e-01
 -9.03110743e-01  1.22215673e-01 -1.83455974e-01  1.90583006e-01
  6.72918677e-01  8.66291672e-02 -1.77675679e-01  6.91896319e-01
  1.55387428e-02  2.87879676e-01  2.94174224e-01 -5.04811108e-01
 -2.96197444e-01  7.20140785e-02 -2.90926903e-01 -9.77205262e-02
  2.29391560e-01  3.34298432e-01 -4.12439078e-01 -6.84638262e-01
  3.14877063e-01  1.59763262e-01 -4.36460860e-02 -2.03460261e-01
  1.76448569e-01 -1.12643145e-01 -4.20278698e-01 -3.83272469e-01
 -4.15162832e-01 -3.10437888e-01  1.65065378e-01 -1.24663043e+00
 -2.33240694e-01  1.88436523e-01 -2.68815458e-01 -7.36619309e-02
  4.76408720e-01 -3.35844785e-01  1.45267323e-01  2.70305097e-01
  2.23708168e-01 -2.59050727e-01  1.92719046e-02 -7.95586184e-02
  3.60382497e-02 -1.43853471e-01  8.17067564e-01  1.57955945e-01
  5.94176769e-01  3.02763134e-01 -7.02812195e-01 -5.92044413e-01
 -4.64571029e-01 -7.17980623e-01  6.74262345e-01  2.43594989e-01
  8.04029763e-01 -8.91859178e-03 -1.65393263e-01 -7.11243376e-02
  4.08478856e-01  7.11899251e-02  6.05967902e-02  1.59769386e-01
 -2.14870855e-01  5.21353722e-01 -7.97996402e-01 -7.23581433e-01
  6.33552015e-01  1.01985641e-01 -4.84138072e-01  1.76099405e-01
  4.59033042e-01  1.12507381e-01 -3.67301494e-01  3.59121636e-02
  9.98397097e-02 -3.44982535e-01 -1.47585198e-01  7.24823996e-02
  3.37226003e-01  2.34375075e-01 -2.84378707e-01 -2.74755180e-01
  8.73201549e-01  5.53095937e-01  3.11206371e-01  5.13002574e-02
  1.39406128e-02 -9.74974036e-02 -3.20152581e-01 -2.99951583e-02
  4.05217052e-01  5.80809832e-01 -5.88267036e-02  5.73496640e-01
  3.37932199e-01 -4.85316575e-01 -1.70424297e-01  9.54895794e-01
  7.69428685e-02  4.07064021e-01 -3.71109039e-01 -2.57349730e-01
 -7.02964842e-01  1.88997194e-01 -3.05151016e-01  3.27525251e-02
  6.43477499e-01  3.99682879e-01  3.45081657e-01  1.13673501e-01
  1.36255339e-01 -8.39655027e-02  3.55355710e-01  2.35715985e-01
  3.32238138e-01 -1.44938335e-01  1.77589938e-01  3.90060455e-01
 -3.42190593e-01 -4.44659531e-01 -1.96662620e-01  3.75720471e-01
  7.61897445e-01  6.69720694e-02 -8.96947533e-02 -1.94353417e-01
 -1.42506254e+00  4.08629850e-02  2.39048749e-01 -1.05659887e-01
  6.61223233e-01 -3.57933849e-01 -2.46756338e-03  5.10180533e-01
  7.15527773e-01  9.04975653e-01 -3.29780877e-01 -7.37475991e-01
 -1.50851309e-01 -9.83057022e-02 -2.11136267e-01  3.97500306e-01
  1.60713062e-01  3.46934795e-01  2.55133778e-01  1.90562867e-02
 -5.40425591e-02  6.16401494e-01 -9.06426013e-02 -1.72364384e-01
  5.01456261e-01  2.08467498e-01 -6.07839860e-02  5.16667478e-02
  8.61604735e-02 -7.67332762e-02 -3.33077610e-01  2.26525944e-02
 -4.77579057e-01 -1.98005348e-01 -7.86902010e-02 -7.66219199e-02
  2.64043331e-01  7.17762411e-02 -1.74975291e-01 -2.70109683e-01
 -4.58554663e-02  2.41101071e-01 -5.18975616e-01 -4.91798609e-01
 -1.24326311e-01 -9.21150967e-02 -1.27718940e-01 -3.56086880e-01
 -8.63985896e-01 -7.44039774e-01 -3.18985470e-02  9.38406363e-02
 -6.16404891e-01 -4.53393430e-01  3.09618115e-01  3.29736918e-01
 -1.63864449e-01 -1.09431958e+00  4.66469139e-01  4.08923849e-02
  5.65858066e-01 -4.97309953e-01  1.92539424e-01 -2.81811297e-01
 -3.99208926e-02 -6.17792606e-01 -3.55566889e-01  4.47504193e-01
 -1.01533995e+01 -3.59984040e-01 -7.59553611e-01 -6.85563147e-01
 -2.45858803e-01  2.24058568e-01  1.22064757e+00  3.80887270e-01
 -4.86187279e-01  6.86450005e-02  1.69203162e-01  2.28595912e-01
  9.12148729e-02  6.85228944e-01 -3.79328668e-01 -3.99435788e-01
 -1.46052361e-01  1.55733347e-01 -4.43009511e-02  1.98004439e-01
 -2.46072784e-01 -1.71367183e-01  3.37561756e-01  2.44405299e-01
  4.44576703e-03 -3.16619694e-01 -5.72696507e-01 -1.58001631e-01
 -1.99297741e-01 -7.91026130e-02 -4.22679096e-01  2.34842613e-01
 -2.14701504e-01 -1.03630580e-01 -2.92151541e-01 -1.28618265e-02
 -1.19806953e-01  9.42057893e-02 -8.20350587e-01  4.57287103e-01
  3.88988912e-01 -1.81165531e-01  3.20800781e-01  7.58871958e-02
  3.50387841e-01  1.00688441e-02  8.30795586e-01 -1.30786538e-01
  3.25682312e-01 -5.03523462e-02  3.46918821e-01 -5.06963253e-01
  2.86774725e-01 -3.74339134e-01 -1.17621101e-01 -6.06089197e-02
  8.16559434e-01 -8.02324891e-01  5.16206808e-02  1.02803461e-01
  5.52830510e-02  1.89324647e-01  6.52777076e-01  3.59339446e-01
 -2.30839103e-01  8.04167315e-02  2.59255409e-01  6.44260794e-02
 -4.23123777e-01 -2.59534389e-01  5.51220141e-02  1.73933491e-01
 -1.74712032e-01  1.24423078e-03 -2.37219736e-01  4.57047343e-01
  5.78706324e-01  4.22215372e-01  2.87899643e-01  7.81440958e-02
  3.83422107e-01 -5.83606899e-01  3.23537916e-01  8.98044556e-03
 -6.08517885e-01  2.58649856e-01 -2.11422727e-01 -6.24385923e-02
  3.22138906e-01 -6.66587830e-01  6.35194719e-01 -4.80550468e-01
  3.25992666e-02  2.78866172e-01  6.55025601e-01  1.52695730e-01
 -2.97367096e-01  3.76310833e-02  3.14781755e-01  9.76977646e-02]"
デ,"[-1.49877360e-02  3.42676997e-01  4.62385952e-01 -3.55439931e-01
  9.12744924e-03  6.61840677e-01  1.95152313e-01 -2.39658102e-01
 -4.44475412e-01 -1.82722777e-01  5.20953953e-01  1.73015565e-01
 -6.19603515e-01  1.40488192e-01  5.13234973e-01  1.73784599e-01
 -3.12046319e-01 -6.83026254e-01 -2.99218506e-01 -4.75415915e-01
 -6.57058716e-01 -2.37184763e-01 -4.59500521e-01  5.02030730e-01
  1.44113898e-01 -2.80888289e-01  1.21744089e-01  7.92015567e-02
  3.03506881e-01  2.71061342e-03 -4.27589327e-01  9.07872692e-02
 -2.58857071e-01 -2.33860224e-01 -9.86742318e-01  2.76292622e-01
  5.03557771e-02  8.85476172e-02  3.63290161e-01 -3.62759590e-01
 -1.94144696e-01 -1.60535678e-01 -3.70065928e-01 -3.75025362e-01
 -2.48309910e-01  6.65484667e-01  2.31304929e-01  8.19068968e-01
  1.73876658e-01  6.56130239e-02 -8.37070227e-01  6.94711268e-01
  7.48001993e-01  4.51432288e-01  2.31893644e-01 -3.31233114e-01
  1.01549160e+00 -8.30877602e-01 -8.48540142e-02  4.80992168e-01
 -6.45912766e-01 -6.73207223e-01 -2.34513983e-01  7.33444020e-02
 -3.28207731e-01  3.93639714e-01 -6.38629496e-02 -3.29200447e-01
  5.36948025e-01 -7.77534604e-01  6.07947260e-02 -9.28475633e-02
  1.75375313e-01 -3.69110972e-01  6.08185172e-01 -2.32577249e-01
  7.27094337e-02 -2.06440389e-01  3.57040465e-01  1.76093534e-01
 -3.52844298e-01  3.69598776e-01  1.40934765e-01 -8.85430992e-01
 -4.36340034e-01  1.02728680e-01 -1.01795924e+00 -8.37292492e-01
  2.76700050e-01 -4.59547937e-01 -8.17015544e-02  4.77351129e-01
  7.51922559e-03  2.00574964e-01 -1.66614670e-02  1.56650841e-01
 -7.79949054e-02 -9.51774791e-02 -2.37094939e-01  2.67146919e-02
 -2.99329907e-01  3.23303461e-01  7.52230823e-01  6.81907358e-03
 -1.51959509e-01  3.45862210e-02  3.84806663e-01  4.20006424e-01
  9.83895212e-02 -9.36878249e-02 -4.72067773e-01 -1.21283337e-01
 -1.97301030e-01  2.04707891e-01  1.41168103e-01 -1.08807378e-01
 -1.89200774e-01  9.23745930e-01 -3.85286778e-01  5.79640031e-01
  9.44772586e-02  1.89663559e-01  1.11127950e-01 -4.15148020e-01
 -6.94872439e-02  5.98345339e-01 -1.41524985e-01  9.78972465e-02
  4.10010293e-02 -1.00489445e-01 -2.99148887e-01 -4.02584106e-01
 -1.64039433e-02  3.53491664e-01 -5.26062369e-01  1.22836733e+00
 -2.24450603e-01  7.65232220e-02 -7.37055168e-02 -2.72773743e-01
 -5.85512221e-02 -3.10435388e-02 -2.32067183e-02 -5.31308353e-01
  5.19007891e-02  1.08369626e-02 -2.78000653e-01  2.77635783e-01
  2.59317636e-01  3.21356565e-01 -3.44422221e-01  1.09315264e+00
 -8.41853142e-01  5.51324904e-01  1.27895951e-01  4.63862836e-01
 -8.80865991e-01  1.04200609e-01 -1.50721734e-02  3.15124691e-01
  5.58089554e-01 -8.40441212e-02  1.16535947e-01  3.63339782e-01
  1.66669086e-01  2.09542498e-01  4.19142902e-01  2.30148852e-01
 -3.43953259e-02  7.84849465e-01  1.33691970e-02  2.24207789e-01
  4.94509608e-01  1.07841501e-02 -2.48857796e-01  5.08341253e-01
  6.13503218e-01  2.78537899e-01  3.22074026e-01 -6.03170753e-01
 -1.94411024e-01 -1.30374536e-01  1.80538252e-01 -5.81866205e-01
  5.04921734e-01  1.98611096e-01  1.72504574e-01  7.34794587e-02
 -3.14948082e-01  3.48892897e-01 -4.99384701e-01  2.63918906e-01
  6.18348690e-03 -4.10296559e-01  1.49963215e-01 -1.30287871e-01
 -8.49293265e-03  2.00639889e-01 -4.63786423e-01  6.82763278e-01
 -3.40493172e-01  8.78527239e-02  1.94703475e-01 -3.91174734e-01
 -1.16773772e+00 -4.52084661e-01  5.27911820e-02  3.29426289e-01
  1.65397093e-01  2.99610347e-01 -1.20315261e-01 -9.54563841e-02
  6.40818000e-01  4.31185991e-01  4.34644312e-01  4.49687660e-01
 -3.89652640e-01 -6.63635552e-01  3.69142175e-01 -3.56639802e-01
  1.85221091e-01 -1.53051928e-01  3.25834841e-01  3.79656851e-01
 -2.23140299e-01  2.90443122e-01  4.23120648e-01 -3.93536299e-01
 -4.35153209e-02 -3.88289660e-01 -7.45520294e-01 -5.18684626e-01
 -5.14748991e-01  2.21949980e-01 -3.80952746e-01 -1.09853677e-01
 -2.31291562e-01  3.86951637e-04 -4.90547448e-01  1.00022960e+00
 -2.24971280e-01 -2.57355779e-01  4.57550198e-01 -6.50965452e-01
  3.34434241e-01 -1.54147997e-01  1.29064307e-01  1.04634175e-02
  1.44218370e-01 -3.27906102e-01 -1.21191815e-01 -1.88820869e-01
  4.97400939e-01 -5.68177938e-01  3.57579023e-01  3.33760567e-02
  5.03294826e-01  3.23767394e-01  7.23577961e-02 -4.42055613e-01
 -5.37148833e-01 -3.14082086e-01  1.80709317e-01  3.37826103e-01
 -1.19249687e-01  1.36802375e-01  7.87792742e-01  9.08126757e-02
 -9.68447089e-01 -9.98358727e-02  3.97945136e-01 -6.88488632e-02
 -1.91075638e-01 -1.95450813e-01 -3.61865133e-01  4.52473253e-01
 -2.16865480e-01  5.84798157e-01 -3.60250443e-01 -5.03872074e-02
 -2.20927447e-01  3.94757837e-01 -5.06689310e-01 -4.44104254e-01
 -1.03911189e-02  1.22190647e-01 -3.43316853e-01 -2.39304185e-01
 -3.06493908e-01  2.46764466e-01  5.20037174e-01 -3.27943593e-01
 -4.48000073e-01 -1.89489629e-02 -1.98753536e-01  4.15975004e-01
  4.74278569e-01 -8.81566405e-02 -4.75145429e-02 -4.40452695e-02
  3.88654619e-01  3.90878350e-01  3.05703372e-01  2.08271489e-01
 -7.29542524e-02 -4.24165912e-02 -3.37746114e-01  2.02222452e-01
  4.40787494e-01 -8.23017418e-01  2.01147005e-01  5.65197051e-01
 -3.58821720e-01  3.10736060e-01  3.73821020e-01  3.19383413e-01
 -1.19312084e+00 -2.70473599e-01  2.21694633e-01  6.07537687e-01
  1.59315214e-01  1.97825730e-01  2.06210449e-01  1.40373915e-01
 -3.72074455e-01 -3.58550459e-01  8.64836395e-01  6.59020916e-02
 -3.00774634e-01 -3.78575444e-01 -8.26502815e-02 -2.21906200e-01
  5.21559179e-01 -9.53441024e-01 -8.34104866e-02  2.43336752e-01
  3.52466464e-01  1.64711758e-01  2.91074067e-01 -5.91429949e-01
  4.10671532e-02  2.42724970e-01 -3.03516030e-01  2.83832669e-01
 -2.50126988e-01 -4.80695702e-02 -8.96350816e-02  9.95076239e-01
  7.88789988e-01  1.01048660e+00 -8.87877122e-02 -2.50724047e-01
  9.71530899e-02  1.00876927e-01  3.55806231e-01 -3.25462893e-02
 -1.55891851e-01 -1.97037578e-01 -1.46084160e-01  1.63641185e-01
  2.91992068e-01  1.07703499e-01  2.09864661e-01 -4.48947608e-01
 -4.49198097e-01 -4.20045182e-02  7.01367736e-01 -5.90717375e-01
  2.94511586e-01 -7.77525678e-02  5.45710921e-01  6.72812015e-02
  5.33918366e-02 -3.77175301e-01  2.75950998e-01 -3.55020553e-01
 -2.19484895e-01 -3.35838020e-01 -9.72010791e-01 -1.82009667e-01
 -4.47301775e-01 -4.58835959e-01 -1.63828328e-01 -6.42052591e-01
 -3.28273978e-03 -5.60767174e-01 -3.63044888e-01  1.99030831e-01
  1.35779172e-01 -4.15821135e-01  6.01479769e-01  2.47967258e-01
  3.41713339e-01 -2.87894487e-01 -4.70192701e-01  3.25168669e-01
 -4.50633109e-01  4.84762073e-01 -1.11695953e-01  5.24183452e-01
  8.82745348e-03 -3.10525537e-01 -3.20842892e-01  9.50142369e-03
 -6.18446887e-01 -3.49960715e-01 -5.17509699e-01 -1.83921054e-01
  3.05069298e-01  2.85102069e-01 -1.12538032e-01  2.02594191e-01
  3.95901531e-01  2.89932191e-01 -6.76772773e-01 -3.43161374e-01
 -1.79709047e-01  2.42304206e-01  9.90549251e-02  2.07530871e-01
  1.96210012e-01 -1.18895479e-01  3.68983597e-01  1.04722194e-01
  1.34063333e-01  7.54093081e-02  2.75487658e-02 -6.82211816e-01
  1.06373489e+00 -1.13457024e-01  5.46746433e-01  4.48219359e-01
  1.87659398e-01  8.42574894e-01  6.73052967e-02 -7.74226069e-01
  7.69765535e-03 -4.92338538e-01 -4.85440828e-02  8.95608962e-01
  7.59215415e-01  2.95915306e-01 -2.41996780e-01  2.60449380e-01
  1.32005125e-01 -1.90248281e-01  1.87273398e-01 -1.92529440e-01
 -1.18672207e-01  1.85272560e-01  3.22850466e-01  9.21173930e-01
  1.60836846e-01  5.07076263e-01  2.40917593e-01  4.91665214e-01
 -5.34197211e-01  3.18972319e-01  1.62602663e-01 -6.64033517e-02
 -1.97353065e-01  2.52742437e-03 -4.57628012e-01 -3.11189383e-01
 -2.61037946e-01 -1.84255689e-01  3.33894074e-01  4.53692913e-01
  1.97513208e-01 -3.83004807e-02 -6.28181040e-01 -7.76972055e-01
 -5.89324296e-01 -7.02567324e-02 -3.87048215e-01 -1.46997124e-01
  7.50766098e-02  3.15779626e-01 -5.91672361e-01  6.54611528e-01
  6.24871731e-01 -3.21180254e-01  5.51707344e-03 -5.52901626e-01
 -4.87339258e-01  4.28387225e-01 -1.38392612e-01 -9.17968303e-02
  7.36980617e-01  6.55587435e-01 -6.67770326e-01 -1.59367234e-01
 -2.63224095e-01  2.00411767e-01  4.20058876e-01 -5.92461765e-01
  3.29692692e-01  1.29378855e-01 -3.89723033e-01 -4.17405367e-01
  2.23844405e-03 -3.31947953e-01 -8.14045966e-03 -2.40236223e-02
  8.73785242e-02  3.23205322e-01 -2.81413347e-01  6.52814984e-01
  7.90490448e-01 -6.64852679e-01 -2.07126494e-02  3.47392350e-01
 -5.87996304e-01 -1.97136208e-01 -6.07264750e-02  1.86524406e-01
  4.12281826e-02 -1.16971344e-01  3.45756948e-01 -3.12663466e-02
 -1.74805634e-02  4.35160361e-02 -5.18575609e-01 -6.76908433e-01
 -5.48817776e-02 -6.10305905e-01  4.72474992e-01 -1.17384493e-01
  7.72079766e-01 -2.55768269e-01 -1.77578062e-01 -2.56141275e-02
  2.04524189e-01 -1.94121823e-01  3.37216556e-01 -1.84743091e-01
 -9.04785872e-01 -7.94723108e-02 -3.17060441e-01 -7.09120333e-01
  4.12463009e-01  5.82338162e-02 -7.88752437e-01 -9.86501500e-02
  3.55104715e-01  1.02367913e-02 -2.42303267e-01  1.16921954e-01
  6.26540110e-02 -1.76444426e-02  3.21318090e-01 -1.93999931e-01
 -6.03659935e-02  4.58516866e-01 -2.00752899e-01  2.28992682e-02
  5.52737117e-01  3.45218629e-01  3.43266726e-01  4.16000664e-01
 -3.07933778e-01  2.66177982e-01 -2.07949236e-01 -7.49089196e-02
  7.55152225e-01  4.78358299e-01 -5.92917264e-01  3.44976068e-01
  2.37134680e-01 -3.29373121e-01  2.24499866e-01  1.05209339e+00
  1.48405656e-01  3.09777915e-01 -4.37082648e-02  6.11180924e-02
 -9.51340795e-01  2.12321028e-01  1.88141674e-01  2.27738053e-01
  2.91805059e-01  8.34023803e-02 -1.44034566e-03 -5.51130399e-02
  7.69400477e-01  7.27185905e-02 -2.71416634e-01  1.87926978e-01
 -1.04880370e-01 -6.26368165e-01  6.89826190e-01  5.39030015e-01
 -2.15596870e-01 -7.64025599e-02 -1.89056203e-01  6.99614525e-01
  8.93805921e-01 -6.65719360e-02  3.32869172e-01 -3.93981338e-01
 -5.76568246e-01  1.79032668e-01  4.07175094e-01 -1.75211623e-01
  5.22846162e-01 -3.74539047e-01 -1.48373932e-01  5.14377832e-01
  5.46100616e-01 -2.49149412e-01  1.92249194e-02 -3.51906866e-01
  8.30893070e-02 -1.92762032e-01 -1.12848267e-01  1.68092012e-01
 -4.39570434e-02  1.63851053e-01 -3.04508924e-01 -4.96126592e-01
  3.02265137e-01  7.28852451e-01  3.23639303e-01 -1.44060984e-01
  1.74535230e-01  1.83452129e-01  6.95781857e-02 -5.63662685e-02
  4.74270999e-01  2.30976656e-01 -6.51225597e-02  3.51684034e-01
 -2.14552745e-01 -1.54998675e-01  9.40711424e-02  2.01582074e-01
  1.90513194e-01 -4.76366848e-01  3.83218341e-02 -1.18501693e-01
 -3.67061406e-01 -3.78571808e-01 -4.89677072e-01  2.42419109e-01
 -3.90194058e-01  4.42771614e-02  2.21447214e-01  3.89717072e-02
 -4.44989592e-01 -3.63402635e-01 -1.02324476e-02  6.41425371e-01
 -6.99776828e-01 -5.21829009e-01  2.03561634e-01 -4.88378763e-01
 -3.10356319e-01 -1.04722226e+00  3.84361565e-01 -2.03250498e-01
  6.17899597e-01 -9.59323868e-02 -1.67732254e-01 -3.22567493e-01
 -2.64734980e-02 -3.38393539e-01 -3.43178749e-01 -4.92152810e-01
 -1.01527243e+01  1.63439438e-02 -1.78873196e-01 -8.03262651e-01
 -2.79256970e-01 -1.57053515e-01  6.18054390e-01  9.07191455e-01
 -6.38027668e-01  1.38350338e-01 -3.00993860e-01  1.73756793e-01
  9.91098955e-02  3.24706405e-01 -4.89207171e-02 -2.37849057e-01
 -8.22074413e-02 -2.22452298e-01 -7.10787475e-02  1.83995634e-01
  5.04444875e-02 -4.57108051e-01  6.18177235e-01  4.97568816e-01
  1.39977783e-01 -1.67480156e-01 -2.22203538e-01 -1.65806964e-01
  8.06193799e-02  1.15056679e-01 -1.48706388e+00  8.95490706e-01
 -2.65712112e-01  2.55249202e-01 -3.39463413e-01  5.58177114e-01
  1.81930602e-01  3.99233818e-01 -6.82187200e-01  1.42395586e-01
  3.86561096e-01 -1.91157386e-01 -1.59021094e-01 -5.20633698e-01
 -5.59801087e-02 -1.09455332e-01  1.11139126e-01  1.53666005e-01
  3.79155815e-01 -4.71249819e-01 -2.77210444e-01 -9.65962112e-02
  2.98793793e-01 -5.49257696e-01  2.56033182e-01 -4.03150141e-01
  1.69905290e-01 -8.14483762e-01  3.43398228e-02  3.09020460e-01
  5.86670876e-01  5.48967600e-01  4.04146761e-01  5.53962052e-01
  2.35429689e-01  4.93588954e-01  1.80950820e-01  1.36343062e-01
 -1.29961714e-01  2.71122843e-01 -1.05848126e-01  3.55192423e-01
  2.41930094e-02  3.83460194e-01 -1.13880873e-01  1.87893480e-01
  1.89029083e-01  6.69361055e-02  3.73395056e-01  1.04414858e-01
  3.31714302e-01 -1.00211799e+00 -1.06408251e-02 -5.88439638e-03
 -4.46110815e-01  2.84768134e-01  6.07134812e-02 -2.74396569e-01
  3.87766570e-01 -8.14115763e-01  2.50965834e-01 -5.69013692e-02
 -5.01915924e-02  2.11786866e-01  4.40259606e-01 -1.03054099e-01
 -4.43920679e-02  2.43249252e-01 -1.27666490e-02 -3.45587999e-01]"
ア,"[-8.56139064e-02  3.02740455e-01  3.66918623e-01 -6.81469440e-01
  3.29799533e-01  4.54889685e-02  2.21813381e-01 -7.68228769e-01
 -3.37525725e-01 -5.22257835e-02  1.10155940e+00  2.18479648e-01
 -3.83875251e-01 -2.12393418e-01  4.36723888e-01 -2.45362014e-01
  1.51291087e-01  3.39847654e-02  2.91650742e-01  3.07729185e-01
 -1.98748000e-02 -4.48341548e-01  1.57476664e-01  3.42278816e-02
  4.34476882e-01 -3.80789608e-01  2.59692192e-01  2.77812123e-01
 -9.01101753e-02 -4.18382466e-01 -5.25415778e-01 -5.09669721e-01
 -1.32547200e-01 -6.81952417e-01 -4.68593985e-01  1.07640345e-02
  2.77650476e-01 -9.30416360e-02  3.17752987e-01 -6.70901299e-01
 -2.58810464e-02 -4.02225286e-01 -5.11971354e-01 -8.41182694e-02
 -3.94098788e-01  2.90239781e-01  1.68055609e-01  4.93335187e-01
  3.30769658e-01 -4.81752167e-03 -4.12266999e-01  1.57610234e-02
  1.01749651e-01 -1.69630498e-01  1.77154705e-01  2.15597332e-01
  1.42561227e-01 -2.15666324e-01  4.50630099e-01 -4.19221133e-01
 -4.73264366e-01  1.26632243e-01  2.42408320e-01 -5.34897484e-03
  2.18444109e-01 -3.28550756e-01  1.16647491e-02 -2.45906100e-01
  8.98685306e-02 -3.67957592e-01  1.82659552e-01  2.81845182e-01
 -2.51022309e-01 -5.60812950e-01  7.32178390e-01 -2.87109733e-01
  4.77445535e-02 -1.43804058e-01  2.27447242e-01 -2.07319334e-02
 -3.13366205e-01  5.59108138e-01  9.29709524e-02 -5.19241810e-01
 -3.14470202e-01  2.69096106e-01 -5.87040484e-01 -6.55221283e-01
  2.98218399e-01 -2.15201795e-01 -6.42039478e-02 -1.88823268e-01
  5.24567187e-01  4.59967852e-01  1.04787141e-01 -8.82977992e-02
 -3.79604404e-03 -2.57573754e-01 -4.02461737e-01 -1.43519163e-01
 -1.77037418e-01  2.51689982e-02  4.50256467e-01  9.15600061e-02
 -1.64590672e-01 -1.08144417e-01 -2.30344549e-01  5.03730476e-01
  8.84097815e-02  1.89898282e-01 -3.03039342e-01 -8.20235074e-01
 -7.09428847e-01 -1.77695081e-01  3.02248001e-02  1.11528449e-01
 -2.76109636e-01  3.87872756e-01 -3.57310951e-01  3.06591183e-01
 -4.07336652e-02  4.78101611e-01 -2.27663204e-01 -1.25333056e-01
  1.90807372e-01  6.55695319e-01  3.24717164e-01 -1.45403743e-01
 -1.42536983e-01 -2.75677294e-01  1.70531690e-01  1.50956854e-01
 -4.04435962e-01 -7.06731379e-02 -1.81705147e-01  9.14120317e-01
  7.94043615e-02  3.80747736e-01 -9.16137248e-02 -5.63675821e-01
 -1.96325913e-01 -9.78846774e-02  5.79095542e-01 -7.57808611e-03
  1.14902206e-01  7.90247023e-02  3.83759886e-01 -7.20137954e-02
  4.38300043e-01  4.62301970e-01  1.34851411e-01  8.78886759e-01
 -6.41681314e-01 -7.62286857e-02 -2.14986801e-01  2.27942802e-02
 -7.29105890e-01 -2.22765282e-02  4.02747005e-01  3.65028977e-01
  5.01327038e-01 -4.39956695e-01  8.37064683e-02  2.44141325e-01
  1.86105996e-01  5.45487881e-01 -1.61982447e-01  2.75094926e-01
 -1.06398620e-01  7.18359411e-01  7.30761960e-02  3.48565459e-01
 -1.14014437e-02 -5.47548413e-01  5.88868737e-01  3.47661912e-01
 -1.49831467e-03  4.03633893e-01  6.39072955e-01 -8.60836506e-01
 -1.63063422e-01 -2.41389428e-03  5.42049289e-01 -4.91792589e-01
  3.88116986e-02 -4.08880562e-01  2.65413254e-01  1.94101557e-01
  5.86227290e-02 -1.47086844e-01 -3.21618840e-02 -2.78160095e-01
  1.54328883e-01 -7.50309005e-02 -3.08155745e-01 -2.24371761e-01
 -6.49818452e-03 -1.88379467e-01 -3.11965913e-01  4.97898519e-01
 -8.15924555e-02  2.13608384e-01 -6.05939209e-01 -7.47707129e-01
 -1.01716185e+00 -1.26258329e-01  9.17839110e-02  2.66265988e-01
  4.82101887e-01  6.74710143e-03 -1.68044895e-01  5.66640915e-03
 -2.29208753e-01  5.27327657e-01  5.54585338e-01  2.04365462e-01
 -2.58986354e-01 -7.42352188e-01  3.82943183e-01 -5.31102180e-01
 -2.91173398e-01  1.87991083e-01  6.03350759e-01 -8.18633810e-02
 -5.23401916e-01  2.94640332e-01  1.69834211e-01  4.86966759e-01
  1.03170061e-02 -1.21270552e-01 -8.28623027e-02 -8.57433617e-01
 -9.36667442e-01  2.91541785e-01 -7.28857756e-01 -6.77822232e-01
 -4.59589064e-01  4.07723218e-01  4.29260023e-02  4.98022616e-01
  6.73874617e-02 -1.36200488e-01  4.04502064e-01 -4.72320355e-02
 -5.26768208e-01  4.47045535e-01  9.94912013e-02  1.81415349e-01
 -2.90759742e-01  3.20472836e-01 -3.43134820e-01 -4.20722514e-01
  1.11354925e-01 -3.82795520e-02  6.31180942e-01  1.48698553e-01
  4.46934730e-01 -2.69063503e-01  1.97065026e-01 -2.40176812e-01
 -1.35310635e-01 -1.48509815e-01  7.54585639e-02 -8.79444629e-02
 -4.55608487e-01  8.98625106e-02  2.82745272e-01 -8.55266377e-02
 -1.34380326e-01 -4.57180470e-01  2.40176916e-01 -3.54278564e-01
 -4.31633860e-01 -2.75934428e-01 -1.66673049e-01  2.09935993e-01
 -4.16957796e-01  3.78483385e-01 -2.72529006e-01  4.60734934e-01
 -5.16923487e-01  8.42852071e-02 -5.87346554e-01 -4.67474908e-01
  2.96625346e-01  2.54956167e-03 -4.38164562e-01 -3.57231826e-01
 -6.64146125e-01  4.18148279e-01  9.39948857e-02 -1.42541796e-01
  4.31831516e-02  1.50386924e-02 -4.12402689e-01  6.36208802e-02
  2.24109605e-01  4.81088161e-02  1.76868051e-01  2.55240470e-01
  5.83295286e-01  1.00737080e-01  5.87756157e-01  2.42017712e-02
  4.64593023e-02 -7.67612994e-01 -1.24863394e-01  7.71990493e-02
  6.01087034e-01  2.47266088e-02 -2.71271378e-01  9.44731951e-01
 -7.48981833e-01  2.50659287e-01  1.35953665e-01  4.36797827e-01
 -1.49509811e+00  1.31861279e-02  5.32317936e-01 -1.02852926e-01
 -7.47156501e-01  5.07615328e-01  3.31835240e-01  9.62553546e-02
  3.81212205e-01 -7.55121410e-01  9.60964680e-01  5.20123184e-01
 -5.96139848e-01  5.59463724e-02  3.23554903e-01 -3.74620073e-02
  2.71072298e-01 -3.80279839e-01 -2.10356954e-02  3.32610279e-01
 -1.91518236e-02 -3.09790909e-01 -2.34986767e-01 -6.41908944e-02
 -3.76436681e-01  3.43098909e-01  1.99529663e-01 -3.75200093e-01
 -4.52565044e-01 -2.48875707e-01  1.54740453e-01  8.06137025e-01
  1.62439600e-01  7.06430852e-01 -2.72926569e-01 -1.51162848e-01
  3.32902312e-01  1.86213985e-01  2.00586125e-01  2.55493939e-01
 -3.85046393e-01 -3.09882075e-01  3.34749937e-01  3.61523688e-01
 -8.70125145e-02  1.17123939e-01  1.52848810e-01 -1.03821680e-01
 -1.19236164e-01  2.61777073e-01  5.36394358e-01  1.01695992e-02
  7.22588599e-01  2.97883183e-01  6.40619516e-01  5.19015379e-02
  2.84985006e-01 -1.31650686e-01  3.70109916e-01 -9.69279334e-02
  1.58608243e-01  2.92110205e-01 -5.57724535e-01  2.54637927e-01
 -6.37705743e-01 -3.06318492e-01  9.36555937e-02 -4.70354021e-01
  3.21178325e-02 -7.39066899e-01 -5.06066859e-01  2.07862362e-01
 -2.98199892e-01 -6.95709586e-01  9.93551910e-02  2.61629462e-01
  2.98718721e-01 -4.00396258e-01 -2.96341956e-01  1.06079765e-01
 -9.92017314e-02  2.73635507e-01  5.41966915e-01  3.73985559e-01
 -4.21106696e-01  4.48349603e-02 -5.18124580e-01  8.26670453e-02
 -6.93614185e-01 -2.67721742e-01 -3.83261502e-01  2.16604561e-01
  1.88926756e-01  2.17397884e-01  3.02322477e-01 -2.29302309e-02
  3.30198035e-02  2.85004765e-01 -2.99083650e-01 -2.81243086e-01
 -5.14826715e-01 -1.75399520e-02  4.18958887e-02  4.42850709e-01
  1.68201849e-01  5.86634517e-01 -1.33998007e-01 -2.39505231e-01
 -6.00530207e-02 -1.72021717e-01 -2.59029299e-01 -4.19188201e-01
  5.92540026e-01 -4.99119222e-01  1.70943439e-01 -3.44966531e-01
 -1.87651977e-01  7.56110847e-01  1.84494276e-02 -1.32108629e-02
 -5.95052466e-02  3.45615625e-01 -3.01172704e-01  6.62847996e-01
  3.64247918e-01  6.27003074e-01  1.45101652e-01  4.62624311e-01
 -1.14073336e-01 -3.32137525e-01  3.58932048e-01  1.94102004e-01
  8.49796683e-02 -3.43214631e-01  4.53867286e-01  3.89586151e-01
  6.67229742e-02  1.20623752e-01 -2.70603985e-01  2.27163449e-01
  1.13812014e-01  1.51693612e-01  4.10889089e-01  1.35777727e-01
  2.02523936e-02  2.24383697e-01 -3.03088665e-01  3.55454385e-02
 -1.58732235e-01 -5.16002417e-01  3.77168596e-01  1.29737228e-01
  7.77284861e-01 -3.66578288e-02 -2.61188269e-01 -1.23631619e-01
 -5.13213873e-01  1.70539811e-01  1.74008161e-02  3.70736420e-01
  4.56324667e-01  1.62856147e-01 -1.11642033e-01  9.56767052e-02
 -1.92905162e-02  3.44975829e-01  4.00333405e-01 -6.94940805e-01
 -2.75600433e-01  2.02198997e-01  1.37212574e-01 -2.13618129e-01
  3.50191504e-01  4.66799080e-01  3.65966372e-02 -6.70683146e-01
 -2.83549298e-02  2.13585138e-01 -1.90956563e-01 -2.38711648e-02
  5.53976417e-01  9.50358137e-02 -4.05080497e-01 -4.01607126e-01
 -1.80432171e-01 -4.13534492e-01  3.12788822e-02 -7.74021029e-01
 -1.33451179e-01 -1.44193649e-01 -1.23055346e-01  4.89797324e-01
  6.75720572e-01 -2.64782608e-01 -1.07567139e-01  3.63957763e-01
  1.24347366e-01 -3.40770185e-01 -2.13301599e-01  2.42104992e-01
  1.12090148e-01 -7.88217634e-02  7.01323450e-01  9.39735770e-02
  8.72932374e-02 -2.22011074e-01 -8.72299790e-01 -1.47304488e-02
 -3.31273019e-01 -6.71504796e-01  3.99886400e-01  4.08091903e-01
 -3.14026028e-02 -3.80787462e-01  3.78406078e-01 -2.50835747e-01
 -3.21762450e-02  1.28281906e-01  2.92781174e-01 -1.93143263e-01
 -6.32037699e-01  4.11850065e-01 -5.57355404e-01 -3.57634604e-01
  5.55591941e-01 -1.08105494e-02 -5.60555041e-01 -3.96264046e-01
  8.51229191e-01 -2.70731390e-01 -6.96613312e-01  8.28655660e-02
 -3.44545245e-01  4.07533616e-01  2.90771037e-01  2.49748215e-01
  2.22741384e-02  1.67773202e-01 -4.13716972e-01  4.47412133e-02
  4.01618212e-01  4.78118300e-01  4.18568462e-01  2.43107617e-01
 -2.99902231e-01 -5.38670003e-01 -3.86130273e-01  4.34720397e-01
  4.65777159e-01  4.29787487e-01 -1.84280694e-01  6.43347383e-01
  2.81921268e-01 -5.11567950e-01 -1.57107376e-02  9.06101286e-01
  3.94504458e-01  4.95516092e-01 -2.70964503e-01 -2.35544682e-01
 -6.77909255e-01 -2.07214743e-01  5.64181805e-02  2.72577941e-01
 -3.11586056e-02  1.17610559e-01  1.47219732e-01 -4.70565617e-01
 -9.60212871e-02  4.89034317e-02 -1.84012190e-01 -1.39017120e-01
  2.96243250e-01 -2.82449305e-01  2.17589498e-01  7.27496445e-02
 -3.00563395e-01 -9.62504372e-02 -3.84004265e-02  1.65501267e-01
  6.09464169e-01  6.90211356e-02  6.84956908e-02  2.57181767e-02
 -1.05873454e+00  1.50069386e-01 -2.81789958e-01  1.27591118e-01
  5.40462792e-01 -5.19490123e-01 -4.47396100e-01  3.28666627e-01
  4.84655917e-01  2.46924520e-01 -2.34570742e-01 -9.53014135e-01
  2.12274939e-01 -7.93172978e-03 -2.14523584e-01 -1.39891073e-01
 -1.83867276e-01  2.31527716e-01  1.12296110e-02 -3.76588106e-01
 -3.46077308e-02  5.06906986e-01  1.98409140e-01 -1.76820587e-02
  8.04087520e-02  8.29249993e-02  1.03489473e-01  1.47649035e-01
  5.31235849e-03 -3.20765376e-01  1.42327055e-01  8.27370510e-02
 -4.85530347e-01  1.02021545e-01  3.94010730e-02  1.46850213e-01
  4.40492108e-03  8.56601226e-04 -1.01568267e-01 -4.67095703e-01
  2.22158104e-01  2.19469205e-01 -6.90754354e-01 -3.25084180e-01
  1.75471187e-01  2.45635673e-01 -2.81841874e-01 -1.99431896e-01
 -2.95501709e-01 -3.78937423e-01  2.64950059e-02  4.40769821e-01
 -2.68136352e-01 -6.74465597e-01  1.90524459e-01  2.44256258e-01
 -3.99234086e-01 -1.16663790e+00  1.87954620e-01  1.05167136e-01
  5.22831798e-01 -1.77811161e-01  2.21223980e-01 -2.71224976e-02
  7.88793117e-02 -3.33588451e-01 -2.63842225e-01  3.19792092e-01
 -1.03468761e+01 -2.44539261e-01 -2.15268224e-01 -7.26662159e-01
 -3.72948140e-01  7.42654920e-01  1.01515412e+00  1.85297400e-01
  1.04285493e-01  4.49742705e-01 -6.86010361e-01 -1.76623046e-01
  5.95116198e-01  4.10606623e-01 -2.66310662e-01 -1.01680264e-01
 -3.46687040e-03 -6.64215028e-01  1.79550588e-01  4.61170301e-02
 -1.88490003e-01 -9.31667686e-02  1.00897396e+00  1.81435645e-01
  3.41640562e-01 -6.26424134e-01 -2.70807922e-01  4.26549651e-02
 -2.10851789e-01  6.42809391e-01 -3.69195491e-01  3.57716084e-01
  1.49220973e-01  3.23194772e-01 -3.28726530e-01 -5.56796134e-01
  1.71622813e-01  5.96134722e-01 -3.42921078e-01  4.70570117e-01
  2.97382116e-01  4.09452707e-01  4.12468433e-01 -1.97123662e-01
  3.92018735e-01  7.91536987e-01  2.63753712e-01 -7.32133836e-02
  6.74169123e-01  3.25515978e-02  3.36727239e-02 -3.71825665e-01
  1.80881843e-01 -2.63271689e-01 -1.67755708e-01 -2.32821226e-01
  8.39209139e-01 -6.22108221e-01  6.51988238e-02 -1.92218482e-01
  4.24268603e-01  8.56949948e-03  1.35705626e+00  3.05712700e-01
 -6.72394693e-01  6.03219261e-04  2.60016322e-01  2.27366894e-01
 -6.50889337e-01 -2.39238963e-01  7.52511024e-01 -2.99976945e-01
  7.02338964e-02  1.67935565e-01 -1.01139769e-01  2.99135953e-01
 -4.40396965e-01 -2.15764001e-01  1.89010039e-01  5.47618605e-02
  5.51583588e-01  2.27158129e-01 -1.57137647e-01  2.88989335e-01
 -1.04259169e+00 -1.08805984e-01  5.49033701e-01 -5.28628528e-02
  7.63008773e-01 -4.41817701e-01  4.52982783e-01  1.56099781e-01
 -1.35963276e-01  4.00149263e-02  2.36584485e-01  1.64650276e-01
  7.44567156e-01  7.71074891e-02  3.30137402e-01 -1.20960325e-01]"
ル,"[ 3.26731980e-01  5.04282534e-01  3.89179349e-01 -6.44690990e-01
  2.49296710e-01  3.91729325e-01  4.88504976e-01  3.53201479e-02
 -2.95425534e-01 -2.60005653e-01  4.70541805e-01 -4.22743052e-01
 -4.30875629e-01  1.58937618e-01  3.83313179e-01 -1.55522630e-01
  6.77125931e-01 -7.02978345e-03 -3.24126095e-01 -3.54961693e-01
 -2.78582033e-02 -4.65597063e-01 -2.77583808e-01  5.84897041e-01
  1.18650407e-01 -6.84032440e-02 -2.16254413e-01  2.65272781e-02
 -2.16688067e-01 -4.53442544e-01 -5.38806081e-01 -4.36871827e-01
 -2.40657032e-01 -6.48179501e-02  2.76409239e-01  5.43523505e-02
 -4.16244775e-01 -1.36538610e-01 -1.51278049e-01 -1.80158168e-01
  6.98311999e-03 -1.98959589e-01 -3.20480049e-01  2.30019782e-02
 -4.74046826e-01  6.39370739e-01 -7.36668287e-03  4.13685113e-01
  4.35360938e-01 -4.21324015e-01 -3.09435934e-01  2.89673388e-01
  3.11005741e-01  3.82635742e-02  4.44521338e-01  2.00360104e-01
  6.65897667e-01 -4.73690152e-01 -2.46517584e-01  2.81183064e-01
 -5.47289431e-01 -2.53186245e-02  5.46053588e-01  3.49573404e-01
  4.61798608e-02 -2.74075150e-01 -2.95972794e-01  2.03966543e-01
 -4.29575682e-01 -1.77129269e-01 -2.26788148e-02  1.84225187e-01
 -1.28756925e-01  1.75223455e-01  1.07239306e+00 -7.10352510e-02
  3.61193985e-01 -1.05660848e-01  2.93012232e-01 -4.51143116e-01
 -1.16987072e-01  2.36134738e-01 -1.73182756e-01 -7.00093269e-01
  2.41694450e-01  4.53051686e-01 -1.84717372e-01 -9.32751536e-01
  1.68312564e-01 -2.97227770e-01  1.01908028e-01  1.78527460e-01
  3.18895251e-01 -1.51043445e-01  2.09509894e-01 -5.62417090e-01
  7.18266591e-02  1.15675360e-01 -1.97896408e-03  1.87925398e-01
  1.07605658e-01  3.65924351e-02  7.73095712e-02 -2.18037307e-01
 -3.06402057e-01 -4.19833474e-02 -5.43883815e-02  9.71352980e-02
 -1.50516331e-01  2.13559851e-01 -1.77606031e-01 -5.53326070e-01
 -3.11462015e-01  1.91556349e-01 -1.11410566e-01  3.97476219e-02
  1.84190124e-01  5.03532946e-01 -3.44909765e-02  6.82116389e-01
  1.47258312e-01  3.25034231e-01  9.81586426e-02 -3.29672366e-01
  7.27170557e-02 -6.20832108e-02  1.22826189e-01  1.79835707e-01
 -2.77418017e-01 -7.47166798e-02 -3.98416430e-01  2.52069324e-01
 -2.92137146e-01 -3.76550853e-01 -6.78034067e-01  6.24375165e-01
 -1.83859810e-01 -1.40309468e-01 -6.80529773e-01  7.87205936e-04
 -3.26239914e-01  4.35296535e-01  2.22362638e-01 -3.20366889e-01
  3.12910974e-01 -3.46749127e-02 -3.26274604e-01 -4.34896141e-01
  1.46123156e-01  3.25375021e-01 -1.08778857e-01  1.30504179e+00
 -8.49389851e-01 -3.52116898e-02 -6.78188950e-02  2.58787692e-01
 -2.11090147e-01 -1.31479591e-01  2.12694481e-01  4.04540539e-01
  4.58943844e-01 -4.96835500e-01  4.67124373e-01  7.62880802e-01
  1.03759758e-01  5.10176539e-01  4.03096735e-01  2.91370243e-01
  3.24705869e-01  1.11068213e+00  4.40338820e-01  3.14902782e-01
 -1.74683452e-01 -4.14885819e-01  2.98893899e-01  3.91862303e-01
  2.47819304e-01  7.48790354e-02  3.69910508e-01 -6.06402218e-01
 -1.21668041e-01  2.07931712e-01 -2.40776300e-01 -2.15098426e-01
 -1.99975483e-02 -2.36678198e-01 -2.01144293e-01 -4.58506823e-01
 -4.12447035e-01 -3.69753391e-02  1.03545308e-01 -2.10558653e-01
  2.10895911e-01 -5.58884382e-01 -1.53098851e-01 -9.27405804e-03
 -3.15667450e-01  1.64822564e-02 -4.31600749e-01  1.98772684e-01
 -1.61918640e-01 -6.56105531e-03  1.62639886e-01 -6.17322028e-01
 -7.65494883e-01 -1.58118457e-02  4.28459227e-01  5.02427697e-01
  3.07586730e-01  4.95009542e-01 -3.03695500e-01 -5.41406171e-03
  4.75791730e-02  1.15872234e-01  1.02787532e-01  3.56453329e-01
 -7.48949885e-01 -4.54489857e-01  6.12788349e-02 -3.92130822e-01
  7.04927385e-01  2.11727977e-01  4.78976309e-01  7.47089386e-02
 -3.11096638e-01  8.81793275e-02 -7.90814012e-02 -4.82506961e-01
  3.20451148e-02  1.15174808e-01 -2.79118031e-01 -1.34067371e-01
 -1.16651750e+00 -3.76560003e-01 -4.25942421e-01  1.87160313e-01
  1.21384233e-01  6.42677188e-01 -1.29195079e-01  5.15407741e-01
  2.10941702e-01 -3.01067352e-01  3.36712182e-01 -7.37029463e-02
 -2.21858900e-02  5.71483336e-02  1.76641405e-01 -3.18243876e-02
 -8.35957155e-02 -4.69673099e-03 -4.82933223e-01 -2.98676103e-01
  1.20417759e-01 -9.69076529e-02  4.43001330e-01  4.86051500e-01
 -4.61407052e-03 -1.71165824e-01  1.25350384e-02 -3.14975202e-01
 -4.68966335e-01 -5.81907511e-01  2.40920403e-04  1.06020242e-01
  6.16700090e-02  1.22737974e-01  2.09246859e-01 -7.46785343e-01
 -3.34490001e-01 -5.02078831e-01  2.29773536e-01 -1.82843193e-01
 -1.58152208e-01 -1.38256559e-02 -6.24823213e-01  3.94642390e-02
  3.44801806e-02  2.15177715e-01 -5.91843367e-01  3.02089006e-01
 -3.63323808e-01  1.19116858e-01 -4.95065391e-01  1.32317036e-01
 -6.89977929e-02 -3.02150905e-01 -4.40863311e-01 -1.59070492e-01
 -4.24963385e-01  2.70467341e-01  2.07506604e-02 -6.47590101e-01
  1.80557817e-01  3.03932071e-01 -2.25398645e-01  1.78431511e-01
 -5.68857836e-03  8.43304694e-02 -2.87452161e-01  1.65928215e-01
  2.62398094e-01  2.79276460e-01  2.43692741e-01 -1.09226018e-01
 -2.07837790e-01 -3.58530879e-01 -1.48477241e-01 -1.49576619e-01
  5.84490478e-01 -9.98776495e-01 -2.21470594e-01  1.24797356e+00
 -7.75828183e-01  6.65553957e-02  4.56156814e-03  8.13340425e-01
 -1.76107228e+00 -1.87327757e-01  2.81074680e-02 -9.07032415e-02
 -3.17724645e-01  1.00657308e+00  1.29056275e-01  1.61709815e-01
 -1.40919134e-01 -2.12608725e-01  5.71361005e-01  3.17417651e-01
 -4.54732984e-01 -3.35984677e-01 -2.14182632e-03 -8.30781087e-02
  3.13399404e-01 -8.41548622e-01  2.69359827e-01  4.74840879e-01
 -1.11340635e-01 -5.63197769e-02  1.99777588e-01 -3.22866291e-01
 -7.41044134e-02  1.75583228e-01  1.07726507e-01  2.82374442e-01
 -4.98763025e-01 -1.88886821e-01  4.28303659e-01  8.30787838e-01
  7.46820629e-01  7.61715949e-01 -2.23476112e-01  5.43698855e-02
  6.19472980e-01  3.15236866e-01  6.47981584e-01 -3.52014393e-01
  5.84369642e-04 -2.89363146e-01  5.85779607e-01  8.54745060e-02
 -1.18804038e-01  4.10134226e-01  5.22956550e-01  2.93756753e-01
 -1.00960694e-01  7.68756494e-02  9.07449305e-01  3.31106216e-01
  2.55146861e-01  2.69178182e-01  1.54338881e-01  2.70305485e-01
  1.07563093e-01 -3.36244673e-01  1.27017170e-01 -3.42480123e-01
 -2.44117584e-02 -1.97265327e-01 -2.00936809e-01 -2.87086606e-01
 -6.07854664e-01 -7.19562694e-02  8.95940661e-02 -7.98127890e-01
 -1.07164662e-02 -4.85267282e-01 -6.45511150e-01 -2.48662785e-01
 -1.73156336e-01 -7.42214918e-01  1.06880695e-01  7.67558157e-01
  3.43075633e-01 -4.88770276e-01 -2.02839851e-01  1.15026280e-01
 -2.65461206e-01 -7.78926164e-02 -1.30000859e-01  1.26661062e-01
 -2.74705529e-01  2.50622928e-01 -4.73668635e-01 -4.54752117e-01
 -6.35390699e-01 -2.73943633e-01 -7.01945782e-01 -4.65927497e-02
  1.59214623e-02  5.70800126e-01 -1.23602904e-01 -1.02641933e-01
 -1.21359482e-01 -3.89390618e-01 -2.69768000e-01 -3.76918197e-01
 -5.60970843e-01  7.75345340e-02  4.28967416e-01  5.75431287e-01
  4.96806800e-01  5.13799250e-01  1.43753052e-01  2.25522980e-01
 -2.15361506e-01  1.00604624e-01 -2.55102217e-01 -5.03013253e-01
  5.30081213e-01 -4.44314815e-02  3.15746456e-01  1.19612217e-01
 -1.53319463e-01  6.16995990e-01  1.20029688e-01 -4.37794000e-01
  1.47731798e-02  5.54076314e-01 -2.37557337e-01  3.86717319e-01
  7.38726258e-02  9.26848650e-01  7.52368420e-02  4.00617838e-01
  7.21965283e-02 -3.29750955e-01  2.45472670e-01 -9.69294235e-02
 -3.82626534e-01 -9.27560925e-02 -9.97589827e-02  5.40426075e-01
  5.49117684e-01 -3.90110910e-02  2.24794716e-01  4.48674202e-01
 -3.62216264e-01  1.87327340e-02  1.12216182e-01  1.53111413e-01
 -3.65989864e-01 -4.39011931e-01 -2.14492276e-01  1.19626202e-01
 -8.90956163e-01 -2.09301546e-01  2.32225031e-01 -4.00293479e-03
  9.86885354e-02  8.67124181e-03 -4.35936451e-01 -3.38632613e-01
 -8.25143337e-01  9.96816084e-02  1.34079263e-01  4.72513020e-01
  3.63602966e-01 -5.16992986e-01 -7.28855729e-01  5.99242210e-01
 -3.29913199e-01  4.72833067e-01 -7.62687996e-02 -3.50804329e-01
 -6.30442798e-01  7.65364528e-01  2.29078755e-02  1.17864847e-01
  3.79287809e-01  3.15160036e-01 -1.22710854e-01 -4.62264746e-01
 -1.61994949e-01 -2.01996639e-01  1.03732049e-01 -1.36164680e-01
  4.49477643e-01  2.58580923e-01 -7.05640733e-01 -7.67430842e-01
 -2.51359105e-01 -2.87411898e-01  4.96895015e-01 -5.69702923e-01
  3.39332640e-01 -3.40686440e-01  3.86174977e-01  2.85663277e-01
  5.92697859e-01 -1.45018309e-01  2.67183512e-01  6.66715324e-01
  7.24128783e-01 -1.69776753e-01 -5.23705743e-02 -1.09975494e-01
 -1.14843168e-03 -1.35756448e-01  6.04691923e-01 -7.98500702e-02
 -8.44370946e-03 -1.23809107e-01 -8.37506652e-01  1.67759806e-01
 -8.95283818e-02 -8.03762794e-01  7.50009000e-01  4.31007385e-01
  4.56083044e-02 -3.19111586e-01 -9.79274064e-02 -8.49491179e-01
  2.52288491e-01  2.02894151e-01  8.11270252e-02  4.39445451e-02
 -6.02434278e-01  2.18413293e-01 -1.97679326e-01 -5.51453829e-01
  3.23571771e-01  3.73921216e-01 -4.45165157e-01 -1.25371009e-01
  2.83009410e-01  3.40264052e-01 -2.05664054e-01 -8.01890865e-02
 -3.71901929e-01 -5.33611663e-02  5.24002194e-01  1.52753934e-01
  4.56986696e-01  7.08453894e-01  3.94307859e-02 -6.13542423e-02
  3.60617101e-01  4.17036146e-01  1.63205743e-01 -1.81056976e-01
  1.01268351e-01 -1.80243641e-01 -6.11877024e-01  1.87917858e-01
  2.43623063e-01  2.82931179e-01 -3.07197813e-02  2.52350539e-01
  7.46279597e-01 -4.73818064e-01  3.79580744e-02  4.38026428e-01
  2.01602429e-01  8.64109397e-01 -3.40107918e-01  6.31332844e-02
 -5.16186953e-01  1.04140639e-01  4.28745635e-02 -1.05449751e-01
  1.41892672e-01 -3.21596153e-02 -3.34140986e-01 -5.86612940e-01
 -3.87395136e-02  4.33665723e-01  1.06825523e-01  8.30003500e-01
  3.17549199e-01 -3.69650096e-01  6.41142607e-01  1.25122562e-01
 -2.38680214e-01 -1.70319840e-01 -1.42622992e-01  1.36037037e-01
  5.61989307e-01  2.19284013e-01  6.94448113e-01 -5.88265836e-01
 -1.00262153e+00  6.99255476e-03 -2.11623237e-01 -1.05338179e-01
  3.48731101e-01 -7.12588489e-01 -1.82200864e-01  3.16459328e-01
 -2.10497499e-01 -2.97002673e-01 -6.77070469e-02 -8.75630915e-01
  1.94796592e-01  2.42244899e-01 -4.07337844e-01 -2.27887943e-01
 -1.37156278e-01  3.72903258e-01 -2.37816684e-02 -2.34828755e-01
  5.00561148e-02  7.95535326e-01 -1.88681930e-01 -4.64284658e-01
  1.19184077e-01  1.42799675e-01  1.30125031e-01  1.00260429e-01
  5.97211942e-02 -6.83070719e-01 -7.00760335e-02 -1.74153373e-01
 -3.72475475e-01 -2.52495259e-02  2.46388674e-01  1.75175875e-01
  2.67403245e-01 -2.06541583e-01 -3.54124516e-01 -2.58650392e-01
 -1.41538203e-01  1.05711669e-01 -5.51557899e-01 -8.18513483e-02
 -1.27420858e-01  6.78899288e-02 -1.41771371e-02  4.27816957e-02
 -6.44277856e-02 -1.67994857e-01 -6.30561054e-01  1.86222821e-01
 -9.47966337e-01 -2.20795214e-01  4.35502350e-01  4.18233089e-02
 -1.43624380e-01 -9.44079041e-01  3.09557438e-01  7.53363743e-02
  4.85951990e-01 -5.91470525e-02  3.89547348e-01 -1.72202796e-01
  4.49586958e-01  2.30775788e-01 -4.45411086e-01  3.09958100e-01
 -1.02713470e+01 -2.25437328e-01 -6.12452269e-01 -3.55642647e-01
  2.08431840e-01  1.76503211e-01  7.55967200e-01  9.92186889e-02
 -4.08505827e-01  5.34823798e-02  3.39387983e-01  7.45455146e-01
  5.64127982e-01  7.99053967e-01 -8.18601966e-01 -2.13489965e-01
 -3.58358473e-01 -2.59496242e-01 -3.55873592e-02 -2.03153551e-01
  2.09404945e-01 -4.16488856e-01  7.31255949e-01  6.76677287e-01
 -4.95485336e-01 -2.23701343e-01 -4.97884452e-01  3.29694927e-01
  5.86513728e-02  7.14083314e-01 -4.45494801e-01  6.51287377e-01
  1.33997332e-02  4.29356217e-01 -8.11167434e-02 -9.07572806e-02
 -1.36388451e-01  5.62977493e-01 -3.57127666e-01  6.43925667e-01
  1.60020962e-01  7.59001911e-01 -2.79123455e-01 -3.06198537e-01
  8.05494040e-02  4.45749491e-01  5.08605242e-01  4.72374022e-01
  6.94038093e-01  2.74019003e-01  1.00266553e-01 -1.79366201e-01
 -2.12832317e-01  7.30151162e-02  1.17137298e-01  1.13979690e-01
  9.57579255e-01  2.90617011e-02  2.05064937e-01  3.39548945e-01
  6.47335231e-01 -3.66952807e-01  3.31816733e-01  7.13600338e-01
 -1.39136806e-01  3.32276076e-02  2.18623295e-01  4.46426362e-01
 -3.21142465e-01 -1.14004754e-01  1.89930186e-01  5.19982874e-01
 -2.16761842e-01  2.22857893e-01 -6.12332702e-01  2.95493633e-01
  2.84136031e-02 -1.34325758e-01  5.20612411e-02  6.00141943e-01
  4.46128637e-01 -2.19194472e-01 -2.63187647e-01  2.70068914e-01
 -6.66370273e-01 -1.92106128e-01 -1.09655857e-01  1.40185669e-01
  4.27181572e-01 -6.18910193e-01  3.42524678e-01  1.05557755e-01
 -4.60060924e-01  1.79553807e-01  6.91560030e-01 -3.03360015e-01
  1.34927630e-01  1.07174411e-01  1.36668816e-01  2.11488659e-04]"
