Mora,MFeature_0,MFeature_1,MFeature_2,MFeature_3,MFeature_4,MFeature_5,MFeature_6,MFeature_7,MFeature_8,MFeature_9,MFeature_10,MFeature_11,MFeature_12,MFeature_13,MFeature_14,MFeature_15,MFeature_16,MFeature_17,MFeature_18,MFeature_19,MFeature_20,MFeature_21,MFeature_22,MFeature_23,MFeature_24,MFeature_25,MFeature_26,MFeature_27,MFeature_28,MFeature_29,MFeature_30,MFeature_31,MFeature_32,MFeature_33,MFeature_34,MFeature_35,MFeature_36,MFeature_37,MFeature_38,MFeature_39,MFeature_40,MFeature_41,MFeature_42,MFeature_43,MFeature_44,MFeature_45,MFeature_46,MFeature_47,MFeature_48,MFeature_49,MFeature_50,MFeature_51,MFeature_52,MFeature_53,MFeature_54,MFeature_55,MFeature_56,MFeature_57,MFeature_58,MFeature_59,MFeature_60,MFeature_61,MFeature_62,MFeature_63,MFeature_64,MFeature_65,MFeature_66,MFeature_67,MFeature_68,MFeature_69,MFeature_70,MFeature_71,MFeature_72,MFeature_73,MFeature_74,MFeature_75,MFeature_76,MFeature_77,MFeature_78,MFeature_79,MFeature_80,MFeature_81,MFeature_82,MFeature_83,MFeature_84,MFeature_85,MFeature_86,MFeature_87,MFeature_88,MFeature_89,MFeature_90,MFeature_91,MFeature_92,MFeature_93,MFeature_94,MFeature_95,MFeature_96,MFeature_97,MFeature_98,MFeature_99,MFeature_100,MFeature_101,MFeature_102,MFeature_103,MFeature_104,MFeature_105,MFeature_106,MFeature_107,MFeature_108,MFeature_109,MFeature_110,MFeature_111,MFeature_112,MFeature_113,MFeature_114,MFeature_115,MFeature_116,MFeature_117,MFeature_118,MFeature_119,MFeature_120,MFeature_121,MFeature_122,MFeature_123,MFeature_124,MFeature_125,MFeature_126,MFeature_127,MFeature_128,MFeature_129,MFeature_130,MFeature_131,MFeature_132,MFeature_133,MFeature_134,MFeature_135,MFeature_136,MFeature_137,MFeature_138,MFeature_139,MFeature_140,MFeature_141,MFeature_142,MFeature_143,MFeature_144,MFeature_145,MFeature_146,MFeature_147,MFeature_148,MFeature_149,MFeature_150,MFeature_151,MFeature_152,MFeature_153,MFeature_154,MFeature_155,MFeature_156,MFeature_157,MFeature_158,MFeature_159,MFeature_160,MFeature_161,MFeature_162,MFeature_163,MFeature_164,MFeature_165,MFeature_166,MFeature_167,MFeature_168,MFeature_169,MFeature_170,MFeature_171,MFeature_172,MFeature_173,MFeature_174,MFeature_175,MFeature_176,MFeature_177,MFeature_178,MFeature_179,MFeature_180,MFeature_181,MFeature_182,MFeature_183,MFeature_184,MFeature_185,MFeature_186,MFeature_187,MFeature_188,MFeature_189,MFeature_190,MFeature_191,MFeature_192,MFeature_193,MFeature_194,MFeature_195,MFeature_196,MFeature_197,MFeature_198,MFeature_199,MFeature_200,MFeature_201,MFeature_202,MFeature_203,MFeature_204,MFeature_205,MFeature_206,MFeature_207,MFeature_208,MFeature_209,MFeature_210,MFeature_211,MFeature_212,MFeature_213,MFeature_214,MFeature_215,MFeature_216,MFeature_217,MFeature_218,MFeature_219,MFeature_220,MFeature_221,MFeature_222,MFeature_223,MFeature_224,MFeature_225,MFeature_226,MFeature_227,MFeature_228,MFeature_229,MFeature_230,MFeature_231,MFeature_232,MFeature_233,MFeature_234,MFeature_235,MFeature_236,MFeature_237,MFeature_238,MFeature_239,MFeature_240,MFeature_241,MFeature_242,MFeature_243,MFeature_244,MFeature_245,MFeature_246,MFeature_247,MFeature_248,MFeature_249,MFeature_250,MFeature_251,MFeature_252,MFeature_253,MFeature_254,MFeature_255,MFeature_256,MFeature_257,MFeature_258,MFeature_259,MFeature_260,MFeature_261,MFeature_262,MFeature_263,MFeature_264,MFeature_265,MFeature_266,MFeature_267,MFeature_268,MFeature_269,MFeature_270,MFeature_271,MFeature_272,MFeature_273,MFeature_274,MFeature_275,MFeature_276,MFeature_277,MFeature_278,MFeature_279,MFeature_280,MFeature_281,MFeature_282,MFeature_283,MFeature_284,MFeature_285,MFeature_286,MFeature_287,MFeature_288,MFeature_289,MFeature_290,MFeature_291,MFeature_292,MFeature_293,MFeature_294,MFeature_295,MFeature_296,MFeature_297,MFeature_298,MFeature_299,MFeature_300,MFeature_301,MFeature_302,MFeature_303,MFeature_304,MFeature_305,MFeature_306,MFeature_307,MFeature_308,MFeature_309,MFeature_310,MFeature_311,MFeature_312,MFeature_313,MFeature_314,MFeature_315,MFeature_316,MFeature_317,MFeature_318,MFeature_319,MFeature_320,MFeature_321,MFeature_322,MFeature_323,MFeature_324,MFeature_325,MFeature_326,MFeature_327,MFeature_328,MFeature_329,MFeature_330,MFeature_331,MFeature_332,MFeature_333,MFeature_334,MFeature_335,MFeature_336,MFeature_337,MFeature_338,MFeature_339,MFeature_340,MFeature_341,MFeature_342,MFeature_343,MFeature_344,MFeature_345,MFeature_346,MFeature_347,MFeature_348,MFeature_349,MFeature_350,MFeature_351,MFeature_352,MFeature_353,MFeature_354,MFeature_355,MFeature_356,MFeature_357,MFeature_358,MFeature_359,MFeature_360,MFeature_361,MFeature_362,MFeature_363,MFeature_364,MFeature_365,MFeature_366,MFeature_367,MFeature_368,MFeature_369,MFeature_370,MFeature_371,MFeature_372,MFeature_373,MFeature_374,MFeature_375,MFeature_376,MFeature_377,MFeature_378,MFeature_379,MFeature_380,MFeature_381,MFeature_382,MFeature_383,MFeature_384,MFeature_385,MFeature_386,MFeature_387,MFeature_388,MFeature_389,MFeature_390,MFeature_391,MFeature_392,MFeature_393,MFeature_394,MFeature_395,MFeature_396,MFeature_397,MFeature_398,MFeature_399,MFeature_400,MFeature_401,MFeature_402,MFeature_403,MFeature_404,MFeature_405,MFeature_406,MFeature_407,MFeature_408,MFeature_409,MFeature_410,MFeature_411,MFeature_412,MFeature_413,MFeature_414,MFeature_415,MFeature_416,MFeature_417,MFeature_418,MFeature_419,MFeature_420,MFeature_421,MFeature_422,MFeature_423,MFeature_424,MFeature_425,MFeature_426,MFeature_427,MFeature_428,MFeature_429,MFeature_430,MFeature_431,MFeature_432,MFeature_433,MFeature_434,MFeature_435,MFeature_436,MFeature_437,MFeature_438,MFeature_439,MFeature_440,MFeature_441,MFeature_442,MFeature_443,MFeature_444,MFeature_445,MFeature_446,MFeature_447,MFeature_448,MFeature_449,MFeature_450,MFeature_451,MFeature_452,MFeature_453,MFeature_454,MFeature_455,MFeature_456,MFeature_457,MFeature_458,MFeature_459,MFeature_460,MFeature_461,MFeature_462,MFeature_463,MFeature_464,MFeature_465,MFeature_466,MFeature_467,MFeature_468,MFeature_469,MFeature_470,MFeature_471,MFeature_472,MFeature_473,MFeature_474,MFeature_475,MFeature_476,MFeature_477,MFeature_478,MFeature_479,MFeature_480,MFeature_481,MFeature_482,MFeature_483,MFeature_484,MFeature_485,MFeature_486,MFeature_487,MFeature_488,MFeature_489,MFeature_490,MFeature_491,MFeature_492,MFeature_493,MFeature_494,MFeature_495,MFeature_496,MFeature_497,MFeature_498,MFeature_499,MFeature_500,MFeature_501,MFeature_502,MFeature_503,MFeature_504,MFeature_505,MFeature_506,MFeature_507,MFeature_508,MFeature_509,MFeature_510,MFeature_511,MFeature_512,MFeature_513,MFeature_514,MFeature_515,MFeature_516,MFeature_517,MFeature_518,MFeature_519,MFeature_520,MFeature_521,MFeature_522,MFeature_523,MFeature_524,MFeature_525,MFeature_526,MFeature_527,MFeature_528,MFeature_529,MFeature_530,MFeature_531,MFeature_532,MFeature_533,MFeature_534,MFeature_535,MFeature_536,MFeature_537,MFeature_538,MFeature_539,MFeature_540,MFeature_541,MFeature_542,MFeature_543,MFeature_544,MFeature_545,MFeature_546,MFeature_547,MFeature_548,MFeature_549,MFeature_550,MFeature_551,MFeature_552,MFeature_553,MFeature_554,MFeature_555,MFeature_556,MFeature_557,MFeature_558,MFeature_559,MFeature_560,MFeature_561,MFeature_562,MFeature_563,MFeature_564,MFeature_565,MFeature_566,MFeature_567,MFeature_568,MFeature_569,MFeature_570,MFeature_571,MFeature_572,MFeature_573,MFeature_574,MFeature_575,MFeature_576,MFeature_577,MFeature_578,MFeature_579,MFeature_580,MFeature_581,MFeature_582,MFeature_583,MFeature_584,MFeature_585,MFeature_586,MFeature_587,MFeature_588,MFeature_589,MFeature_590,MFeature_591,MFeature_592,MFeature_593,MFeature_594,MFeature_595,MFeature_596,MFeature_597,MFeature_598,MFeature_599,MFeature_600,MFeature_601,MFeature_602,MFeature_603,MFeature_604,MFeature_605,MFeature_606,MFeature_607,MFeature_608,MFeature_609,MFeature_610,MFeature_611,MFeature_612,MFeature_613,MFeature_614,MFeature_615,MFeature_616,MFeature_617,MFeature_618,MFeature_619,MFeature_620,MFeature_621,MFeature_622,MFeature_623,MFeature_624,MFeature_625,MFeature_626,MFeature_627,MFeature_628,MFeature_629,MFeature_630,MFeature_631,MFeature_632,MFeature_633,MFeature_634,MFeature_635,MFeature_636,MFeature_637,MFeature_638,MFeature_639,MFeature_640,MFeature_641,MFeature_642,MFeature_643,MFeature_644,MFeature_645,MFeature_646,MFeature_647,MFeature_648,MFeature_649,MFeature_650,MFeature_651,MFeature_652,MFeature_653,MFeature_654,MFeature_655,MFeature_656,MFeature_657,MFeature_658,MFeature_659,MFeature_660,MFeature_661,MFeature_662,MFeature_663,MFeature_664,MFeature_665,MFeature_666,MFeature_667,MFeature_668,MFeature_669,MFeature_670,MFeature_671,MFeature_672,MFeature_673,MFeature_674,MFeature_675,MFeature_676,MFeature_677,MFeature_678,MFeature_679,MFeature_680,MFeature_681,MFeature_682,MFeature_683,MFeature_684,MFeature_685,MFeature_686,MFeature_687,MFeature_688,MFeature_689,MFeature_690,MFeature_691,MFeature_692,MFeature_693,MFeature_694,MFeature_695,MFeature_696,MFeature_697,MFeature_698,MFeature_699,MFeature_700,MFeature_701,MFeature_702,MFeature_703,MFeature_704,MFeature_705,MFeature_706,MFeature_707,MFeature_708,MFeature_709,MFeature_710,MFeature_711,MFeature_712,MFeature_713,MFeature_714,MFeature_715,MFeature_716,MFeature_717,MFeature_718,MFeature_719,MFeature_720,MFeature_721,MFeature_722,MFeature_723,MFeature_724,MFeature_725,MFeature_726,MFeature_727,MFeature_728,MFeature_729,MFeature_730,MFeature_731,MFeature_732,MFeature_733,MFeature_734,MFeature_735,MFeature_736,MFeature_737,MFeature_738,MFeature_739,MFeature_740,MFeature_741,MFeature_742,MFeature_743,MFeature_744,MFeature_745,MFeature_746,MFeature_747,MFeature_748,MFeature_749,MFeature_750,MFeature_751,MFeature_752,MFeature_753,MFeature_754,MFeature_755,MFeature_756,MFeature_757,MFeature_758,MFeature_759,MFeature_760,MFeature_761,MFeature_762,MFeature_763,MFeature_764,MFeature_765,MFeature_766,MFeature_767,Feature_0,Feature_1,Feature_2,Feature_3,Feature_4,Feature_5,Feature_6,Feature_7,Feature_8,Feature_9,Feature_10,Feature_11,Feature_12,Feature_13,Feature_14,Feature_15,Feature_16,Feature_17,Feature_18,Feature_19,Feature_20,Feature_21,Feature_22,Feature_23,Feature_24,Feature_25,Feature_26,Feature_27,Feature_28,Feature_29,Feature_30,Feature_31,Feature_32,Feature_33,Feature_34,Feature_35,Feature_36,Feature_37,Feature_38,Feature_39,Feature_40,Feature_41,Feature_42,Feature_43,Feature_44,Feature_45,Feature_46,Feature_47,Feature_48,Feature_49,Feature_50,Feature_51,Feature_52,Feature_53,Feature_54,Feature_55,Feature_56,Feature_57,Feature_58,Feature_59,Feature_60,Feature_61,Feature_62,Feature_63,Feature_64,Feature_65,Feature_66,Feature_67,Feature_68,Feature_69,Feature_70,Feature_71,Feature_72,Feature_73,Feature_74,Feature_75,Feature_76,Feature_77,Feature_78,Feature_79,Feature_80,Feature_81,Feature_82,Feature_83,Feature_84,Feature_85,Feature_86,Feature_87,Feature_88,Feature_89,Feature_90,Feature_91,Feature_92,Feature_93,Feature_94,Feature_95,Feature_96,Feature_97,Feature_98,Feature_99,Feature_100,Feature_101,Feature_102,Feature_103,Feature_104,Feature_105,Feature_106,Feature_107,Feature_108,Feature_109,Feature_110,Feature_111,Feature_112,Feature_113,Feature_114,Feature_115,Feature_116,Feature_117,Feature_118,Feature_119,Feature_120,Feature_121,Feature_122,Feature_123,Feature_124,Feature_125,Feature_126,Feature_127,Feature_128,Feature_129,Feature_130,Feature_131,Feature_132,Feature_133,Feature_134,Feature_135,Feature_136,Feature_137,Feature_138,Feature_139,Feature_140,Feature_141,Feature_142,Feature_143,Feature_144,Feature_145,Feature_146,Feature_147,Feature_148,Feature_149,Feature_150,Feature_151,Feature_152,Feature_153,Feature_154,Feature_155,Feature_156,Feature_157,Feature_158,Feature_159,Feature_160,Feature_161,Feature_162,Feature_163,Feature_164,Feature_165,Feature_166,Feature_167,Feature_168,Feature_169,Feature_170,Feature_171,Feature_172,Feature_173,Feature_174,Feature_175,Feature_176,Feature_177,Feature_178,Feature_179,Feature_180,Feature_181,Feature_182,Feature_183,Feature_184,Feature_185,Feature_186,Feature_187,Feature_188,Feature_189,Feature_190,Feature_191,Feature_192,Feature_193,Feature_194,Feature_195,Feature_196,Feature_197,Feature_198,Feature_199,Feature_200,Feature_201,Feature_202,Feature_203,Feature_204,Feature_205,Feature_206,Feature_207,Feature_208,Feature_209,Feature_210,Feature_211,Feature_212,Feature_213,Feature_214,Feature_215,Feature_216,Feature_217,Feature_218,Feature_219,Feature_220,Feature_221,Feature_222,Feature_223,Feature_224,Feature_225,Feature_226,Feature_227,Feature_228,Feature_229,Feature_230,Feature_231,Feature_232,Feature_233,Feature_234,Feature_235,Feature_236,Feature_237,Feature_238,Feature_239,Feature_240,Feature_241,Feature_242,Feature_243,Feature_244,Feature_245,Feature_246,Feature_247,Feature_248,Feature_249,Feature_250,Feature_251,Feature_252,Feature_253,Feature_254,Feature_255,Feature_256,Feature_257,Feature_258,Feature_259,Feature_260,Feature_261,Feature_262,Feature_263,Feature_264,Feature_265,Feature_266,Feature_267,Feature_268,Feature_269,Feature_270,Feature_271,Feature_272,Feature_273,Feature_274,Feature_275,Feature_276,Feature_277,Feature_278,Feature_279,Feature_280,Feature_281,Feature_282,Feature_283,Feature_284,Feature_285,Feature_286,Feature_287,Feature_288,Feature_289,Feature_290,Feature_291,Feature_292,Feature_293,Feature_294,Feature_295,Feature_296,Feature_297,Feature_298,Feature_299,Feature_300,Feature_301,Feature_302,Feature_303,Feature_304,Feature_305,Feature_306,Feature_307,Feature_308,Feature_309,Feature_310,Feature_311,Feature_312,Feature_313,Feature_314,Feature_315,Feature_316,Feature_317,Feature_318,Feature_319,Feature_320,Feature_321,Feature_322,Feature_323,Feature_324,Feature_325,Feature_326,Feature_327,Feature_328,Feature_329,Feature_330,Feature_331,Feature_332,Feature_333,Feature_334,Feature_335,Feature_336,Feature_337,Feature_338,Feature_339,Feature_340,Feature_341,Feature_342,Feature_343,Feature_344,Feature_345,Feature_346,Feature_347,Feature_348,Feature_349,Feature_350,Feature_351,Feature_352,Feature_353,Feature_354,Feature_355,Feature_356,Feature_357,Feature_358,Feature_359,Feature_360,Feature_361,Feature_362,Feature_363,Feature_364,Feature_365,Feature_366,Feature_367,Feature_368,Feature_369,Feature_370,Feature_371,Feature_372,Feature_373,Feature_374,Feature_375,Feature_376,Feature_377,Feature_378,Feature_379,Feature_380,Feature_381,Feature_382,Feature_383,Feature_384,Feature_385,Feature_386,Feature_387,Feature_388,Feature_389,Feature_390,Feature_391,Feature_392,Feature_393,Feature_394,Feature_395,Feature_396,Feature_397,Feature_398,Feature_399,Feature_400,Feature_401,Feature_402,Feature_403,Feature_404,Feature_405,Feature_406,Feature_407,Feature_408,Feature_409,Feature_410,Feature_411,Feature_412,Feature_413,Feature_414,Feature_415,Feature_416,Feature_417,Feature_418,Feature_419,Feature_420,Feature_421,Feature_422,Feature_423,Feature_424,Feature_425,Feature_426,Feature_427,Feature_428,Feature_429,Feature_430,Feature_431,Feature_432,Feature_433,Feature_434,Feature_435,Feature_436,Feature_437,Feature_438,Feature_439,Feature_440,Feature_441,Feature_442,Feature_443,Feature_444,Feature_445,Feature_446,Feature_447,Feature_448,Feature_449,Feature_450,Feature_451,Feature_452,Feature_453,Feature_454,Feature_455,Feature_456,Feature_457,Feature_458,Feature_459,Feature_460,Feature_461,Feature_462,Feature_463,Feature_464,Feature_465,Feature_466,Feature_467,Feature_468,Feature_469,Feature_470,Feature_471,Feature_472,Feature_473,Feature_474,Feature_475,Feature_476,Feature_477,Feature_478,Feature_479,Feature_480,Feature_481,Feature_482,Feature_483,Feature_484,Feature_485,Feature_486,Feature_487,Feature_488,Feature_489,Feature_490,Feature_491,Feature_492,Feature_493,Feature_494,Feature_495,Feature_496,Feature_497,Feature_498,Feature_499,Feature_500,Feature_501,Feature_502,Feature_503,Feature_504,Feature_505,Feature_506,Feature_507,Feature_508,Feature_509,Feature_510,Feature_511,Feature_512,Feature_513,Feature_514,Feature_515,Feature_516,Feature_517,Feature_518,Feature_519,Feature_520,Feature_521,Feature_522,Feature_523,Feature_524,Feature_525,Feature_526,Feature_527,Feature_528,Feature_529,Feature_530,Feature_531,Feature_532,Feature_533,Feature_534,Feature_535,Feature_536,Feature_537,Feature_538,Feature_539,Feature_540,Feature_541,Feature_542,Feature_543,Feature_544,Feature_545,Feature_546,Feature_547,Feature_548,Feature_549,Feature_550,Feature_551,Feature_552,Feature_553,Feature_554,Feature_555,Feature_556,Feature_557,Feature_558,Feature_559,Feature_560,Feature_561,Feature_562,Feature_563,Feature_564,Feature_565,Feature_566,Feature_567,Feature_568,Feature_569,Feature_570,Feature_571,Feature_572,Feature_573,Feature_574,Feature_575,Feature_576,Feature_577,Feature_578,Feature_579,Feature_580,Feature_581,Feature_582,Feature_583,Feature_584,Feature_585,Feature_586,Feature_587,Feature_588,Feature_589,Feature_590,Feature_591,Feature_592,Feature_593,Feature_594,Feature_595,Feature_596,Feature_597,Feature_598,Feature_599,Feature_600,Feature_601,Feature_602,Feature_603,Feature_604,Feature_605,Feature_606,Feature_607,Feature_608,Feature_609,Feature_610,Feature_611,Feature_612,Feature_613,Feature_614,Feature_615,Feature_616,Feature_617,Feature_618,Feature_619,Feature_620,Feature_621,Feature_622,Feature_623,Feature_624,Feature_625,Feature_626,Feature_627,Feature_628,Feature_629,Feature_630,Feature_631,Feature_632,Feature_633,Feature_634,Feature_635,Feature_636,Feature_637,Feature_638,Feature_639,Feature_640,Feature_641,Feature_642,Feature_643,Feature_644,Feature_645,Feature_646,Feature_647,Feature_648,Feature_649,Feature_650,Feature_651,Feature_652,Feature_653,Feature_654,Feature_655,Feature_656,Feature_657,Feature_658,Feature_659,Feature_660,Feature_661,Feature_662,Feature_663,Feature_664,Feature_665,Feature_666,Feature_667,Feature_668,Feature_669,Feature_670,Feature_671,Feature_672,Feature_673,Feature_674,Feature_675,Feature_676,Feature_677,Feature_678,Feature_679,Feature_680,Feature_681,Feature_682,Feature_683,Feature_684,Feature_685,Feature_686,Feature_687,Feature_688,Feature_689,Feature_690,Feature_691,Feature_692,Feature_693,Feature_694,Feature_695,Feature_696,Feature_697,Feature_698,Feature_699,Feature_700,Feature_701,Feature_702,Feature_703,Feature_704,Feature_705,Feature_706,Feature_707,Feature_708,Feature_709,Feature_710,Feature_711,Feature_712,Feature_713,Feature_714,Feature_715,Feature_716,Feature_717,Feature_718,Feature_719,Feature_720,Feature_721,Feature_722,Feature_723,Feature_724,Feature_725,Feature_726,Feature_727,Feature_728,Feature_729,Feature_730,Feature_731,Feature_732,Feature_733,Feature_734,Feature_735,Feature_736,Feature_737,Feature_738,Feature_739,Feature_740,Feature_741,Feature_742,Feature_743,Feature_744,Feature_745,Feature_746,Feature_747,Feature_748,Feature_749,Feature_750,Feature_751,Feature_752,Feature_753,Feature_754,Feature_755,Feature_756,Feature_757,Feature_758,Feature_759,Feature_760,Feature_761,Feature_762,Feature_763,Feature_764,Feature_765,Feature_766,Feature_767,Feature_0,Feature_1,Feature_2,Feature_3,Feature_4,Feature_5,Feature_6,Feature_7,Feature_8,Feature_9,Feature_10,Feature_11,Feature_12,Feature_13,Feature_14,Feature_15,Feature_16,Feature_17,Feature_18,Feature_19,Feature_20,Feature_21,Feature_22,Feature_23,Feature_24,Feature_25,Feature_26,Feature_27,Feature_28,Feature_29,Feature_30,Feature_31,Feature_32,Feature_33,Feature_34,Feature_35,Feature_36,Feature_37,Feature_38,Feature_39,Feature_40,Feature_41,Feature_42,Feature_43,Feature_44,Feature_45,Feature_46,Feature_47,Feature_48,Feature_49,Feature_50,Feature_51,Feature_52,Feature_53,Feature_54,Feature_55,Feature_56,Feature_57,Feature_58,Feature_59,Feature_60,Feature_61,Feature_62,Feature_63,Feature_64,Feature_65,Feature_66,Feature_67,Feature_68,Feature_69,Feature_70,Feature_71,Feature_72,Feature_73,Feature_74,Feature_75,Feature_76,Feature_77,Feature_78,Feature_79,Feature_80,Feature_81,Feature_82,Feature_83,Feature_84,Feature_85,Feature_86,Feature_87,Feature_88,Feature_89,Feature_90,Feature_91,Feature_92,Feature_93,Feature_94,Feature_95,Feature_96,Feature_97,Feature_98,Feature_99,Feature_100,Feature_101,Feature_102,Feature_103,Feature_104,Feature_105,Feature_106,Feature_107,Feature_108,Feature_109,Feature_110,Feature_111,Feature_112,Feature_113,Feature_114,Feature_115,Feature_116,Feature_117,Feature_118,Feature_119,Feature_120,Feature_121,Feature_122,Feature_123,Feature_124,Feature_125,Feature_126,Feature_127,Feature_128,Feature_129,Feature_130,Feature_131,Feature_132,Feature_133,Feature_134,Feature_135,Feature_136,Feature_137,Feature_138,Feature_139,Feature_140,Feature_141,Feature_142,Feature_143,Feature_144,Feature_145,Feature_146,Feature_147,Feature_148,Feature_149,Feature_150,Feature_151,Feature_152,Feature_153,Feature_154,Feature_155,Feature_156,Feature_157,Feature_158,Feature_159,Feature_160,Feature_161,Feature_162,Feature_163,Feature_164,Feature_165,Feature_166,Feature_167,Feature_168,Feature_169,Feature_170,Feature_171,Feature_172,Feature_173,Feature_174,Feature_175,Feature_176,Feature_177,Feature_178,Feature_179,Feature_180,Feature_181,Feature_182,Feature_183,Feature_184,Feature_185,Feature_186,Feature_187,Feature_188,Feature_189,Feature_190,Feature_191,Feature_192,Feature_193,Feature_194,Feature_195,Feature_196,Feature_197,Feature_198,Feature_199,Feature_200,Feature_201,Feature_202,Feature_203,Feature_204,Feature_205,Feature_206,Feature_207,Feature_208,Feature_209,Feature_210,Feature_211,Feature_212,Feature_213,Feature_214,Feature_215,Feature_216,Feature_217,Feature_218,Feature_219,Feature_220,Feature_221,Feature_222,Feature_223,Feature_224,Feature_225,Feature_226,Feature_227,Feature_228,Feature_229,Feature_230,Feature_231,Feature_232,Feature_233,Feature_234,Feature_235,Feature_236,Feature_237,Feature_238,Feature_239,Feature_240,Feature_241,Feature_242,Feature_243,Feature_244,Feature_245,Feature_246,Feature_247,Feature_248,Feature_249,Feature_250,Feature_251,Feature_252,Feature_253,Feature_254,Feature_255,Feature_256,Feature_257,Feature_258,Feature_259,Feature_260,Feature_261,Feature_262,Feature_263,Feature_264,Feature_265,Feature_266,Feature_267,Feature_268,Feature_269,Feature_270,Feature_271,Feature_272,Feature_273,Feature_274,Feature_275,Feature_276,Feature_277,Feature_278,Feature_279,Feature_280,Feature_281,Feature_282,Feature_283,Feature_284,Feature_285,Feature_286,Feature_287,Feature_288,Feature_289,Feature_290,Feature_291,Feature_292,Feature_293,Feature_294,Feature_295,Feature_296,Feature_297,Feature_298,Feature_299,Feature_300,Feature_301,Feature_302,Feature_303,Feature_304,Feature_305,Feature_306,Feature_307,Feature_308,Feature_309,Feature_310,Feature_311,Feature_312,Feature_313,Feature_314,Feature_315,Feature_316,Feature_317,Feature_318,Feature_319,Feature_320,Feature_321,Feature_322,Feature_323,Feature_324,Feature_325,Feature_326,Feature_327,Feature_328,Feature_329,Feature_330,Feature_331,Feature_332,Feature_333,Feature_334,Feature_335,Feature_336,Feature_337,Feature_338,Feature_339,Feature_340,Feature_341,Feature_342,Feature_343,Feature_344,Feature_345,Feature_346,Feature_347,Feature_348,Feature_349,Feature_350,Feature_351,Feature_352,Feature_353,Feature_354,Feature_355,Feature_356,Feature_357,Feature_358,Feature_359,Feature_360,Feature_361,Feature_362,Feature_363,Feature_364,Feature_365,Feature_366,Feature_367,Feature_368,Feature_369,Feature_370,Feature_371,Feature_372,Feature_373,Feature_374,Feature_375,Feature_376,Feature_377,Feature_378,Feature_379,Feature_380,Feature_381,Feature_382,Feature_383,Feature_384,Feature_385,Feature_386,Feature_387,Feature_388,Feature_389,Feature_390,Feature_391,Feature_392,Feature_393,Feature_394,Feature_395,Feature_396,Feature_397,Feature_398,Feature_399,Feature_400,Feature_401,Feature_402,Feature_403,Feature_404,Feature_405,Feature_406,Feature_407,Feature_408,Feature_409,Feature_410,Feature_411,Feature_412,Feature_413,Feature_414,Feature_415,Feature_416,Feature_417,Feature_418,Feature_419,Feature_420,Feature_421,Feature_422,Feature_423,Feature_424,Feature_425,Feature_426,Feature_427,Feature_428,Feature_429,Feature_430,Feature_431,Feature_432,Feature_433,Feature_434,Feature_435,Feature_436,Feature_437,Feature_438,Feature_439,Feature_440,Feature_441,Feature_442,Feature_443,Feature_444,Feature_445,Feature_446,Feature_447,Feature_448,Feature_449,Feature_450,Feature_451,Feature_452,Feature_453,Feature_454,Feature_455,Feature_456,Feature_457,Feature_458,Feature_459,Feature_460,Feature_461,Feature_462,Feature_463,Feature_464,Feature_465,Feature_466,Feature_467,Feature_468,Feature_469,Feature_470,Feature_471,Feature_472,Feature_473,Feature_474,Feature_475,Feature_476,Feature_477,Feature_478,Feature_479,Feature_480,Feature_481,Feature_482,Feature_483,Feature_484,Feature_485,Feature_486,Feature_487,Feature_488,Feature_489,Feature_490,Feature_491,Feature_492,Feature_493,Feature_494,Feature_495,Feature_496,Feature_497,Feature_498,Feature_499,Feature_500,Feature_501,Feature_502,Feature_503,Feature_504,Feature_505,Feature_506,Feature_507,Feature_508,Feature_509,Feature_510,Feature_511,Feature_512,Feature_513,Feature_514,Feature_515,Feature_516,Feature_517,Feature_518,Feature_519,Feature_520,Feature_521,Feature_522,Feature_523,Feature_524,Feature_525,Feature_526,Feature_527,Feature_528,Feature_529,Feature_530,Feature_531,Feature_532,Feature_533,Feature_534,Feature_535,Feature_536,Feature_537,Feature_538,Feature_539,Feature_540,Feature_541,Feature_542,Feature_543,Feature_544,Feature_545,Feature_546,Feature_547,Feature_548,Feature_549,Feature_550,Feature_551,Feature_552,Feature_553,Feature_554,Feature_555,Feature_556,Feature_557,Feature_558,Feature_559,Feature_560,Feature_561,Feature_562,Feature_563,Feature_564,Feature_565,Feature_566,Feature_567,Feature_568,Feature_569,Feature_570,Feature_571,Feature_572,Feature_573,Feature_574,Feature_575,Feature_576,Feature_577,Feature_578,Feature_579,Feature_580,Feature_581,Feature_582,Feature_583,Feature_584,Feature_585,Feature_586,Feature_587,Feature_588,Feature_589,Feature_590,Feature_591,Feature_592,Feature_593,Feature_594,Feature_595,Feature_596,Feature_597,Feature_598,Feature_599,Feature_600,Feature_601,Feature_602,Feature_603,Feature_604,Feature_605,Feature_606,Feature_607,Feature_608,Feature_609,Feature_610,Feature_611,Feature_612,Feature_613,Feature_614,Feature_615,Feature_616,Feature_617,Feature_618,Feature_619,Feature_620,Feature_621,Feature_622,Feature_623,Feature_624,Feature_625,Feature_626,Feature_627,Feature_628,Feature_629,Feature_630,Feature_631,Feature_632,Feature_633,Feature_634,Feature_635,Feature_636,Feature_637,Feature_638,Feature_639,Feature_640,Feature_641,Feature_642,Feature_643,Feature_644,Feature_645,Feature_646,Feature_647,Feature_648,Feature_649,Feature_650,Feature_651,Feature_652,Feature_653,Feature_654,Feature_655,Feature_656,Feature_657,Feature_658,Feature_659,Feature_660,Feature_661,Feature_662,Feature_663,Feature_664,Feature_665,Feature_666,Feature_667,Feature_668,Feature_669,Feature_670,Feature_671,Feature_672,Feature_673,Feature_674,Feature_675,Feature_676,Feature_677,Feature_678,Feature_679,Feature_680,Feature_681,Feature_682,Feature_683,Feature_684,Feature_685,Feature_686,Feature_687,Feature_688,Feature_689,Feature_690,Feature_691,Feature_692,Feature_693,Feature_694,Feature_695,Feature_696,Feature_697,Feature_698,Feature_699,Feature_700,Feature_701,Feature_702,Feature_703,Feature_704,Feature_705,Feature_706,Feature_707,Feature_708,Feature_709,Feature_710,Feature_711,Feature_712,Feature_713,Feature_714,Feature_715,Feature_716,Feature_717,Feature_718,Feature_719,Feature_720,Feature_721,Feature_722,Feature_723,Feature_724,Feature_725,Feature_726,Feature_727,Feature_728,Feature_729,Feature_730,Feature_731,Feature_732,Feature_733,Feature_734,Feature_735,Feature_736,Feature_737,Feature_738,Feature_739,Feature_740,Feature_741,Feature_742,Feature_743,Feature_744,Feature_745,Feature_746,Feature_747,Feature_748,Feature_749,Feature_750,Feature_751,Feature_752,Feature_753,Feature_754,Feature_755,Feature_756,Feature_757,Feature_758,Feature_759,Feature_760,Feature_761,Feature_762,Feature_763,Feature_764,Feature_765,Feature_766,Feature_767,Accent
キ,0.0089554153382778,0.1939436793327331,-0.2193934172391891,-0.892130434513092,0.2426500469446182,0.8090804815292358,-0.0006461688317358,0.2059105336666107,0.1103751063346862,-0.4960032403469085,0.9617363214492798,0.3438442349433899,-0.0860624685883522,-0.3222886323928833,0.7872731685638428,-0.2823822498321533,0.1623154133558273,-0.2046204507350921,0.1291653960943222,0.1357299089431762,-0.5593015551567078,-0.7716518044471741,0.0471532978117466,0.5986023545265198,0.3549172580242157,-0.5780556797981262,0.2487049698829651,0.2216878086328506,-0.1113149970769882,0.1567638367414474,0.0653873309493064,-0.5548986196517944,0.0657591000199318,-0.408096581697464,-0.1881638914346695,0.5684396624565125,0.1580043733119964,-0.0112947979941964,-0.0664695054292678,-0.2631846070289612,-0.1660615652799606,-0.1197155714035034,-0.1676841676235199,-0.3762255609035492,-0.2971188127994537,0.3927555680274963,-0.2499871701002121,0.5849437713623047,0.3317283689975738,0.3255312442779541,-0.3314432799816131,0.3086915910243988,0.5327470898628235,-0.1731323897838592,-0.1804702877998352,-0.5745936036109924,0.1863718330860138,-0.4887060821056366,-0.1509477794170379,0.3312007486820221,-0.3013313114643097,-0.2362928539514541,0.1911569684743881,0.1281263679265976,-0.3288263380527496,0.0834068581461906,0.3564080595970154,-0.0896729975938797,-0.3487680852413177,-0.3754557967185974,-0.5943626761436462,0.2977727949619293,-0.2029802352190017,-0.1202201098203659,0.7733710408210754,-0.691891074180603,-0.1582495272159576,0.1307856887578964,0.129266157746315,0.179776906967163,-0.261399894952774,0.3057650327682495,-0.0999675914645195,-0.373337835073471,0.1245990842580795,0.4375348389148712,-0.1949544101953506,-0.6727452278137207,0.1449243426322937,-0.0880607590079307,0.1117881163954734,0.2104975432157516,-0.0901843756437301,0.2620703876018524,-0.3076165318489074,-0.1190997660160064,0.1794024109840393,-0.2009548395872116,0.2896222472190857,0.5201216340065002,-0.0178588442504405,-0.1175526157021522,0.2643328905105591,-0.0321151241660118,-0.1858051568269729,0.037453293800354,-0.532194197177887,0.4019044041633606,-0.058816809207201,-0.4000467956066131,-0.4044370353221893,-0.1294841170310974,-0.3230060636997223,0.3377116918563843,-0.0151133490726351,0.4915045499801636,-0.358000785112381,0.0789115205407142,-0.5358489751815796,0.6664966344833374,0.2892233431339264,0.2272322177886963,-0.2350341975688934,-0.1883149743080139,-0.0374681949615478,0.4136695265769958,-0.5037018060684204,-0.1584736406803131,-0.287291556596756,-0.3900687098503113,-0.3347787857055664,0.0566991604864597,-0.514350950717926,0.179104745388031,-0.4272096455097198,0.2676720917224884,-0.0008892610785551,-0.119334876537323,-0.0342761911451816,-0.3698295056819916,0.6141608953475952,0.030637776479125,-0.320189356803894,0.2113173454999923,0.0461371541023254,0.398370087146759,-0.214113175868988,-0.6932808756828308,0.7195062637329102,0.367898166179657,-0.548111617565155,0.6063113808631897,-0.7249165773391724,-0.1172510087490081,-0.163594901561737,-0.0741870552301406,-0.3895092904567718,0.3956390619277954,-0.1362478584051132,0.522060751914978,-0.3884695470333099,-0.6509543657302856,-0.0905016064643859,0.4577580690383911,-0.0745252072811126,0.6840958595275879,0.1851225048303604,-0.0991550236940383,0.3364947438240051,0.637281060218811,-0.0453508161008358,0.5295713543891907,0.1634165644645691,-0.4523137509822845,0.0446202680468559,0.3800104558467865,0.284567654132843,0.1254987865686416,0.5073771476745605,-0.4641390740871429,0.2480779737234115,-0.3822896182537079,-0.100916102528572,-0.6630884408950806,0.3797591626644134,0.0846238806843757,-0.1318268775939941,-0.0738795399665832,0.4522085189819336,-0.0492566935718059,-0.4892923533916473,-0.2397583127021789,0.4089611172676086,-0.3739085793495178,-0.0003141923516523,-0.2210182696580886,0.1859475374221801,-0.6739915609359741,0.1745838820934295,0.220360517501831,0.3807322680950165,-0.0570086054503917,-0.1237288936972618,-0.4595778286457062,-1.1483312845230105,-0.1460831612348556,0.7014099359512329,0.83683842420578,0.0783072561025619,0.3080491125583648,0.0015377762028947,0.5985416173934937,0.5874409079551697,0.1812830716371536,0.190099686384201,0.0373004861176013,-0.1218758150935173,0.1014582216739654,0.5281689167022705,-0.4943133592605591,0.1747933626174926,-0.2836597561836242,0.0985108017921447,0.2787056565284729,-0.1977821886539459,0.2921814322471618,0.4311996400356293,-0.2281941324472427,-0.3467642962932586,0.7514057159423828,-0.8000134825706482,-0.3450879454612732,-0.009347915649414,0.2900696396827698,-0.9353619813919068,0.6392756700515747,-0.2492270022630691,0.1082829087972641,-0.4890226125717163,0.0359387397766113,0.1801340728998184,-0.3585279583930969,0.1104844063520431,-0.6221851706504822,0.1228515431284904,0.2161178290843963,-0.0165604911744594,-0.5918678045272827,-0.6227045655250549,0.0214903783053159,-0.5298854112625122,-0.3639200329780578,0.7639522552490234,-0.5795010924339294,0.7762306332588196,0.3476709425449371,0.4019074738025665,-0.4657380878925323,-0.1669498533010482,-0.2760277986526489,0.1193528324365615,-0.9021141529083252,-0.1912649720907211,-0.5950599312782288,-0.1172133013606071,0.1430878639221191,0.1233772411942482,-0.7688897848129272,-0.7354635000228882,-0.1789389699697494,0.2603660523891449,-0.0042166076600551,-0.3103835880756378,0.1659796237945556,-0.3101548552513122,0.0252922773361206,-0.1007624864578247,0.2142903953790664,-0.6002864241600037,0.0724116042256355,-0.8211646676063538,0.1793502122163772,-0.5730201601982117,0.2574987113475799,0.3910787403583526,-0.0462004169821739,-0.0876006931066513,-0.0975300371646881,-0.1016468480229377,0.3967403769493103,0.5249233841896057,-0.4801513254642486,-0.7723743319511414,-0.055671326816082,0.0136875221505761,-0.0571516752243042,0.3413433134555816,0.2657767832279205,0.0421169660985469,0.1710550040006637,0.6340242028236389,0.2799536287784576,0.4707091450691223,-0.4334757030010223,-0.0673077553510665,-0.7172948718070984,-0.4154280424118042,-0.4803426265716553,0.9947332739830016,-0.2261528223752975,0.2403616905212402,1.3021985292434692,-0.2751008570194244,0.0932967960834503,0.7321251034736633,0.0016831944230943,-1.4337382316589355,0.1742880642414093,0.3827532529830932,0.4132084548473358,0.0696791559457779,0.3024963438510895,0.2778406143188476,0.4463664591312408,-0.1168526858091354,-0.2425277829170227,0.3244265615940094,0.5899599194526672,0.0496654845774173,-0.617261528968811,0.8245378732681274,0.2255584001541137,0.2680265307426452,-0.7746888399124146,-0.2026408314704895,0.5430367588996887,-0.0010325968032702,-0.1048668175935745,0.4138762652873993,-0.2566787004470825,-0.103787787258625,0.1203577071428299,0.3506484925746918,0.0290042459964752,-0.7879344820976257,-0.0909556150436401,0.1300715804100036,0.8856472373008728,0.8778288960456848,0.6831426620483398,0.2792248725891113,0.0440075062215328,0.1303082406520843,0.5566778182983398,0.2512948215007782,-0.1223691180348396,0.0570113584399223,-0.4873378574848175,0.1637439429759979,0.0484549850225448,0.1156986951828002,-0.5891779661178589,0.4568356275558471,0.6302958130836487,0.0585559792816638,0.824226975440979,0.304629772901535,0.4024071097373962,0.0829458087682724,0.2384218275547027,0.6345834732055664,0.1956893354654312,-0.3380899727344513,-0.5317067503929138,0.2160411775112152,0.0493471249938011,-0.221853882074356,-0.02583465911448,0.5467850565910339,0.2580340802669525,-0.4190973341464996,0.1458680480718612,0.3836770057678222,-0.0616870708763599,-0.2065752744674682,-0.5558835864067078,-0.4770741462707519,-0.6676740050315857,-0.2172219902276992,-0.753665030002594,0.146900326013565,0.100456528365612,0.4139447808265686,0.0750255212187767,-0.5526785254478455,-0.1661145240068435,-0.3633378148078918,-0.4284783601760864,-0.0671730786561966,0.0191703774034976,-0.2370837777853012,-0.0520790964365005,-0.2882414162158966,-0.4228926301002502,-0.3670439422130584,-0.2755053639411926,-0.3149448931217193,0.4823648631572723,0.1293221712112426,0.5752208828926086,-0.1062190011143684,-0.0015399476978927,-0.2033703178167343,-0.0299327652901411,-0.4370419681072235,-0.1116801798343658,-0.971891462802887,0.686314582824707,-0.0880109816789627,-0.1899833083152771,0.1447987705469131,0.5745759606361389,0.6484565138816833,0.2478493899106979,-0.059849202632904,-0.2137864828109741,0.0503655113279819,-0.5760780572891235,0.5633659958839417,-0.1351030617952346,0.6263390183448792,-0.2805357575416565,0.755492091178894,0.3448373973369598,-0.170314535498619,-0.1546093225479126,0.1700873970985412,0.5626100301742554,0.159848153591156,0.0025721793062984,0.3212217688560486,0.8514876365661621,-0.2384626716375351,0.3629963397979736,-0.2154732197523117,0.5963175892829895,0.5760573148727417,-0.2388592660427093,0.2666859626770019,-0.4242483675479889,0.2194554805755615,0.3001822531223297,0.5287933945655823,0.1616058498620987,0.4735806286334991,0.451240062713623,0.2986082136631012,0.5375964045524597,0.315589427947998,0.0714832171797752,-0.0380567088723182,-0.0804987475275993,-0.941788375377655,-0.0109886368736624,-0.1580452769994735,0.0599218979477882,0.374786913394928,-0.5962842106819153,-0.0410428903996944,-0.0652371048927307,-0.7644864320755005,-0.7148693799972534,-0.7939397692680359,-0.1061565801501274,-0.2387058287858963,0.0846536979079246,0.6289856433868408,0.3573974072933197,-0.6010023355484009,0.7245087623596191,-0.2205299735069275,0.7521306276321411,0.7965068817138672,-0.2417720556259155,0.0319433659315109,-0.0606076717376709,0.5573583245277405,0.0681068524718284,-0.2149157524108886,0.3274743854999542,-0.3377166092395782,-0.8510096073150635,-0.2493732422590255,0.6903465390205383,-0.3536029160022735,-0.4530978500843048,0.6913907527923584,-0.2197850495576858,-0.4711142182350158,-0.9469786882400512,-0.1042305007576942,-0.3892042636871338,-0.0367775112390518,-0.9603989124298096,-0.1532881557941436,0.0610974542796611,0.0220168903470039,0.2253399640321731,-0.0660680904984474,-0.117988608777523,0.158000573515892,0.6731314659118652,0.4489672780036926,-0.2163829505443573,0.0028803029563277,-0.1595053076744079,-0.2227129936218261,0.1855341643095016,0.329947829246521,0.4378122091293335,0.048679169267416,-0.0843349769711494,-0.8436931371688843,-0.2033517360687255,-0.8151254653930664,-1.060943365097046,0.0296236779540777,0.0121984211727976,0.6580050587654114,0.0858059749007225,0.0645452514290809,0.081458568572998,0.3754222393035888,0.4356490969657898,-0.0541432574391365,-0.1782771646976471,-1.0699797868728638,0.5052244067192078,-0.329275369644165,-0.4732583463191986,0.7103375196456909,-0.0672724097967147,-0.0404047146439552,0.3415814340114593,0.1774719655513763,-0.0499029532074928,-0.0452777631580829,0.3679766952991485,-0.1262805014848709,-0.1787403225898742,-0.1120196059346199,0.0712124705314636,0.067470796406269,0.1305374056100845,-0.7875770330429077,-0.287869393825531,0.4497101604938507,0.5701536536216736,0.0278291925787925,-0.257629781961441,0.0555600970983505,-0.1156580448150634,-0.3250406086444855,0.0239700376987457,0.2131179720163345,0.3540386855602264,-0.6282370090484619,0.4354308843612671,0.5328080058097839,-0.6255291700363159,0.3726008534431457,0.6569305658340454,0.447987288236618,0.3464375734329223,-0.0826312601566314,0.5278232097625732,-1.231490135192871,0.4108918607234955,0.4572261571884155,0.1051392704248428,0.1898313760757446,0.0374056287109851,0.1297614872455597,-0.4985046684741974,-0.4484615325927734,0.1290663480758667,-0.0684365034103393,0.5380885004997253,0.3252914249897003,0.3040666878223419,0.5544211864471436,0.8911846876144409,-0.1463435441255569,-0.0443869233131408,0.2671656310558319,-0.2792579531669616,1.1192423105239868,-0.2323697656393051,0.2132555097341537,-0.160199224948883,-0.8986796736717224,0.329925924539566,0.3822031319141388,-0.0639000087976455,0.8322954177856445,-0.2789399623870849,-0.1830359846353531,0.6643446087837219,0.3514379560947418,0.4319140315055847,-0.4011268019676208,-0.9307833909988404,-0.1246536746621131,-0.1892444938421249,-0.0544877350330352,0.1913336217403412,0.0124964993447065,0.2765724956989288,0.2173954248428344,0.0075536523945629,0.2295721769332885,0.733206570148468,0.326696902513504,0.0463561899960041,0.255257099866867,0.0263036601245403,-0.5050647854804993,-0.1246143355965614,0.1126625090837478,-0.2684059739112854,-0.5112488269805908,0.3904279768466949,-0.1249579936265945,-0.2794017791748047,0.0773320272564888,-0.305027574300766,0.2228762209415435,0.0762445032596588,-0.3174924552440643,-1.082621932029724,0.0216517392545938,-0.1389867812395095,-0.6159332990646362,-0.1184799522161483,-0.2913204431533813,-0.0232399385422468,-0.3378078043460846,-1.0702210664749146,-0.5516250133514404,0.2236312925815582,-0.4136366248130798,0.2747859060764313,-0.4481717944145202,-1.1580616235733032,0.2553902268409729,0.4109495878219604,-0.0642045140266418,-0.9181769490242004,0.2613958418369293,0.088971771299839,0.3436866700649261,-0.1951122134923935,0.3497662842273712,-0.4540547430515289,0.1738097816705703,-0.2475224286317825,-0.0588273964822292,-0.1013713851571083,-10.15874481201172,0.0772986337542533,-0.3866763412952423,-0.0697727650403976,-0.3086727857589721,0.0560729019343853,0.5754695534706116,0.5313887000083923,-0.1754971593618393,0.1452340632677078,0.1499291509389877,0.1246160045266151,0.1824256926774978,0.2906182706356048,-0.5009133815765381,-0.1276926398277282,-0.6558630466461182,-0.1718283742666244,-0.0053171636536717,0.2111367434263229,0.0747468620538711,0.1512689143419265,0.3463532626628876,0.5563478469848633,0.2827402651309967,-0.4469149112701416,-0.2932372391223907,0.3206714689731598,-0.3959000706672668,0.4110264778137207,-0.5485899448394775,0.1108571588993072,0.0251112282276153,0.4571645259857178,-0.3254336416721344,0.172176718711853,-0.1573193222284317,0.2649368047714233,0.345934122800827,0.1981503814458847,0.2115772813558578,0.1912645548582077,0.2055511623620987,0.0596089661121368,0.144676461815834,0.0531624220311641,0.2105614095926284,0.379570722579956,0.4094756841659546,0.0219456944614648,0.2211800962686538,-0.4739434123039245,0.0143642779439687,-0.3641282021999359,0.5714985132217407,0.2930380702018738,0.5575454831123352,-0.4731172919273376,-0.1425304263830185,0.1286281943321228,-0.2561348974704742,0.146199345588684,0.461464375257492,0.3113602995872497,-0.1503019034862518,0.4367438852787018,0.3194290101528168,0.3930483758449554,-0.1811354905366897,-0.3683565855026245,-0.1541863828897476,0.6007781624794006,-0.046747762709856,0.0733655989170074,-0.3318231999874115,0.2229252904653549,-0.0728904232382774,0.0502280332148075,0.1799504607915878,-0.4044448733329773,0.0383785553276538,-0.4283250868320465,-0.5955882668495178,0.1081421226263046,-0.8514079451560974,-0.0016018233727663,0.0004268751363269,0.2681510746479034,0.0098897572606801,-0.6363226175308228,0.3738816082477569,-0.5472381114959717,-0.0418695993721485,0.4586743712425232,-0.2135823518037796,-0.1286458522081375,0.1427406966686248,0.8457289338111877,0.444111704826355,-0.1456223726272583,-0.55185413,0.025268039,0.9704421,0.040730104,-0.67767787,-0.544555,-1.4368902,1.2309937,1.2122103,0.2402418,1.0636783,-0.4040663,-1.6251093,2.2311919,-0.6624921,0.16077699,0.70422524,-0.5365701,1.1877835,-0.6686008,0.16831736,0.61697733,0.3509673,-1.2457044,0.568772,0.409188,0.9235875,-0.34779453,-0.97211295,-1.3857579,0.103360265,-0.15149927,-1.1453547,-0.46814018,0.0056944573,-0.8154709,-1.387198,1.0054336,-0.015316925,-1.1087042,-0.1883844,0.28905594,0.32639807,-0.5575527,-0.74481285,-0.27227944,1.1794658,-0.771563,1.5023465,-0.3525601,-0.9272495,-0.8472333,0.48738208,0.4817499,0.66883713,-0.87449205,1.5550343,0.9157937,0.41202798,0.07475336,0.20607775,-0.047119826,-0.19182076,-0.6967991,0.1102235,0.5105609,0.077130504,0.13374938,0.37195778,-0.32446337,-2.8579397,-1.3832405,-0.3159105,1.836277,-0.9518532,1.1679198,0.06825205,-0.6875396,0.26088798,-0.076468155,0.4701205,-0.4599326,-0.7639161,0.99914676,-1.2190169,-1.6205653,0.10280074,-0.89042693,-0.51692337,-0.7958786,0.24377197,-1.896897,-0.8561678,-1.3075693,1.3870901,0.08098585,-1.6487565,-1.3010602,-0.74987656,-0.019919489,-0.01963314,1.2960604,0.36178812,-0.8614428,-0.4447373,-0.44298172,-0.38403624,-0.2532156,-0.6529181,1.0245146,-0.057338458,0.30455557,0.2062616,0.8014939,0.3005796,0.45111254,-1.2846948,-0.19829567,-0.49902546,0.22483905,0.828772,0.81674045,-0.4288249,1.1286618,0.21307597,0.6036771,-0.062391408,-0.92022157,0.34554613,0.555919,0.79073906,-0.07963684,2.0565374,0.9442674,-0.94367355,-1.2625161,0.0118356645,0.24059626,0.42533112,-1.2695913,-0.38653374,0.95021886,0.48279822,-0.046477403,0.26908702,-0.7433619,-0.23525302,0.9264789,1.7720206,-0.19570774,-0.0032233926,0.07272192,-1.3213451,0.49165514,1.2868303,-0.03083361,0.076512165,0.3465081,-1.3006221,1.1227412,-0.60436755,1.6272804,-1.0933257,0.80371994,0.2972782,0.14778268,-0.3107171,0.62396216,-0.7494376,-1.546384,-0.45110804,-0.26835233,0.20807941,-0.41054514,0.6227075,0.18573812,0.56525046,0.5780037,-1.2801442,-0.71378285,1.1977679,0.4056972,0.3837999,1.0493981,-0.66783917,0.3419171,0.18788365,0.095659815,0.850532,0.6732509,1.5924102,-0.80565333,0.8644658,1.0423493,0.88085717,2.8432417,0.8687121,-1.5306276,-1.4845185,1.0659735,-2.559848,-0.6745331,0.9071184,-1.2309519,1.061125,-1.381558,-0.7216548,1.0961188,0.80009824,-0.15196657,-1.1756753,-1.3086276,1.2727662,0.87658626,-0.63112086,-0.37867293,-0.45046604,-0.09196048,-0.19873698,-0.3555192,0.9693752,0.27073395,0.05581473,0.8882653,-0.8849747,0.671305,0.36503989,0.13774967,0.20374084,0.4851648,-0.8129492,0.97460395,-0.013177263,0.07102128,-0.82186395,0.76837754,-0.26219058,0.8445218,-0.8108193,0.9986323,0.92416316,-0.3267587,-0.1372779,0.22807148,0.4199124,0.44944394,1.1611714,0.11516184,-1.6060251,-0.51734066,0.47726303,1.3448215,0.06801261,0.45066273,0.25266805,1.4778737,-0.8048441,0.38307902,-0.49513736,-0.8606502,-0.045991126,0.61393434,0.8561713,0.13423398,0.18038563,-0.18385917,-0.86239505,-0.06483677,-0.018631471,-0.13984838,-0.607364,-1.2719389,-0.26387486,0.02040074,1.2648085,0.25112772,-0.11289312,-0.7685152,-1.1160806,1.2554965,0.91157955,-2.1184611,-0.30774722,-0.780209,-0.9347565,0.7425434,0.11737989,0.48691273,0.011652872,0.6389625,-1.636958,1.400882,0.0057260264,0.4105677,1.7397088,-0.17406398,0.86843866,-0.6711738,-0.21847717,-0.13392207,0.27604005,0.5373023,-1.1874087,0.8498862,-0.48723608,-0.7609854,1.2984289,-0.47599077,-1.0583625,-1.0753673,-0.34882504,-0.35740143,-1.0925282,1.5084442,-1.9607446,1.8947046,-1.5439239,-0.3812911,-1.4546002,-0.60425717,-1.2304717,0.29490003,0.28252378,0.32813188,1.2254794,-0.37374797,0.59269905,-0.04569912,0.27907765,1.3771757,-0.11623665,0.56490004,-0.61805844,-1.2532034,-0.23695908,0.66273266,-1.1815504,-1.1084601,-0.7922772,-0.16206731,-0.31255925,-0.17381038,-0.9527983,0.97177625,-0.32880062,1.2126589,-0.33714974,-0.34077597,-0.55361164,-1.109873,1.6104407,0.06970899,1.3127023,-0.9108516,0.011790731,0.17320393,-0.9075631,0.35205397,0.09366997,2.2387853,0.6529842,0.6072627,0.6353063,0.432432,-0.1411936,-0.52368474,1.2419282,0.37058327,2.1440504,-0.14333044,-0.36945784,1.3123386,-0.0005521725,0.18159872,-0.18195055,-0.95429134,1.8573219,-0.30460587,-0.7584207,0.24515101,0.027986368,0.24110828,-0.12713514,0.035846427,0.65723497,0.42872107,0.033992764,0.19659305,-1.0385953,-1.6598088,-0.52939737,0.9920142,1.1504027,0.51682407,0.73644733,-0.34705546,-0.7283662,-1.7108934,0.056442566,1.4504676,0.74686784,-0.02443641,-1.8014274,0.5737294,0.18110421,0.82430744,-1.7503917,-1.5304992,1.1474609,0.73562133,0.26040187,1.7090219,0.010796049,-1.2719027,-0.86818874,-0.5889635,-0.5728103,-1.1993877,-1.2275072,0.29436493,-0.040268302,1.1079886,1.4443889,0.46964836,0.313131,-0.54946446,0.60605717,0.476296,-0.77336717,0.09467109,-0.049080256,-0.0013534526,-0.99818,-1.0073453,0.7411502,-1.5885863,0.52886754,0.046282835,0.055469673,-0.114030205,0.052324142,-0.7008257,-0.18188456,-0.092934884,-0.8210895,-0.24569887,1.049884,-1.3751179,-1.3512154,0.7260549,1.1959109,-0.88157433,1.1006278,0.12339677,0.088419735,0.6058366,0.040027805,-0.5861189,-0.42226732,-0.742542,0.121425614,-0.23741443,-1.4191716,-0.44724163,0.8236802,-1.7391084,-1.04574,1.2545339,0.45451498,-1.4052577,-0.78643405,-0.0068488717,-0.35364974,0.8228794,0.93517524,-0.05413522,-0.5051248,-1.3507323,-0.31436822,0.22797479,0.4196712,-0.024917014,0.0054529407,0.40840614,-0.2777371,1.0347139,1.4028872,0.28948435,2.1225522,0.9388677,0.24316385,-0.29029554,0.94150406,-0.049889833,-0.45009252,0.64940906,-0.9933122,-0.80983055,1.14246,-0.099139936,-0.63484794,-0.22997332,1.2201532,-0.30332357,-0.5172624,-0.0023136372,0.7548077,1.6236594,1.395414,1.5965837,-0.3113651,-0.3868413,-0.5126548,0.19465011,-0.86330307,-0.695237,-0.23256567,0.7567474,2.208099,-0.57171714,0.094302334,0.63809437,-0.9927242,-0.89687157,0.28031617,0.19785966,-0.6834307,-0.38930097,0.18998902,-1.0823038,-0.032230206,-2.0178518,0.07483472,0.37417167,0.99551797,-0.2079844,0.20578037,0.47550562,0.38789734,-0.83914804,0.081921555,0.65564203,1.5846246,0.65461975,-0.7520708,0.6060072,0.032027982,-1.3474431,-0.39781147,-1.3621843,-0.7198078,-0.23863013,-0.17945603,-0.25104934,-0.9223837,-0.60035276,1.1654212,0.12555103,0.08044892,0.53755015,-0.9912484,0.7029013,0.031610385,-0.71406,1.3849111,0.74189585,-1.4811815,0.7419636,-1.861503,1.1114767,-0.17639185,0.77737075,1.4225068,0.2682698,-0.036428902,1.3084911,-1.1140586,-0.41559198,-0.91304845,0.35083687,-0.21786733,0.37270826,-1.9321166,1.1386719,-1.6111234,-0.65467745,-0.014781134,0.09769414,-0.48138067,0.33438975,-0.6134126,0.33916017,0.23458177,-0.4826981,0.82693607,2.1101215,-0.04216612,-0.9695693,0.9718898,0.6752674,-0.5507972,-0.088272534,2.581689,0.24769463,1.1685874,-1.5694687,-0.87897116,0.65115273,-0.2835652,-1.2029023,-0.5951177,-0.3199984,0.31042042,0.31027654,-0.13700409,1.014136,-0.9164084,0.8469586,0.5455224,-0.7590211,0.06913426,0.21296191,-0.3298438,-0.6860487,-1.1731309,0.36393654,1.0443609,-1.082663,0.16162474,1.0272453,0.99394184,0.896839,-0.44140518,-0.83945155,1.0242577,0.88525695,0.659266,-0.7759456,-1.3626733,0.47848573,1.2551625,-0.3382243,0.4263865,0.475841,-0.29951537,-1.9833872,1.0404159,0.13793214,0.1536535,0.5088745,0.17509395,-0.7304835,0.5479394,-0.31257296,0.3745124,0.283045,-0.29011962,-0.59780216,-0.5718642,-1.2573372,0.6937762,-1.0701648,0.61346275,-0.7343885,1.0765992,-2.081477,0.43835825,0.023700614,0.4073806,0.80634594,0.14425628,-1.6107488,-0.29267392,-0.50629973,1.4172285,1.4014053,-0.0332889,-0.85679585,-0.22478808,1.3020293,0.54001087,-0.24181366,-0.2752134,0.13402629,-0.23973918,-0.44389915,-1.083569,-0.520892,0.25071666,0.37272057,-1.2485636,1.7882142,-1.190523,0.6636258,-0.103252575,-1.1912736,0.118096456,0.4241468,-0.080501236,2.2300985,1.2133548,-1.0104662,-0.07713168,-0.019918382,0.90796757,-0.61429167,-0.083564766,-0.7769648,0.6705669,1.5547435,0.81698537,-1.2730434,-0.16737048,0.37387395,-0.3113119,0.90364146,-0.12403442,-0.6446222,-1.1588062,-0.28422847,-0.8448603,-0.52215815,-0.38099304,0.30830014,-1.357813,0.7113805,-0.63120717,-1.6886413,0.29030642,-1.2592032,0.08805247,-0.7089748,0.87585294,-0.52596515,0.5948956,0.39682105,-0.88196313,0.084251516,-0.98033756,-0.6158739,0.37376893,-0.93657374,1.0911922,0.60158896,1.0237372,1.0395005,0.25427163,-1.1880095,0.7038886,0.081627056,0.36850762,-0.13182741,-0.72980934,-0.74349004,-0.44680104,0.5835325,1.1344403,-1.6081864,-0.34166706,0.3012911,0.47881386,-0.48095146,0.2404196,0.27131563,0.28419924,2.1799233,1.0935078,0.019944152,-0.5194939,-0.7554521,0.46866044,1.0324521,-0.16039793,-0.11841915,-1.0093884,0.62482566,0.57172894,-0.60875267,0.6678116,0.38601425,-1.5821114,2.8091736,-1.2333622,0.019690609,0.93272614,-0.9928565,0.6527206,-0.5514807,0.4984609,0.67560214,0.51996857,-0.9254442,0.6504826,0.4882191,0.41674152,-0.51902366,-0.4917458,-0.7002017,-0.22474141,-0.41666445,-0.351879,-0.40979382,0.5824637,-1.2076756,-0.8533791,1.0566064,-0.01223893,-0.5787606,-0.9202738,1.0200714,-0.11492688,-0.4819409,-0.3185966,-0.1351264,1.639978,-0.96360373,1.14562,-0.81883526,-0.43922114,-0.2870637,0.41449007,0.36988625,0.4302969,0.061879516,1.0504884,0.91729146,0.33049563,-0.4633597,0.21796651,1.0122604,-0.9607983,-0.19443609,0.45796332,0.994963,0.19084428,-0.8872035,-0.3317486,-0.529935,-2.3722029,-1.0045592,-0.21793406,1.5876813,-1.2019948,1.2877462,0.34267172,-0.09553302,0.2624642,0.06497686,0.4608369,0.02944982,-0.73213106,1.0756496,-0.542217,-1.1967977,-0.28006893,-0.47249365,-1.3746858,-0.39541313,0.19803053,-1.5505959,-1.035015,-1.4835358,1.1494447,0.34606433,-0.93122166,-0.5240598,-1.6025081,0.4224242,-0.033324093,1.2922754,-0.1688308,-0.35981783,-1.16489,-0.09118394,-0.58580637,-0.73291826,-0.93149614,0.97498995,-0.5303609,0.4355007,0.9673968,1.1222626,1.0830016,0.93314004,-1.3150909,-0.5046646,-0.51247865,0.30789915,0.8048978,0.22588561,-0.4992648,0.8275841,0.07617476,1.079368,0.3093587,-0.98430896,0.4778043,-0.23725803,0.9933292,0.09382742,2.1018322,1.0230583,-0.78107625,-0.9765022,-0.25448605,0.5605003,0.43648025,-0.95726866,-0.4344035,0.29762885,0.2970168,-0.1420335,-0.4680898,-1.5154732,0.6607081,0.6218496,1.8609535,0.22503662,-0.1284188,-0.23225488,-0.83544,0.30555198,0.9435604,0.44110227,0.049396146,0.2327676,-1.8816358,1.9589003,0.38367352,1.4730653,-1.0481573,0.53054,-0.026309187,0.66615254,-0.5834791,0.31064758,-1.0444793,-1.9007732,-0.39940158,0.058485206,0.46248618,-0.083045684,0.7776093,-0.12606308,0.5369691,0.25058642,-0.868088,-0.26312467,0.54908186,1.0632414,-0.06212896,1.5299969,-0.6938584,0.34535328,0.76486033,0.4860911,0.68955064,0.16729651,0.7125323,-0.8225283,1.3893083,0.8664797,1.3011492,2.4633186,0.7514486,-2.0150568,-1.2964337,0.8552522,-2.20496,-0.39330778,0.51479405,-0.87983674,1.2746764,-0.8675981,-0.85598904,1.56006,0.55406356,0.26566103,-1.4077625,-1.3621687,0.7202477,0.5587192,-0.6702345,-0.046705548,-0.28582728,0.36550725,-0.37374726,-0.38592753,0.5918793,0.565686,0.73840123,1.3559386,-0.76624537,0.2016431,0.537473,0.2872043,0.058585975,0.58731604,-1.1033943,0.22687824,0.7920008,-0.16568218,-0.6911383,0.012387921,-0.5682244,0.75097054,-0.86477953,0.24202599,0.112159334,-0.35713312,0.087658085,-0.11172906,0.87665963,0.7646651,1.7715646,0.3204704,-1.814773,0.053446442,0.11028218,0.9046249,0.6394729,-0.027208796,0.6525603,1.3795105,-0.615797,0.15922083,0.0340934,-0.5702848,-0.14883979,0.5475346,-0.32291594,0.3228579,0.436715,-0.98681664,-0.83393145,-0.32563928,0.46958447,-0.24681132,-0.82050186,-0.9085936,-1.4153423,0.013255928,0.33475173,0.1659788,-1.2392696,-0.7934942,-1.3124226,0.8256951,0.73479646,-1.231512,-0.33051467,0.048187423,-0.21785921,0.8670633,0.039883677,0.45258784,0.39085746,0.13082819,-1.288057,1.2549778,-0.27625418,0.70535684,1.4072677,-0.08139423,1.0630196,-0.4515326,0.59540147,-0.9760659,0.89687854,0.5248944,-1.40591,0.8020541,-0.21992154,-0.4597968,0.5320771,-1.3356758,-0.5861054,-0.9394467,0.027021887,-0.06934249,-1.4231013,1.63686,-1.2643708,1.4416882,-0.8734774,-0.5985233,-0.89532906,-0.34553978,-1.1949942,0.735693,-0.018273452,0.027984282,1.036611,0.04528453,-0.27054164,0.40140143,0.5498235,1.1483449,-0.10225845,0.35186324,-0.4950087,-1.0891209,0.4061037,0.8888337,-1.3264775,-1.281037,-1.6582826,-0.6456332,0.8042571,-0.98813176,-0.47649637,0.94706225,-0.34808838,0.7599049,-1.2587247,-0.24966048,0.47663435,-0.3750535,1.8577604,-0.38500178,1.8483691,-0.9706716,-0.71134394,0.39189386,-1.6972698,-0.42148367,-0.13079722,1.9174627,0.83357877,0.9835341,0.65306616,0.7912591,-0.547338,-0.36576548,1.2981458,0.4085058,1.7212662,0.18551178,-0.5298011,1.3784977,-0.14603542,0.5694398,-0.19933678,-0.63614804,1.820867,-0.32234713,-0.36023512,0.179635,0.14105743,0.22837321,0.5287245,0.009534459,0.5996843,-0.043216527,0.54111147,0.3547571,-0.7184381,-0.8377426,-0.6019845,0.4681474,1.0151416,1.3987131,1.6313249,0.046993066,-0.61985594,-1.8606974,-0.122977264,1.1889362,0.51286966,0.19775748,-1.5283817,0.6732462,0.19312344,-0.14291385,-0.7121441,-1.3632118,1.5607771,0.30114508,0.3735088,1.6214379,-0.9754694,-1.5410337,-0.32860956,0.6990759,-0.4067333,-1.1616461,-0.736373,0.52497584,-0.8464672,1.5864829,0.63825554,0.29426357,-0.08152209,0.10803651,1.0075989,0.1419286,-0.45725718,-0.5100868,0.38808027,0.5329722,-1.4226866,-0.15618844,-0.1167933,-2.059613,0.45860633,-0.11514006,-0.538922,0.25842527,-0.85409397,-0.9105659,-0.5183057,-0.31652036,-0.6664453,-1.1363608,0.55160433,-1.5749931,-1.2052495,1.5740633,1.3709754,-0.890539,0.8213119,0.45746326,-0.056403365,0.55086833,-0.37005964,-0.64780265,0.29266366,-0.73045325,-0.13379249,-0.16043423,-1.315137,-0.31785986,0.31465185,-1.8340355,-0.74203557,1.3053442,0.83707976,-1.4882511,-0.3962007,-0.017274797,-0.9778195,1.0136919,0.8810323,-0.1299176,0.32600185,-0.49920082,-0.284932,-0.24497998,0.8982064,0.0051512904,-0.12975936,1.2718428,-0.3098673,-0.0029723942,1.6554389,0.38909844,1.0622578,0.9603143,0.055085987,-0.81889945,0.6038453,0.19450249,-0.20925288,0.46051803,-1.508296,-0.746425,1.4561619,-0.42446318,-0.73387194,-0.018451069,0.9311221,-0.64606774,-0.079081245,0.11854038,0.36129573,1.2285115,0.6616613,1.4640969,-0.022529066,-0.58992296,-0.5402005,0.069826916,-1.4290947,-1.1825885,-0.043508053,0.5832387,2.2659333,-0.1828223,0.16247125,0.50932246,-1.1665227,-1.1852473,0.32904735,0.2911278,-0.7995896,-1.0342847,0.25099418,-1.7267866,0.121188305,-2.2681456,-0.5509715,0.3396927,0.4592493,-0.85678095,-0.10121274,0.3404956,0.19575387,-0.92071027,0.23894279,0.7384072,1.0890617,-0.017344665,-0.7557556,0.24326539,-0.7914081,-1.3606414,-0.39219442,-0.7660758,-0.8603584,-0.32026827,0.11463988,0.1663431,-0.7200915,-0.45061603,1.3729734,-0.3117884,-0.66275597,0.42297506,-0.76734614,0.9838521,-0.3348001,-0.6489306,1.6217715,0.56279206,-1.5248691,0.26535872,-1.3453234,0.86805224,-0.806808,0.014773652,1.2442526,0.7310378,-0.373317,0.78028435,-0.6636161,-0.3351635,-0.0184789,0.7586775,-0.197336,0.38325465,-2.141531,0.9689794,-1.7746831,-1.0096387,-0.21272273,0.7833286,-0.36382666,-0.017783588,-0.39341852,0.95465547,0.5299483,-0.6439819,1.353961,1.8564452,-0.64582586,-0.63742346,0.593839,0.72490287,-0.68952316,0.32259467,2.5109262,0.80655193,0.72093916,-1.3939186,-0.51131564,0.32330158,-0.972899,-0.3565835,-0.15228418,-0.4891378,0.26892927,0.2964568,-0.6180439,1.043484,-0.6086443,0.55183405,0.8017664,-0.2609419,-0.4424754,0.43074337,-0.21708626,-1.4598445,-1.4342285,0.171302,0.8960255,-0.6609487,0.36929476,0.49983537,0.96496844,0.78751284,0.23331839,-0.49381557,0.6391005,1.077218,0.5296959,-1.011615,-1.3686792,0.19000204,1.1646014,-0.80741435,0.50923795,-0.03823221,-0.48802128,-1.7499834,1.1458904,0.90710074,0.42190006,1.1496605,0.2882368,0.35267115,0.59319365,-0.39146367,0.30849183,-0.26985034,-0.30992594,-0.46958128,-0.47566462,-0.6847975,0.652414,-0.7218215,0.4740692,-0.16096778,0.7541571,-1.6167725,0.44712654,-0.2697582,0.5518848,0.5226836,0.07540124,-0.9056335,-0.18402843,-0.88693666,1.914601,1.0968411,-0.12252299,-1.4727893,0.23057078,1.1950729,0.09132177,-0.5963508,0.6320293,-0.12648739,-0.9676911,-0.3103794,-1.1280395,-0.6758409,0.16033238,0.3546498,-0.84374475,0.812949,-1.7201651,0.550468,0.030819163,-1.3016764,-0.38012776,-0.010598804,-1.123241,2.009325,1.1321424,-0.2848679,0.1406087,0.9024566,1.1308744,-0.19272737,-0.5388281,-1.6717321,0.60641676,1.15218,0.6651065,-1.4814075,0.07622061,0.1736141,-0.7241292,1.2779965,-0.07532179,-0.31422186,-1.0663483,-0.2827905,-0.82417107,-0.12032945,-0.81329733,0.016689956,-1.395544,0.12993643,-0.17846487,-0.57786435,0.7781469,-0.8338649,-0.24002655,-0.22996084,0.82480174,0.12578437,1.204761,0.4126518,-0.46441066,0.025552496,-0.8305848,-0.4487002,1.2793833,-0.802959,0.20110841,0.4306089,1.1201731,1.907993,0.21282609,-0.6702351,0.3616079,-0.6486297,0.25601283,0.3108479,-1.3109539,-0.62919056,-0.038456876,0.34164238,0.4104236,-1.139276,-0.44149068,-0.0111345155,0.6680104,0.26924804,0.38925555,0.3955283,0.3645922,1.6970663,0.9091227,-0.03140083,0.0
コ,-0.0340031236410141,0.8183595538139343,0.2433686256408691,-0.5561447143554688,0.2802871465682983,0.6069374680519104,0.6057878136634827,-0.6498515009880066,-0.5274603366851807,-0.087485633790493,0.5277066826820374,-0.1518214493989944,-0.3976146578788757,0.0472632050514221,0.2966916859149933,-0.4141279458999634,0.2939834594726562,-0.0302294623106718,0.0346110872924327,-0.2148605436086654,-0.4736972749233246,-0.9393248558044434,0.1819484978914261,-0.0629787817597389,0.1376109272241592,-0.5495492219924927,0.0773554146289825,0.3990333676338196,0.2394121438264846,-0.1204172298312187,-0.0343516841530799,-0.6025769710540771,-0.1766440719366073,-0.5221533179283142,-0.0869409441947937,-0.2001602947711944,-0.1847722381353378,0.1021099090576171,-0.2839568257331848,-0.4356396198272705,0.0691074132919311,-0.1340977698564529,-0.4789541661739349,-0.0677442923188209,-0.0704328864812851,0.5955693125724792,-0.1120096072554588,0.5034266710281372,0.4221847057342529,0.2600983679294586,-0.282476395368576,0.2817046046257019,0.487569510936737,0.3008280992507934,0.0540202818810939,-0.1705782115459442,-0.0220259428024292,-0.1351057589054107,-0.2677259445190429,0.0610149316489696,-0.6938619613647461,-0.1240047886967659,-0.0449293702840805,0.2433164864778518,-0.3293831646442413,0.2824154198169708,-0.2802900969982147,-0.050543013960123,-0.0480194613337516,-0.6974805593490601,0.3621856570243835,-0.186056300997734,-0.3159201443195343,0.0936432480812072,1.1232609748840332,-0.3044705390930176,0.3986206948757171,-0.6243464946746826,0.4297222197055816,-0.0946053937077522,-0.4320188760757446,0.4253063797950744,-0.2564952373504638,-0.5731629729270935,-0.1995331346988678,0.5594104528427124,-0.8605560064315796,-0.8517721891403198,0.7521985173225403,0.0316954106092453,0.1146657839417457,0.1722393482923507,0.2203297615051269,0.3439126908779144,0.1820033937692642,-0.3973152339458465,0.2981396913528442,0.0717239156365394,-0.0453803241252899,0.6213529109954834,-0.547691822052002,-0.3270001113414764,0.1197584271430969,0.1090586930513382,0.2521000504493713,0.060041069984436,-0.5943869352340698,0.5301752686500549,0.1436663419008255,0.356762558221817,-0.1056319326162338,-0.5691098570823669,-0.5391380190849304,0.1870022118091583,0.2958047986030578,-0.1872135549783706,0.0966304689645767,0.3558715283870697,0.1035567373037338,0.6967304348945618,-0.1131389886140823,0.5107061862945557,-0.0445971302688121,-0.2875761985778808,-0.1721107810735702,-0.1586776822805404,0.6383427977561951,-0.5430346727371216,-0.2401546984910965,-0.6306242942810059,-0.1484814137220382,0.3846207559108734,-0.8772335052490234,0.1549317687749862,-0.3266439139842987,0.6349375247955322,-0.2287134975194931,0.5758288502693176,-0.507465660572052,-0.6152151823043823,-0.1733145117759704,0.1262280941009521,0.7106241583824158,-0.8495229482650757,0.0233728121966123,0.1522354930639267,0.0007958691567182,-0.1546593308448791,0.7762715220451355,0.4533135890960693,-0.0208476968109607,0.6053337454795837,-0.7553942203521729,0.1840923428535461,-0.1235842183232307,-0.0977719277143478,-0.4354102313518524,0.6226243376731873,0.0795721709728241,0.9358035922050476,0.179002583026886,-0.3639645874500274,0.2905438840389251,0.8882123231887817,0.1021220088005065,0.3869930505752563,0.6231674551963806,0.2506987750530243,0.5901870727539062,0.8353998064994812,-0.0245349071919918,0.6254921555519104,0.3349493741989136,-0.4877169132232666,0.1490896791219711,0.5924546122550964,0.5168889760971069,-0.0316922403872013,0.1873729079961776,-0.3480761051177978,-0.300012856721878,-0.1274639964103698,-0.3677489459514618,-0.5244307518005371,0.5279595851898193,-0.6383877396583557,0.0331762693822383,0.2402998059988021,0.0682033598423004,-0.0742740109562873,-0.1411427557468414,-0.3529611527919769,0.2400992959737777,-0.6403679251670837,-0.444272518157959,0.2436493933200836,-0.4155641198158264,0.1550244241952896,0.2128624022006988,0.2951393127441406,-0.1171310693025589,-0.1791588515043258,-0.4974051117897033,-1.40239155292511,-1.1121594905853271,0.201140746474266,0.2422089576721191,0.0974566042423248,0.1299090832471847,0.1414601802825927,-0.2572685778141022,0.0215118564665317,-0.0061117275618016,-0.0877538472414016,0.3592338562011719,-0.0725206136703491,-0.8138288259506226,-0.0657663121819496,0.4472335278987884,-0.0912438035011291,0.3201605081558227,-0.3822491466999054,0.2720367312431335,0.0585039779543876,-0.4547987580299377,0.3145098686218261,0.2304123640060424,-0.4066919684410095,-0.0803591907024383,0.4826646745204925,-0.2941773235797882,-0.5430424213409424,-0.927678406238556,0.1456206887960434,-0.3890388607978821,0.2608943581581116,-0.3139927685260772,0.3506138324737549,-0.2995033860206604,0.4876782894134521,-0.1009906381368637,-0.5688871145248413,-0.0237294547259807,-0.2468496859073639,-0.016034360975027,0.4771899878978729,0.0960796624422073,-0.2209601998329162,-0.721571147441864,0.1237160265445709,-0.8587709665298462,-0.3702521622180938,0.2084938287734985,-0.125054270029068,0.8561576008796692,0.3545325398445129,0.098218947649002,-0.1303649991750717,-0.0967959985136985,0.035430796444416,-0.485871285200119,-0.5665261745452881,0.0779870674014091,-0.2448350489139557,0.2387376874685287,-0.1702984273433685,-0.0843780785799026,-0.7326935529708862,-0.7162457704544067,-0.3566745221614837,-0.0507580563426017,-0.1114444211125373,-0.3715841174125671,-0.3268958330154419,-0.395800918340683,0.3832271993160248,-0.1375539153814315,0.6400394439697266,-0.3324882686138153,0.4136174321174621,0.0378613770008087,0.5311905741691589,-1.2227998971939087,0.2423387318849563,0.2643733024597168,-0.090776652097702,-0.2555358707904815,-1.0790878534317017,-0.3856020867824554,0.4622474610805511,0.1391490399837494,-0.3347684144973755,-0.1343449801206588,-0.0755908712744712,-0.3671323657035827,-0.1547251641750335,-0.1537169814109802,0.1455210745334625,-0.0318582169711589,0.4836118817329407,0.2976148128509521,0.1736702173948288,0.2587470710277557,-0.4899360239505768,-0.5400435328483582,0.0129702212288975,0.132869467139244,-0.1389400362968444,0.6009823679924011,0.0774345844984054,-0.0049581113271415,1.1982955932617188,-0.753678023815155,-0.1699552088975906,1.047492265701294,0.021575316786766,-1.3781263828277588,0.2430467307567596,0.5067936778068542,0.1910175383090973,-0.1753830164670944,0.8416633009910583,0.1722878515720367,0.2553046941757202,-0.4198486804962158,-0.4210230112075805,1.1585345268249512,0.2639740407466888,-0.5317935943603516,-0.2449529320001602,0.7173960208892822,-0.1825700849294662,0.460462361574173,-0.2998168766498565,-0.4181250631809234,0.3802643716335296,-0.3565736413002014,-0.097490444779396,0.0203913953155279,-0.3031749427318573,-0.7905824184417725,0.4337897896766662,-0.1926117241382599,0.5280560255050659,-0.7425007224082947,-0.2979576289653778,0.4027956426143646,1.205311298370361,0.6395196318626404,0.6795264482498169,-0.2822528779506683,0.0215375516563653,0.7731603980064392,0.0630646646022796,0.4176326096057892,0.1847046464681625,0.1459806710481643,-0.4251129627227783,0.9144890308380128,-0.1272546201944351,-0.4637171030044555,0.3191159069538116,0.5118274092674255,0.6511702537536621,0.0109212165698409,-0.2184841930866241,0.4718876779079437,0.0835557430982589,0.7722237706184387,0.9567552208900452,0.6269862651824951,0.0676405504345893,0.2783718705177307,-0.2525599300861358,0.7704999446868896,-0.5130504965782166,0.0404873602092266,0.1691445857286453,-0.0506784245371818,-0.4096050262451172,-0.7896668910980225,-0.0951197668910026,-0.190251737833023,-0.4232967793941498,-0.4163311719894409,-0.904510736465454,-0.8187723755836487,0.2476653605699539,0.4802009463310241,-0.7863510847091675,0.1253589242696762,0.2823011577129364,0.3999513387680053,-0.5533230900764465,-0.2056994438171386,0.2420236021280288,-0.4316062927246094,0.1183766797184944,0.1866742670536041,0.4331836402416229,-0.4527700841426849,0.0833026096224784,-0.4700226187705993,-0.2195780426263809,-0.930724024772644,-0.6145902276039124,-0.48273366689682,0.0883011817932128,0.2604240775108337,0.4405651688575744,0.1609053760766983,0.4128524363040924,-0.2534724175930023,0.0670503824949264,-0.1848768293857574,-0.4453849494457245,-0.1389960646629333,0.467279851436615,0.2476060837507248,0.631031334400177,0.1701588481664657,0.5189031958580017,0.0359810627996921,0.0001593940833117,0.0637744069099426,-0.0433488115668296,-0.3509524762630462,-0.3590390086174011,0.6874834299087524,-0.1527695059776306,-0.1093897968530654,-0.032236274331808,-0.0438390485942363,0.7215205430984497,-0.0634018927812576,-1.1009061336517334,-0.1578927338123321,0.3412964046001434,0.086253210902214,0.3658733069896698,0.3955022394657135,1.095646858215332,-0.2067486047744751,0.2040024846792221,0.5863773226737976,-0.0785374492406845,0.7585672736167908,-0.0316875278949737,-0.2848192453384399,-0.3171622157096863,0.1475665122270584,0.6658414602279663,0.0679170861840248,-0.1075601354241371,0.2487683594226837,0.4160451889038086,-0.2993917167186737,-0.1975582689046859,0.3300756514072418,-0.0990340039134025,-0.6717370748519897,-0.3461562693119049,-0.5350250005722046,-0.6363522410392761,-0.1347622871398925,0.3775000274181366,0.2809948623180389,-0.0043147327378392,0.4331027269363403,-0.6108114719390869,-0.6757115721702576,-0.4988411366939544,-0.949790060520172,0.3834239244461059,-0.204540878534317,0.566437304019928,0.56732177734375,0.051968615502119,-0.5260674357414246,0.2733159363269806,-0.1199569478631019,0.437942624092102,0.8928155899047852,-0.3022160828113556,-0.1618416905403137,0.4910007119178772,-0.1365165412425995,0.6803961396217346,-0.2313521206378936,0.173795685172081,-0.3022543787956238,-0.0317599214613437,-0.0861420556902885,0.1398086249828338,0.0332722030580043,-0.5364129543304443,0.8430767059326172,0.1158542856574058,-0.3748884499073028,-0.4092483222484588,-0.6426430344581604,-0.1108079925179481,0.4495895206928253,-0.7456057667732239,0.0217578317970037,-0.6096863150596619,0.1936643421649933,0.6532236933708191,0.8423157334327698,-0.693938136100769,0.4560171663761139,0.1893327087163925,0.0764791220426559,-0.1876739710569381,0.2293040305376052,-0.3870456516742706,-0.3213069140911102,0.0400711372494697,0.5270309448242188,0.1770189553499221,0.6846286058425903,-0.5615328550338745,-0.8350558280944824,-0.0550360083580017,-0.2283198535442352,-0.6278354525566101,0.3529067635536194,0.0703449323773384,0.2998480200767517,-0.5315501093864441,0.21905018389225,-0.7149791717529297,0.5290278196334839,0.3577248752117157,0.1506180614233017,0.0988623574376106,-0.747942328453064,-0.1628214567899704,-0.4417280256748199,-0.9568366408348083,0.463358998298645,0.4129658639431,-0.8096800446510315,0.0292298663407564,0.4387030601501465,0.5181941986083984,-0.6921684741973877,-0.5763434171676636,-0.3937412798404693,0.0918499454855918,0.4852310121059418,0.2012185007333755,-0.0292095225304365,0.0014059082604944,-0.3015966713428497,0.1659068763256073,0.5815778374671936,0.6984782814979553,0.6661532521247864,0.093969352543354,-0.0294664017856121,0.1551216542720794,-0.7050092220306396,0.0515378005802631,-0.2038450837135315,-0.1349681764841079,-0.0561633892357349,0.9253513216972352,0.5316236019134521,-0.4030947983264923,-0.1510088890790939,0.9344865679740906,0.4135709404945373,0.8285344243049622,-0.4161840379238128,-0.179562360048294,-0.4568018615245819,0.4439434111118316,0.1185143068432807,-0.2827330231666565,-0.0111502949148416,-0.1118798106908798,-0.3399610817432403,-0.2813072800636291,-0.3189838528633117,0.275723248720169,0.0629651471972465,0.2881417572498321,0.1762231439352035,-0.262073814868927,0.4365310370922088,-0.249325543642044,-0.4775751829147339,-0.189346969127655,0.4378216862678528,0.1738985180854797,0.7869111895561218,0.2153527587652206,0.2706262767314911,-0.3228563368320465,-0.9982818961143494,-0.3618471026420593,0.3107124865055084,0.3703764379024505,0.7742481827735901,-0.7681684494018555,-0.5580154061317444,0.1159905046224594,0.2893818616867065,-0.0541180036962032,0.0931880623102188,-0.9020599722862244,-0.3801321387290954,0.1893595606088638,-0.6947675943374634,0.3493660092353821,0.2778467833995819,0.1849676221609115,-0.2186990082263946,-0.4491661489009857,0.0659638345241546,0.5699921250343323,-0.1784543246030807,-0.5488167405128479,0.3589185774326324,-0.0475102439522743,-0.0517831854522228,0.153852641582489,0.1201682537794113,-0.0557288192212581,-0.0342426635324955,0.1678056418895721,-0.4462345242500305,0.0553899183869361,-0.2601107358932495,0.395022451877594,0.0024176747538149,0.2881033718585968,-0.1590177863836288,-1.040870189666748,0.0851010456681251,-0.0117336260154843,-0.4974397718906402,-0.3010345697402954,-0.2175718694925308,-0.3181649446487427,-0.0154365450143814,-0.1197224855422973,-0.2467281967401504,0.3238625824451446,-0.317559152841568,0.5852050185203552,-0.12265095859766,-0.6328884363174438,0.3056196570396423,0.3998624980449676,-0.3827398121356964,-0.8353005051612854,0.3577028810977936,0.4121659100055694,0.4390000700950622,-0.0357071831822395,0.0517107285559177,0.1340836137533188,0.3389334678649902,0.4900949597358703,-0.6081032156944275,0.5324382781982422,-9.796019554138184,-0.3710661232471466,-0.6012843251228333,-0.3195273876190185,-0.3207091391086578,-0.058256696909666,1.07630455493927,0.0674293786287307,-0.1247841790318489,-0.1629563421010971,-0.0872951075434684,-0.0150995729491114,0.490367978811264,0.8817635178565979,-0.6942055225372314,-0.5374621152877808,-0.071591280400753,-0.3044888377189636,-0.4261961579322815,-0.1006945148110389,0.0400756448507308,-0.2514041364192962,1.0619125366210938,-0.0617653802037239,-0.338840126991272,-0.3505962789058685,0.1020156890153884,-0.0128545742481946,-0.2467370778322219,0.8902862668037415,-0.7341428995132446,1.4908009767532349,0.1811008304357528,-0.095840536057949,-0.2637326717376709,0.078388825058937,-0.0842657387256622,0.383993536233902,-0.6185378432273865,0.5441694855690002,0.1768823564052581,1.0294491052627563,-0.2234426140785217,-0.123551994562149,0.535986065864563,-0.0185154695063829,0.4372779726982116,0.1871225237846374,0.2563006579875946,-0.169576495885849,-0.1905618011951446,-0.4083457291126251,0.147109717130661,-0.1906646192073822,0.1804751604795456,-0.1623864918947219,0.6506508588790894,-0.6856341361999512,0.0207714401185512,0.0801436305046081,0.5251412391662598,-0.1489992588758468,0.5699613690376282,0.6552631258964539,-0.4029736816883087,0.0719710811972618,0.2270816564559936,0.0152651006355881,-0.5923919677734375,-0.2474207729101181,0.2751559019088745,0.0559971444308757,0.0935863703489303,0.3795277774333954,-0.3104695081710815,0.5262947082519531,-0.1554690450429916,-0.3090550303459167,0.7421126365661621,0.3248776197433471,1.0074902772903442,-0.1159013956785202,-0.0603499189019203,0.1926866769790649,-0.8887192606925964,0.4231337010860443,-0.1655093878507614,0.3203942477703094,0.579544723033905,-0.6267620921134949,1.0005608797073364,0.0516397580504417,-0.056191861629486,0.2780204117298126,-0.0257949437946081,-0.1430043429136276,0.6821844577789307,0.556321382522583,0.535772442817688,0.1373044699430465,-1.026925,-0.4857464,0.70852774,1.147282,-0.30482128,-0.9872113,-1.1741002,0.42349195,1.2228653,-0.16539857,0.08603088,0.13960111,-1.7207781,2.2492483,-0.53402746,0.34274146,0.67177033,-0.7021065,0.4313871,-0.4139699,0.15599434,0.30906257,1.0219977,-1.0242575,0.56131124,0.52293384,0.6570447,-0.3562275,-0.79971486,-1.1062672,-0.09977532,-1.0461655,-0.7374039,-0.20351152,0.2469449,-1.1295334,-1.0433398,1.4340616,0.023698786,-0.9081233,-1.0319222,0.29095355,-0.15156525,0.17373864,-0.5048673,-0.268795,1.6452245,-0.41401705,0.56235594,-0.4336101,-0.88943195,-0.6923313,0.023906598,0.51089317,0.5501569,-0.26834255,1.2381114,0.77010393,0.3046518,-0.34692612,0.311358,1.1494731,-0.9237113,-0.049688447,0.48915014,0.750254,-0.09445241,-0.40939558,-0.61789614,-0.400887,-2.7203693,-1.0018486,-0.047631547,1.5380287,-1.4316607,0.8194011,0.23319446,-0.2063516,0.23473127,0.018962234,-0.005836437,0.012660213,-0.84971666,1.1087998,-0.495903,-0.9420174,-0.37648404,-0.31095836,-0.86820453,-0.07846081,0.047576915,-1.7452984,-1.2877022,-1.4586245,0.7374621,0.23849928,-0.89117056,-1.0928072,-0.7456357,0.24132292,0.089993335,0.90685874,0.2766222,-0.19591548,-0.9872729,-0.014861372,-0.45639,-0.68486285,-0.5331838,0.811408,0.14435077,0.6059126,0.8967447,1.2622486,0.52690196,0.9038026,-1.1831361,-0.9074457,-0.9543195,0.17374039,0.8496782,0.47861218,-0.71162945,0.7610013,0.33815446,0.8055056,-0.21466623,-0.7674379,0.3097454,-0.18585567,0.7650096,-0.12140419,1.9140415,0.6839592,-0.923237,-0.5056038,-0.44561097,0.2693641,-0.57098466,-0.64569205,-0.63153106,0.15327947,0.046682198,-0.07238238,0.3329191,-1.4614654,-0.22734809,0.4976817,1.1576293,0.41382304,0.2322781,-0.5375029,-0.85981375,0.7932847,0.9085727,-0.21933179,0.0057869055,0.016886683,-1.7684045,1.4432257,0.052772116,1.343213,-0.90039486,0.05260846,-0.23349135,0.8015129,-0.8689463,0.104909934,-0.6755016,-1.8411474,-0.4558423,0.042204488,0.4553975,0.124843515,0.37120056,-0.3568778,0.5215973,0.21322674,-0.9909715,-0.73721576,0.7029012,1.2535619,0.40726522,0.8427704,-0.4253211,0.5356191,0.78081894,0.5895019,0.6039496,0.5394919,1.3430357,-0.89045256,0.748115,1.2119218,1.2274987,2.7005875,0.58590776,-1.4837679,-0.99070334,0.82832605,-1.9940532,-0.35815907,0.9227336,-0.750912,1.0326201,-0.6363986,-0.638189,1.3522407,0.41810617,0.11643517,-1.1796464,-1.4657277,0.91930944,0.763479,-0.5286432,-0.13678959,-0.8672102,0.24074496,-0.19590956,-0.26815274,0.32061633,0.21197034,0.70280343,1.4084787,-1.0317725,0.9614125,0.31739646,0.5450384,0.18904316,0.80408424,-1.2068242,0.29684806,0.36496976,-0.41929802,-0.19666441,0.8225977,-0.6542819,1.0312027,-0.7565672,0.6976042,0.43947187,-0.5160591,-0.03622304,0.089677274,0.9056914,0.61730486,1.6623403,0.018105395,-1.3828255,-0.26915684,0.86892295,0.9743338,0.4959916,-0.16736782,1.2075804,1.0506133,-0.5215264,0.055228904,-0.7990722,-0.33768713,-0.17756893,1.0070553,0.41969308,-0.050272007,0.6387897,-0.88227564,-0.8231504,-0.17069773,0.22986706,-1.0160377,-0.77976966,-0.73997325,-1.2077707,-0.19718154,0.21820132,0.13064311,-0.6395994,-0.32635835,-1.196336,0.64128923,0.7205555,-1.5842037,-0.65509796,-0.2064538,-0.26510137,0.4381003,-0.011774157,0.19620407,0.45766282,0.40294516,-1.1503723,1.1046237,-0.08702529,0.22398801,0.98981166,0.1446494,0.90563685,-0.32727534,0.38335785,-0.8453204,0.36240578,0.8113443,-1.3498745,0.70112056,-0.52838117,0.0043278136,0.9571299,-1.4549538,-0.5483305,-0.37865126,0.3209601,-0.088668525,-1.3722359,2.0854735,-1.4569407,1.3012983,-1.6106433,-0.4967567,-0.7456543,-0.013586991,-1.2759794,0.94639677,0.28717595,-0.053752527,0.9584064,-0.0007588615,0.49605176,-0.00042910627,0.76637477,1.1538578,-0.2894214,0.6889982,-0.7972364,-1.4328743,0.21993762,0.61072785,-1.2097096,-1.4088641,-1.3580667,-0.3384756,0.59620565,-0.43587217,-0.066314265,0.60158986,-0.31600282,1.1258204,-0.88982004,-0.34900364,0.043730184,-0.8387683,1.464717,0.14831798,0.9734964,-0.8453296,-0.58654577,0.619245,-2.085932,-0.0463161,-0.5031077,1.8984648,0.63720065,0.21592648,0.43883133,0.5972071,-0.64911014,0.0118117845,0.8817206,0.0047729113,1.9546341,0.73532915,-0.5100207,1.3619174,0.0891965,0.5379046,-0.7124596,-0.42150322,1.8602012,-0.13497429,-0.8651312,-0.14650796,-0.21918684,0.03787906,0.07085557,0.3543848,0.29558277,-0.21699108,0.56783265,0.4594289,-0.87435883,-1.2074835,-0.59331244,0.2025565,1.6213573,1.0994209,1.4340607,-0.26081964,-0.7746069,-1.3390379,-0.210292,1.3352424,0.13755159,0.046935517,-1.5134192,0.05277261,0.028420879,0.16907318,-0.86304396,-1.5473986,1.6227641,0.26361102,0.653684,1.696345,-0.69939584,-1.3498102,-0.24798465,0.9025543,-0.1615497,-1.2587492,-0.75234216,0.50850135,-0.61710495,1.2381505,0.69140124,-0.1656809,-0.3288486,-0.1692999,0.5620916,0.9221917,-0.6836589,-1.0742077,0.16004083,0.6989093,-0.98389035,-0.18807484,0.6912708,-1.8649651,0.42075077,-0.47362527,-0.17526646,-0.31498995,-0.341295,-0.6535557,0.021269051,-0.01716111,-1.0841557,-0.7952989,-0.110519476,-1.5531362,-1.6830386,1.008473,1.618666,-1.2177982,0.302102,0.2971692,0.3077775,0.38587466,0.030485168,-0.46269533,0.63302636,-0.5075329,-0.27619496,-0.10097044,-1.254622,-0.31718972,0.33351955,-1.1941017,-1.138878,1.2895263,0.67328835,-1.8396921,-0.87177896,0.052037258,-0.8671786,0.24452792,0.65037686,0.12676835,-0.23888075,-0.6568797,-0.25398636,-0.2969838,0.5115373,0.1430395,-0.11827836,0.4897932,-0.00060212985,-0.05936228,1.5905336,0.38037434,0.8117605,0.9098372,0.3597746,-0.78480196,0.41916224,-0.078107424,-0.41849932,0.8236647,-1.4104695,-0.90127724,1.1780446,-0.28431335,-0.98663837,-0.16190708,0.56826395,-0.38445917,-0.009628731,0.22950411,1.0424345,1.5408945,0.8924728,1.7761048,-0.7107772,-1.121696,-0.8361221,-0.22313893,-1.0962822,-0.5449683,0.49984264,0.71767974,2.46685,-0.7370053,-0.0041143745,0.9653284,-0.6775493,-1.0444945,0.5180131,0.75608855,-0.6333539,-0.2663504,0.3300412,-1.1499716,0.006215205,-1.7937571,-0.28558865,0.46522522,0.7201619,-0.7921564,-0.36870435,0.221026,0.16989242,-0.995025,0.3120934,1.2771268,1.1833452,-0.4426827,-0.97367233,0.34336174,-0.35824978,-1.3961252,-0.15357722,-0.51367164,-0.7646796,0.075141795,-0.65585476,0.047469806,-1.0999731,-0.49351728,1.4051706,-0.03501328,-0.16489299,0.2196712,-0.0357196,1.56015,-0.4395077,-1.1360375,0.8992805,1.1084561,-1.5627004,0.3074954,-0.81167436,0.78673744,-0.5398303,0.84638864,1.1573536,1.0567794,0.020404717,1.3073207,-0.5455973,-0.52486914,-0.4625635,0.4690056,-0.07718906,0.9636403,-2.0016186,0.9363966,-1.5166229,-0.88420266,0.21462394,0.7215691,-0.53842777,0.17201425,-0.43529558,1.0223035,0.28749266,-1.0778701,1.1926517,1.9173918,-0.7327903,-0.37307385,0.44520196,0.13522352,-0.74172455,-0.08998928,2.5173855,0.5009502,1.3341223,-1.2076244,-0.565794,0.4593984,-0.016547335,-0.59581035,-0.44453314,-0.9231138,0.0025943157,0.38649032,-0.38487098,0.7881499,-0.60322034,0.7597721,0.8453204,-1.0851547,0.083510846,0.3796152,-0.5190133,-1.345098,-1.5788255,0.50011,0.8035441,-0.8034858,0.46170652,0.9440803,1.5065035,0.4593872,-0.34431085,-0.5728639,0.4809884,0.799047,0.8278539,-0.4650873,-0.58184266,0.6930106,1.1781741,-1.0489782,0.7384994,0.15919197,-0.9855146,-1.8656672,0.77183884,0.86716294,-0.082208164,0.86228174,0.54559857,-0.016627274,1.033129,-0.49509767,0.20054261,-0.23748,-0.64784914,0.2639104,-0.014625967,-0.89321136,0.4882199,-0.9285504,-0.22996251,-0.1671841,0.8890228,-1.0234011,0.5879214,-0.24731232,0.745797,-0.036515158,0.28634837,-1.0880762,-0.058267295,-0.4978262,1.5529194,1.2431637,-0.38799575,-1.3037442,-0.07087812,1.0256361,0.7893338,0.03860866,0.35195515,0.16524892,-1.1345106,-0.18680422,-1.0613278,-0.7949111,0.15269758,0.85750026,-1.1210711,1.309755,-1.807213,0.69412154,0.08290265,-0.9013879,0.13594232,-0.06906391,-0.5169876,1.9049225,1.0580915,-0.5361429,0.11413023,0.9670081,1.4802299,0.005451148,-0.04870217,-1.2862557,0.64758223,1.3183546,0.19120373,-1.0653137,-0.080131866,0.10930575,0.13475998,1.6866103,-0.17896152,-0.49641445,-0.5126841,-0.1339806,-0.91591716,-0.22145386,-0.5664301,0.02244583,-1.4545655,0.2031247,-0.33108717,-0.89995,0.6599999,-0.8624235,0.3137469,0.14940764,1.3050132,0.38300034,0.82864875,0.411459,-0.4170052,-0.15876539,-0.58836985,-0.4462351,0.4699509,-0.9690223,0.40911224,0.39234295,1.0106455,1.3832049,0.57510734,-0.75679046,0.42360258,-0.00437665,0.197461,-0.06513193,-0.8371387,-0.8544542,-0.25164655,0.45311388,0.42261687,-1.3018515,-0.38503835,-0.042221915,0.5335777,0.014102559,0.68949133,0.13742241,0.3145423,1.7824663,0.9268616,-0.18515109,-0.6859223,-0.8559862,0.50913185,1.1514255,-0.7179132,-0.6914644,-1.7977494,0.45673922,0.67097664,-0.10276565,0.18913825,0.12688793,-1.5600038,2.8371255,-0.66514885,-0.381511,1.0362048,-0.7190571,0.22780912,-0.017239422,-0.26449463,0.25042105,0.6493149,-0.41596255,0.83717126,0.7122648,0.83129334,0.09495213,-0.9077506,-1.2512354,0.28394705,-0.51044583,-0.39898217,-0.054495025,0.7094326,-0.8698824,-1.8460046,1.405117,-0.17446585,-0.38763055,-0.5239586,1.020542,0.19482805,0.007741245,-0.23478408,-0.18352596,1.2637852,-0.9055957,0.49148706,-0.21942389,-1.1429304,-0.40878567,0.04170311,0.64935154,0.74066335,-0.25663668,1.2601303,0.55157185,0.47186217,-0.4691923,0.028307756,1.0673064,-0.91820884,-0.18316959,0.06500945,0.83899957,-0.21671802,-0.6322455,0.23937553,0.13508607,-2.213344,-1.2007269,0.13041729,1.9297462,-1.2801133,0.6870522,0.25623155,-0.62196124,0.26110974,0.49917483,0.4326942,-0.3658973,-1.3296613,1.3662668,-0.23305835,-1.0067844,-0.091141485,-0.6114823,-1.2441036,-0.12769108,-0.32210624,-1.6473831,-1.0743214,-1.6557604,1.3429369,0.55734795,-0.8897093,-0.9844919,-1.486136,-0.12301312,0.32933322,1.3610054,0.34791628,-0.48244855,-0.98509294,-0.93319017,-0.64244753,-0.8617048,-1.1043955,0.67902845,-0.32840183,0.6275646,0.7462249,1.6677867,0.3040008,0.65747964,-1.3251094,-0.32992202,-0.45617476,0.5528085,1.2605925,0.61122006,-0.2090047,0.6026234,-0.03666517,0.550143,-0.2022634,-0.44973215,0.6565308,0.10163582,1.1271785,0.24404776,2.2953281,0.37209275,-0.6850776,-0.9026639,-0.021183753,0.22150056,0.23374073,-0.6742699,-0.57685703,0.16414669,-0.3296742,-0.5179809,0.38065174,-1.1835127,0.2749667,0.956768,1.4352671,-0.08264608,-0.019023681,-0.20587926,-1.3600267,0.6488746,0.87918377,-0.0020599365,0.0008693437,0.46843377,-1.5314959,1.7834975,-0.19096725,1.2452852,-0.71294993,0.6215443,-0.113386504,0.93673426,-0.6436247,0.9450616,-0.53832096,-2.24077,-0.43886146,0.20495062,0.7195843,-0.13905722,1.2557893,0.10922232,0.68283015,0.20563108,-0.72277045,-0.5210789,0.82678264,0.93477196,0.26122317,1.357585,-0.8590649,0.49089468,0.9495013,0.5579143,1.3396825,0.081590585,1.2638022,-1.0477437,1.3760446,0.7796614,1.266407,3.0713882,0.63616395,-1.7465712,-1.4087378,1.7692376,-2.576689,-0.2254272,0.39962897,-1.048612,0.95997095,-0.80047154,-1.009952,1.7227588,0.654638,0.068031855,-1.4445187,-1.6570545,1.282488,0.8328452,-0.33702552,0.023572667,-0.7457041,0.1753339,-0.20898278,-0.78719634,0.6672189,0.40257,0.9431491,1.3561954,-0.3684027,0.60512847,0.23621367,-0.4700936,-0.114162095,0.74108696,-0.79587287,0.33669534,0.51354605,-0.1874023,-0.65779763,0.18188222,-0.6488511,0.8711548,-0.2620979,0.49029294,-0.006886117,-0.6449444,0.123116575,-0.36235812,0.47299555,1.130884,1.9204575,0.61285764,-1.654849,-0.15859084,-0.0014534792,1.0631224,0.46512088,-0.033753753,0.48363152,1.0291837,-0.50765395,0.35891536,-0.43429098,-0.48073888,-0.052023966,0.7239159,-0.13003139,0.16679782,0.39654326,-0.3294941,-0.8613908,0.1122849,0.80495405,-0.34917045,-0.45788917,-0.30526373,-1.1194154,0.05780452,0.3496412,0.4042125,-0.37667525,-0.6111556,-1.1558923,0.43945917,0.70265293,-1.9535885,-0.11301573,-0.4883313,-0.2566776,0.2570475,-0.17850661,0.29892436,0.49779165,0.2705915,-1.2331879,1.5756472,-0.19601655,0.4906151,1.1095124,-0.02052536,1.1763262,-0.43143478,0.3598988,-1.076995,0.48875058,0.49071133,-1.5452052,0.8007758,-0.9089866,-0.5387884,0.4264649,-1.2147712,-0.44388226,-1.1074818,0.28197584,-0.29790413,-1.598639,1.9694982,-1.5286621,1.5285392,-1.6044029,-0.029440582,-0.64047456,-0.31430224,-0.5311695,1.0926634,0.41600522,0.35020852,1.0253528,0.22607423,0.68030006,0.5597947,-0.030639008,1.2577313,0.25730756,0.6078366,-1.0705284,-1.8691335,-0.10042132,0.7811379,-1.1493024,-1.2312139,-0.8373578,-0.576723,0.32859233,-0.4730498,-0.4235272,0.47832003,-0.23999076,0.7161517,-1.0303296,-0.39493033,0.27903426,-0.7381079,1.6578401,-0.4437002,1.3715047,-1.1295341,-0.2984876,0.5495383,-1.4336314,-0.20412958,-0.12137594,1.5472159,1.1075721,0.6115693,0.3852704,0.74385214,-0.53994685,0.26386952,1.1767422,0.123371065,1.9856228,0.5700041,-0.926168,1.2909038,0.033946168,0.5474226,-0.05098629,-0.5538201,1.9654237,-0.19169217,-0.57134706,-0.02219061,0.32275358,0.11877519,0.47678146,0.79385585,0.7028102,-0.048545446,0.47406682,0.6338895,0.1929368,-0.8107396,-0.77704614,0.43066025,1.2266442,1.146335,1.8231095,0.21054871,-0.73591137,-2.0188189,0.33888242,1.1607558,0.4079651,0.36952436,-1.6462278,0.5703913,-0.0685279,-0.02801685,-0.8544564,-1.2070507,1.4152244,-0.07570752,0.6204656,1.6746758,-1.0194848,-1.6100864,-0.23428714,0.17212208,-0.5939368,-1.3550106,-1.2255768,0.279173,-0.6479654,1.1650344,0.5560309,0.88018113,-0.49689305,0.13341628,0.5638493,-0.057315543,-0.98028845,-0.4700353,0.07011113,0.50178975,-1.4218035,-0.35617962,0.51555604,-1.76503,1.0312135,-0.03465529,-0.2631276,0.13487364,-0.3404992,-0.92164683,0.24162394,-0.17281143,-0.5039318,-1.2207745,0.2976242,-1.7753229,-1.4379724,1.0449318,1.1370205,-0.9397891,0.39660117,0.53998715,0.18582465,0.51921207,-0.4464668,-0.4849886,0.42698207,-0.5154651,0.031025857,-0.26916784,-1.0211178,-0.21279521,0.4012368,-1.3191365,-1.0853533,1.5271391,0.52399594,-1.543971,-1.1063792,0.034999706,-0.7319893,0.7371335,0.4299326,0.04797326,-0.4302586,-0.80788356,-0.19850385,-0.0052091777,0.75702137,0.057522815,-0.41721293,0.23119026,-0.4102318,0.70166636,1.4564956,0.35537648,1.4272871,0.81842947,0.10697486,-0.5990348,0.5394568,-0.12303007,-0.71918184,0.56185716,-1.1016293,-0.62036633,1.3496885,-0.52263707,-0.7859988,-0.017892167,0.879939,-0.53400683,-0.31849694,0.41024038,1.1183327,1.3242345,1.0666112,1.399686,-0.32375777,-0.6468132,-0.5579708,-0.16639674,-1.1568494,-0.7033129,-0.36845168,0.80307317,2.2723114,-0.21633649,0.52909565,0.39613366,-1.2082638,-1.1322085,0.44466376,0.38069013,-0.34176838,-0.39808437,0.41557944,-1.4222779,-0.3940108,-1.7242326,-0.5732856,0.14529952,0.92988706,-0.88920355,0.21062307,1.0293252,0.5030778,-1.2667354,-0.07239573,1.0490569,0.87046856,-0.27006564,-0.93964297,0.047630902,-0.8970113,-1.4936918,-0.6971658,-0.8382177,-0.8738019,0.18785577,-0.27829787,-0.59531826,-0.59438735,-0.5161128,1.4546407,0.08191205,-0.55532795,0.46821713,-0.84222364,1.3941685,-0.6026185,-0.31990144,1.3862532,0.18291692,-1.4769311,0.6458987,-1.555905,0.76946455,-0.54990906,0.6082353,1.4646038,0.511097,-0.4363017,1.5631787,-0.56580395,-0.56272125,-0.5766385,-0.08355188,0.028036723,0.46564186,-1.8065323,1.0866429,-2.1780636,-0.45719242,-0.43016386,0.5202544,-0.60100865,-0.19162971,-0.33087322,0.82430714,0.82773334,-0.81097007,0.6149854,1.8954716,-0.640592,-1.1836746,0.61210734,0.14353833,-0.48399067,0.05802399,2.4458344,0.96336716,1.0177449,-1.350204,-0.6614706,0.64525545,-0.5042879,-1.076597,-0.9142359,-0.25638407,0.21137325,0.105578035,-0.4158524,0.86766785,-0.49244568,0.40893593,0.70491314,-0.84590477,-0.31963226,0.27778265,-0.535619,-1.43042,-1.638741,0.009569377,0.97984004,-0.6240051,0.35913312,0.7638746,1.0973579,1.0141832,-0.4331287,-0.83760685,0.3565786,0.950692,0.9871695,-0.88851,-1.2592853,0.826152,0.6970064,-0.16354032,0.35701904,0.59670365,-0.66891557,-1.6772747,1.004418,0.6897216,0.037019696,0.72774625,0.34809396,-0.33415413,0.37277445,-0.3925945,0.48621893,-0.47806844,-1.07698,-0.20041949,-0.18333615,-0.92121935,0.39847517,-0.4764949,0.45212469,-0.59349555,0.3217799,-1.8551493,0.5438964,-0.13815223,0.49719957,0.3090332,-0.059345704,-1.2001898,-0.5832358,-0.547775,1.4681898,1.1010946,-0.031111559,-0.81141615,0.16987889,1.1479248,0.49169537,-0.5621325,0.43471554,-0.016781827,-0.780819,-0.07338131,-0.9425812,-0.8912867,0.35686707,0.3696474,-0.9430737,1.3290037,-1.8051339,0.83967733,0.02221497,-1.6131397,-0.12975757,0.07580397,-1.0455569,2.037214,1.5700941,0.022684554,0.055147517,0.7634886,1.2589978,-0.5750827,-0.1520518,-1.5822687,1.2406172,1.2861367,0.541234,-1.403958,0.19030456,0.85043555,-0.5382996,1.2349873,0.19996195,-0.22204727,-0.60060793,-0.7097475,-0.45736814,-0.6824973,-0.74137235,0.30380523,-0.8891518,-0.084829144,-0.17143674,-1.0942842,0.37365448,-0.52752537,-0.26333758,-0.09554678,0.62559813,0.23782597,0.74863213,0.2559676,-0.8637065,-0.26279393,-0.67212695,-0.7926853,0.60453206,-1.0270292,0.3600588,0.22843331,0.99413663,1.6037521,0.31859437,-0.58556384,0.3246871,-0.24325079,0.43529406,0.035274882,-1.447626,-0.6850116,0.030810753,0.7680173,0.5620277,-1.3427444,-0.22586215,-0.23616338,0.3963929,0.03797989,0.25039417,0.090225935,0.55282766,1.8711048,1.0221514,0.06696952,1.0
エ,0.0749431177973747,0.5010326504707336,0.3710091114044189,-0.6560860276222229,-0.0393311083316803,0.1110338270664215,0.0859642401337623,0.0129492720589041,0.0309907756745815,-0.211056187748909,0.9358340501785278,0.1515482664108276,0.2768792510032654,-0.5607249140739441,0.5666325688362122,-0.4205234050750732,-0.0514361336827278,-0.409527987241745,0.0087934993207454,-0.2534026503562927,-0.662889838218689,-0.5673192143440247,-0.4004799723625183,0.3462963700294494,0.2720090448856354,-0.3106721639633178,-0.0153719121590256,0.1219049021601677,-0.0711736679077148,-0.1898295879364013,-0.5257799029350281,-0.5601031184196472,-0.0119114443659782,0.3211928606033325,-0.5740010142326355,0.2335926294326782,-0.0217736177146434,0.2182086557149887,0.381268709897995,-0.3959852457046509,0.1372956931591034,0.4798860251903534,-0.0752676799893379,-0.2060661315917968,-0.0997740179300308,0.5041969418525696,0.1902588605880737,0.2213988602161407,0.1714688241481781,0.0679966434836387,-0.4217140674591064,-0.0168467536568641,0.2043122053146362,-0.1903988867998123,0.0538444705307483,0.4335804581642151,0.0571286678314209,-0.5621520280838013,-0.0375801064074039,0.3367684483528137,-0.4257773756980896,-0.3871409296989441,-0.4007278382778168,0.4770677387714386,-0.31719970703125,-0.2118542194366455,-0.2097134888172149,0.0095695564523339,-0.440587431192398,0.0129947438836097,-0.3038898408412933,0.0424129404127597,-0.0943005010485649,-0.6754307746887207,0.8318064212799072,0.0375881008803844,0.4462927281856537,-0.6719961166381836,-0.1212290599942207,-0.1193667128682136,-0.5262832641601562,0.3429143130779266,-0.2234872728586197,-0.6913549304008484,-0.4837868809700012,0.3528997004032135,-0.6478340029716492,-0.7440022230148315,0.7960655689239502,-0.0685420781373977,0.0856943354010582,-0.0958595424890518,0.2736121714115143,0.4215126633644104,-0.1404181718826294,-0.0187079757452011,0.2700517773628235,0.0099487397819757,-0.0817176774144172,0.3633236289024353,-0.0221207719296216,-0.186085358262062,-0.0417227186262607,-0.0841543450951576,0.1982919126749038,-0.2140036225318908,-0.0435556881129741,0.1449015885591507,-0.0029432601295411,-0.0543723404407501,-0.1221221834421157,-0.7235029339790344,-0.2588759660720825,0.2878579795360565,0.1313011646270752,0.0211674720048904,-0.2963569760322571,0.8375142216682434,-0.4395132958889007,0.4824954271316528,0.0797572657465934,0.3578066527843475,-0.1532616764307022,-0.2701750993728637,-0.2237030118703842,0.574558675289154,-0.102646104991436,0.3830364048480987,0.1745470762252807,-0.5298358798027039,0.2133499234914779,-0.2185020595788955,-0.1887807995080948,0.4014162719249725,-0.0559132732450962,0.6713578701019287,0.2789525687694549,0.4715734720230102,0.3285359144210815,-0.7746561169624329,-0.0957909896969795,0.3114047646522522,0.2697217166423797,-0.3401710391044616,0.5627554059028625,-0.2159447371959686,0.2518156170845032,-0.0929246991872787,0.1412185430526733,0.3115687370300293,0.1791305094957351,1.2047104835510254,-0.2105723321437835,-0.1966185718774795,-0.2365557551383972,-0.051765888929367,-0.3071994185447693,0.1252636611461639,0.1052574664354324,0.4957506954669952,0.4416899681091308,-0.3907606899738312,0.0425344593822956,0.4740809500217438,-0.2821821570396423,0.6412449479103088,0.5071831941604614,0.0508637130260467,0.3439184427261352,0.6333444118499756,-0.0284297224134206,0.5089585781097412,-0.1086053624749183,-0.5634750723838806,-0.0309455096721649,0.7188382744789124,0.311085969209671,0.6358630657196045,0.6108752489089966,-0.8965632319450378,-0.1295465379953384,-0.1185513958334922,0.4232197403907776,-0.8145791888237,0.4032543897628784,-0.3262531161308288,0.0159038063138723,-0.214253544807434,0.1698854565620422,-0.1010085046291351,-0.698457658290863,-0.0076903025619685,0.1109161227941513,-0.1491693258285522,0.0695568621158599,-0.2233514934778213,-0.0167310871183872,-0.015342017635703,-0.4737337827682495,0.6624923944473267,-0.1559403836727142,0.2207432687282562,0.0569845475256443,-0.5219500660896301,-1.2316482067108154,-0.4402652084827423,0.1799165308475494,0.6104909181594849,0.1239572167396545,0.150706797838211,0.1248641982674598,0.5599746108055115,0.17961485683918,0.4113308787345886,0.8713894486427307,0.0085140224546194,-0.808025598526001,-0.4608233869075775,0.7838011384010315,-0.863122820854187,0.0805009827017784,0.1366147398948669,0.2772863805294037,0.1550791710615158,-0.7040775418281555,-0.0131914457306265,0.4275945723056793,-0.072159469127655,0.1844909191131591,0.793224573135376,-0.0839586034417152,-0.751721978187561,-1.2341216802597046,0.1730105280876159,-0.6860142946243286,0.2278774529695511,-0.5205190181732178,0.5394347906112671,-0.2303494960069656,0.7310740351676941,-0.1670832484960556,-0.0219035483896732,0.3549574315547943,-0.2393565475940704,-0.5964962244033813,0.2471265792846679,0.277322769165039,-0.6431230306625366,-0.8614026308059692,0.1485059857368469,-0.3955720067024231,-0.3469831049442291,0.5136789679527283,-0.1920532435178756,0.4309240579605102,0.2742425203323364,0.3554822504520416,0.2859397530555725,-0.1083761602640152,-0.1788811236619949,-0.4731722474098205,-0.5599711537361145,-0.2128765732049942,0.3954005241394043,0.357731431722641,0.4167017638683319,0.235432744026184,-0.5407547354698181,-0.7101407647132874,0.0172899886965751,0.2256495356559753,-0.8143934011459351,-0.1771579086780548,-0.4117016196250915,-0.3668525516986847,0.4502196907997131,-0.010294952429831,0.3205542862415313,-0.0579238422214984,0.6466991901397705,-0.3707708418369293,0.1495065540075302,-0.6712538599967957,-0.1695050746202469,0.0971602499485015,-0.1352232992649078,-0.5953330993652344,-0.5814643502235413,-0.6016782522201538,0.3324083983898163,0.27141934633255,0.1118214651942253,-0.450823575258255,0.162023589015007,-0.2617408037185669,0.1260527372360229,0.7692469954490662,-0.1068775355815887,0.0980919077992439,0.8634207248687744,0.2058811634778976,0.1528165489435196,0.1129610240459442,-0.2915551662445068,-0.0847493857145309,-0.6286470890045166,-0.3785236477851867,-0.3954266309738159,0.6105015277862549,-0.3894446492195129,-0.1456832438707351,1.0077064037322998,-0.1247380748391151,0.1983711421489715,0.8306106328964233,0.6311897039413452,-1.380234956741333,-0.0884410068392753,0.1388814002275467,-0.0937888920307159,-0.2333306223154068,0.3486403524875641,0.3726886212825775,0.0771161168813705,-0.1585301458835601,-0.2015129178762436,0.8199771046638489,0.6578356623649597,-0.3070632815361023,-0.4453116059303283,0.5956208109855652,0.1386835277080536,0.3188926875591278,0.0521704368293285,-0.1059231013059616,0.3507256507873535,-0.4518594443798065,0.2438142448663711,-0.4377323389053345,-0.2286379337310791,-0.1234437376260757,0.199282705783844,0.0153326885774731,0.3558323681354522,-0.1752387136220932,-0.1933534294366836,0.5626264810562134,0.920954167842865,0.3658363819122314,0.7407443523406982,-0.1070056408643722,-0.0405289568006992,0.2043249756097793,0.6213338971138,0.2409420162439346,0.1001663953065872,-0.5828248262405396,-0.2984749674797058,0.3780459463596344,-0.211902230978012,-0.4752582013607025,0.5304667949676514,0.1041564494371414,-0.2018498927354812,-0.477229505777359,0.7384042739868164,0.5590384006500244,-0.2059563547372818,0.6611539721488953,0.5554072856903076,0.6567457318305969,0.2722589671611786,-0.1388095766305923,-0.3048117458820343,-0.0825459584593772,-0.0733940079808235,-0.0752356722950935,0.1497256457805633,-0.3450393676757812,-0.2782748341560364,0.0019222253467887,0.0486252047121524,-0.4260407090187073,0.1734906882047653,-0.2195824682712555,-0.6376174688339233,-0.7793687582015991,-0.063861608505249,-0.5986669063568115,-0.4026835560798645,0.1535077095031738,0.3492183685302734,0.4964047968387604,-0.7464361190795898,-0.1271601021289825,0.251165896654129,-0.4921227097511291,-0.0871448442339897,0.3863778412342071,0.2233757823705673,-0.2901251018047333,0.3032810091972351,-0.3707574307918548,-0.4037947356700897,-0.5771791338920593,-0.044406022876501,-0.104837954044342,0.2173322588205337,0.4064656794071197,-0.2222395986318588,-0.0843929201364517,0.4954863786697387,-0.3509054481983185,-0.1521254926919937,-0.3213151395320892,-0.2467758059501648,-0.3823592960834503,-0.0004126716521568,0.2382006198167801,-0.0721666291356086,0.4457323253154754,0.12066450715065,0.2801474034786224,-0.2946795523166656,0.0558578930795192,-0.0915755033493042,-0.0672047361731529,-0.6947820782661438,1.043548822402954,-0.2698815464973449,0.6022354364395142,-0.1585612595081329,-0.1920691132545471,0.5223063826560974,0.1901698559522628,-0.3558352589607239,-0.0084017505869269,-0.0078360205516219,-0.7592402100563049,0.3996194899082184,0.1867904961109161,0.4296346008777618,-0.6996725797653198,0.2841742932796478,-0.0073746871203184,-0.3833093047142029,0.3453073799610138,0.0295856371521949,-0.0858638137578964,-0.176126018166542,0.2847397327423095,1.128198742866516,0.2592743933200836,0.5765736103057861,0.2231803685426712,0.0346827544271945,-0.2903764843940735,0.3834536373615265,0.5880371332168579,0.4451239109039306,-0.0262109413743019,0.0362952724099159,-0.5897907018661499,-0.1578114777803421,-0.2345291525125503,-0.1075652614235878,0.2756355404853821,-0.0312539003789424,0.4429961740970611,-0.2004246711730957,0.0638856515288353,-0.1451282352209091,-0.9031107425689696,0.1222156733274459,-0.1834559738636016,0.1905830055475235,0.6729186773300171,0.0866291671991348,-0.1776756793260574,0.6918963193893433,0.0155387427657842,0.2878796756267547,0.2941742241382599,-0.5048111081123352,-0.2961974442005157,0.0720140784978866,-0.2909269034862518,-0.0977205261588096,0.2293915599584579,0.3342984318733215,-0.4124390780925751,-0.684638261795044,0.3148770630359649,0.1597632616758346,-0.0436460860073566,-0.2034602612257003,0.176448568701744,-0.1126431450247764,-0.4202786982059479,-0.3832724690437317,-0.4151628315448761,-0.3104378879070282,0.1650653779506683,-1.2466304302215576,-0.2332406938076019,0.1884365230798721,-0.2688154578208923,-0.0736619308590889,0.4764087200164795,-0.3358447849750519,0.1452673226594925,0.2703050971031189,0.2237081676721573,-0.2590507268905639,0.0192719046026468,-0.0795586183667182,0.0360382497310638,-0.1438534706830978,0.817067563533783,0.1579559445381164,0.5941767692565918,0.3027631342411041,-0.7028121948242188,-0.5920444130897522,-0.4645710289478302,-0.7179806232452393,0.6742623448371887,0.2435949891805648,0.8040297627449036,-0.008918591775,-0.1653932631015777,-0.0711243376135826,0.4084788560867309,0.0711899250745773,0.060596790164709,0.1597693860530853,-0.2148708552122116,0.5213537216186523,-0.7979964017868042,-0.7235814332962036,0.6335520148277283,0.1019856408238411,-0.4841380715370178,0.1760994046926498,0.4590330421924591,0.1125073805451393,-0.3673014938831329,0.0359121635556221,0.0998397096991539,-0.3449825346469879,-0.1475851982831955,0.0724823996424675,0.337226003408432,0.2343750745058059,-0.284378707408905,-0.2747551798820495,0.8732015490531921,0.5530959367752075,0.3112063705921173,0.0513002574443817,0.0139406127855181,-0.0974974036216735,-0.3201525807380676,-0.0299951583147048,0.4052170515060425,0.5808098316192627,-0.0588267035782337,0.5734966397285461,0.3379321992397308,-0.4853165745735168,-0.1704242974519729,0.954895794391632,0.0769428685307502,0.4070640206336975,-0.3711090385913849,-0.2573497295379638,-0.7029648423194885,0.1889971941709518,-0.3051510155200958,0.0327525250613689,0.6434774994850159,0.399682879447937,0.3450816571712494,0.1136735007166862,0.1362553387880325,-0.0839655026793479,0.3553557097911834,0.2357159852981567,0.3322381377220154,-0.1449383348226547,0.177589938044548,0.3900604546070099,-0.3421905934810638,-0.4446595311164856,-0.1966626197099685,0.3757204711437225,0.7618974447250366,0.0669720694422721,-0.0896947532892227,-0.1943534165620803,-1.4250625371932983,0.0408629849553108,0.2390487492084503,-0.1056598871946334,0.6612232327461243,-0.3579338490962982,-0.0024675633758306,0.5101805329322815,0.7155277729034424,0.904975652694702,-0.3297808766365051,-0.7374759912490845,-0.150851309299469,-0.0983057022094726,-0.2111362665891647,0.3975003063678741,0.1607130616903305,0.3469347953796386,0.2551337778568268,0.019056286662817,-0.0540425591170787,0.6164014935493469,-0.0906426012516021,-0.1723643839359283,0.5014562606811523,0.208467498421669,-0.0607839860022068,0.0516667477786541,0.0861604735255241,-0.0767332762479782,-0.333077609539032,0.0226525943726301,-0.4775790572166443,-0.1980053484439849,-0.0786902010440826,-0.0766219198703765,0.2640433311462402,0.0717762410640716,-0.1749752908945083,-0.2701096832752228,-0.0458554662764072,0.2411010712385177,-0.5189756155014038,-0.4917986094951629,-0.1243263110518455,-0.0921150967478752,-0.1277189403772354,-0.3560868799686432,-0.8639858961105347,-0.74403977394104,-0.0318985469639301,0.0938406363129615,-0.6164048910140991,-0.4533934295177459,0.3096181154251098,0.3297369182109833,-0.1638644486665725,-1.0943195819854736,0.4664691388607025,0.0408923849463462,0.5658580660820007,-0.4973099529743194,0.1925394237041473,-0.2818112969398498,-0.0399208925664424,-0.6177926063537598,-0.3555668890476227,0.4475041925907135,-10.153399467468262,-0.3599840402603149,-0.7595536112785339,-0.6855631470680237,-0.2458588033914566,0.2240585684776306,1.2206475734710691,0.3808872699737549,-0.4861872792243957,0.0686450004577636,0.1692031621932983,0.2285959124565124,0.0912148728966713,0.6852289438247681,-0.3793286681175232,-0.3994357883930206,-0.1460523605346679,0.1557333469390869,-0.0443009510636329,0.1980044394731521,-0.2460727840662002,-0.1713671833276748,0.3375617563724518,0.2444052994251251,0.0044457670301198,-0.3166196942329407,-0.5726965069770813,-0.1580016314983368,-0.1992977410554886,-0.0791026130318641,-0.4226790964603424,0.2348426133394241,-0.2147015035152435,-0.1036305800080299,-0.292151540517807,-0.0128618264570832,-0.1198069527745246,0.0942057892680168,-0.8203505873680115,0.4572871029376983,0.3889889121055603,-0.1811655312776565,0.32080078125,0.0758871957659721,0.350387841463089,0.0100688440725207,0.8307955861091614,-0.1307865381240844,0.3256823122501373,-0.0503523461520671,0.3469188213348388,-0.5069632530212402,0.2867747247219085,-0.3743391335010528,-0.1176211014389991,-0.0606089197099208,0.8165594339370728,-0.8023248910903931,0.0516206808388233,0.102803461253643,0.0552830509841442,0.1893246471881866,0.6527770757675171,0.3593394458293915,-0.2308391034603119,0.0804167315363884,0.2592554092407226,0.0644260793924331,-0.4231237769126892,-0.2595343887805938,0.0551220141351223,0.1739334911108017,-0.1747120320796966,0.0012442307779565,-0.2372197359800338,0.4570473432540893,0.5787063241004944,0.4222153723239898,0.2878996431827545,0.0781440958380699,0.3834221065044403,-0.5836068987846375,0.3235379159450531,0.0089804455637931,-0.6085178852081299,0.2586498558521271,-0.2114227265119552,-0.0624385923147201,0.3221389055252075,-0.6665878295898438,0.635194718837738,-0.480550467967987,0.0325992666184902,0.278866171836853,0.6550256013870239,0.1526957303285598,-0.2973670959472656,0.0376310832798481,0.3147817552089691,0.097697764635086,0.052151915,0.14311475,0.24767947,1.7879653,-1.082769,-0.36025468,-1.940535,0.7282776,0.77589214,-0.9927128,-0.39924085,-0.29528916,-1.8352779,2.5280302,-0.49139234,0.016178956,0.277785,-0.7166981,-0.8930047,0.8471781,0.550879,0.004973541,0.8677135,-0.53505135,1.4690152,0.8157129,-1.060331,-1.2569165,-0.8937752,-0.6126059,-0.6665383,-0.5713456,0.107751735,-0.43578833,0.74319035,-0.06451816,-0.9909492,1.8017898,0.1636105,-0.70308775,-0.7686457,0.81958616,-1.1521882,1.071979,-1.2678758,-0.082424,1.5446229,-1.582284,0.8806294,-0.37944764,-0.45799413,-0.100615315,0.044004258,1.2239224,0.5172959,-0.23970886,-0.29833052,0.15450816,0.3395227,-0.90154266,0.2433604,1.0524497,-0.8807262,-0.11502114,0.84715194,1.9715377,0.2012791,-0.2552245,-0.6318272,-1.3400292,-2.1791618,-0.8023566,0.14175764,0.42395404,-0.825322,1.8402576,-0.6078188,-0.48109907,0.26279682,-0.7879724,0.3247604,-0.47443265,-0.40130118,1.478768,-1.322525,-0.5232014,-0.6669435,-0.44212934,-1.0243746,0.5906765,0.6568884,-1.2364804,-1.5288604,-1.8799878,1.9279237,0.14448291,-0.39503828,-0.22458349,0.081819154,0.31202465,-0.015168637,0.802907,1.0057284,0.549064,-1.382585,-0.86739844,-0.24494474,0.18436393,-0.37914932,0.9248751,-0.09212027,0.20799369,1.2819717,2.1008072,0.6504228,0.8254047,-0.7366126,-1.9923766,-1.0418602,0.9396943,-0.13113466,0.069214635,-1.428298,0.008566437,1.1223487,0.3352724,0.042477418,-0.89504033,0.74651814,-0.7898199,0.83751774,-0.72694016,0.70939493,1.1691439,-0.2992232,-0.008147408,-1.6132352,0.92609924,-0.67276776,-0.25749218,-1.6245697,-0.59584236,-0.265528,0.038845316,-0.6360141,-1.4863529,-0.019539293,0.23454629,1.463061,-0.2502468,0.16511925,-0.31690702,0.08517802,1.1532512,2.0360515,0.06586194,0.3396133,-0.74271894,-1.6216427,1.349781,0.7052191,1.1948383,-0.55868477,0.5978955,0.20218252,1.691715,-1.0391035,-0.5297857,-0.19260262,-1.7930496,-0.10605848,-0.23667745,0.5427342,0.05223242,0.19429569,-0.2625949,0.55880624,-0.11371986,-0.05829104,-0.6884548,-0.09277311,0.338164,0.13356656,1.1250978,0.5365422,0.7226937,-0.16182181,0.051561676,-1.0243393,-0.3435093,1.2285596,-0.79598385,1.9660984,0.6532532,0.77556133,2.5884745,0.5402766,-1.7653915,-0.9269033,0.5431507,-1.0651335,0.9792482,0.53528714,0.2504583,1.1066672,-0.6443228,-0.92774165,1.8806787,0.81611615,0.25807714,-1.9719992,-1.1299675,1.2149092,1.0216293,-0.49763498,-0.12716104,-0.9788098,1.12885,-0.38821474,-0.9404143,-0.17210071,0.2921227,0.6377355,1.5002446,-1.2779387,0.92504007,0.65064067,1.6659374,0.57641435,0.6464299,-0.5205731,1.2328328,-0.064133555,-0.9872564,-0.86519486,1.2120181,-0.9552902,1.55421,-0.15688388,-0.4000464,-0.12116082,-0.5984677,-0.9089301,-0.14005859,1.228007,1.293167,0.49656418,-0.4947593,-1.1436621,-0.5375945,0.73180515,0.8934735,-0.055814616,-0.09269182,1.5819651,-0.05861267,-0.49589542,-0.3731811,0.35194346,0.14999802,0.6423307,0.21355885,0.17503954,0.45744148,0.5715892,-1.3054378,-1.2554928,0.24656706,-0.33305147,-0.5250281,-0.17486401,-0.9336474,-1.6677248,-0.49572253,0.5045642,0.2933316,-2.2782664,-0.26921582,-2.4278698,0.021079602,-0.050790228,-0.48899627,0.10800294,0.54407924,-0.006400903,0.7035899,-0.10592958,0.40147763,0.7830753,0.549378,-2.2035742,0.595887,1.0723101,-0.11337957,0.7933223,-0.37616763,0.8852122,0.38686597,-0.001914688,-1.6312616,0.014270685,0.3921635,-1.2701582,0.07272752,1.3141642,0.6273697,0.37130103,-1.8640357,-0.4004842,-0.345728,0.68903416,0.31996438,-1.1849953,1.1467301,-1.846636,1.9777628,-1.1476415,0.21521023,-0.71466327,0.2474846,-1.681833,0.60323566,0.1486167,-0.05891223,0.4653538,0.2699774,-1.0200433,-0.49067602,0.21192978,0.8359941,-0.022579815,1.1137043,-1.2155553,-1.6197133,0.21353798,0.32385156,-0.5247634,-1.8085918,-1.2996469,-0.9080833,1.6474756,-2.1184256,0.081542194,1.4981391,-1.3187003,0.66893286,-1.9490801,-0.087079845,1.0757129,-1.5390339,1.9993868,0.814053,1.3882416,-0.94244915,0.051377393,1.2271699,-2.6482189,-0.0642438,-0.10395977,1.8520056,-0.587223,0.5925306,0.682845,-0.2265366,-1.0409125,-0.8820259,0.6533416,-0.4160697,1.6288792,1.0108103,-0.15868215,2.0043724,0.49864426,0.71498054,-0.20291984,-0.33514577,1.7034976,-0.3950785,-0.667927,-0.17226367,0.30982846,0.115754366,0.6596492,-0.7557825,0.9778558,-0.90281665,0.24099974,0.21170762,-1.4700854,-0.946719,-1.2690439,0.4515243,1.5542412,0.793606,1.7896883,0.4196217,-0.44808027,-2.1517622,0.51289517,-0.047055185,-0.4509537,0.8083416,-2.316701,0.88285214,0.07811367,-0.019835822,-1.4457399,-1.4436551,1.91269,-0.18936142,-0.2361064,1.9308867,-0.43670103,-1.9085811,-0.24834023,1.0929472,0.15131865,-0.9165451,-0.44978055,1.0576897,-0.68255705,1.5216922,0.17491718,-0.1791025,0.7499723,0.28963858,1.3357419,0.31127816,-0.4173894,-0.7827435,-0.5437399,0.35934496,-0.8314103,-1.879598,-0.51052517,-0.6030976,1.6160921,-0.03701002,-0.9278044,-0.9121734,0.109328784,-0.5369864,-0.94730467,0.5293668,-2.3796196,-1.3227472,0.2125402,-1.1644595,-1.48087,1.4202285,1.687956,-0.93861014,-0.1051831,-0.025504451,0.40545455,0.22775863,-0.6786724,-1.5462233,1.5625652,-0.9219188,-0.8259222,1.1626102,-1.5324826,0.05444864,0.07976927,-2.361604,-1.3729348,1.1353536,0.84403944,-1.8265984,0.047448,0.15505508,-0.8260376,1.5757954,0.002922662,-0.53502834,-0.391572,-0.5246866,-0.38184512,0.33513722,1.2756983,1.153802,0.62712675,1.1317028,0.00077055604,-0.3107508,1.4070927,0.69595873,-1.1246552,1.0287111,0.8885419,-0.7713145,-1.0008345,-0.7388691,-0.024140982,-0.21757177,-2.3108945,-1.0434396,1.69238,-1.2957608,-1.0038642,-0.62564605,1.1195278,0.7885638,1.2040807,-0.3043866,0.99880487,1.8380435,0.1471341,1.8416173,-0.88335943,-0.39075318,-0.43896535,0.29379135,-0.40214854,-0.86408997,1.5571371,1.5751973,1.2505127,0.044444524,-0.527247,0.9443546,-1.8211002,-1.259858,0.19111761,1.7624323,-0.3844832,-0.30482513,0.5724085,-0.23542549,-0.87260413,-1.6216363,-0.7718707,0.39422637,1.2283485,-1.1995338,-0.82647705,1.2251478,-0.213632,-1.3575826,0.041490037,0.8165539,1.1286418,-0.31660578,-1.7360241,0.97793883,-1.0194057,-1.2897357,-0.12915726,0.5522782,-0.91272813,0.40682462,0.13441433,-0.17925684,-1.4714904,-0.16855736,0.4606987,-0.45858827,-1.0431346,0.13030617,0.19566546,1.8153325,-1.4645214,-0.53505546,2.0224679,0.6310419,-1.053633,-0.03829457,-0.7748584,0.0645331,-0.89505714,0.118746474,0.6234184,0.7807608,-0.35341498,0.8668368,0.6834848,-0.19272965,-0.0040952293,0.67953646,0.3554528,0.62524945,-1.9829099,1.0760976,-0.7094171,-1.0204402,0.1625894,1.7559481,-0.44633502,-0.7041539,-2.013313,0.4702772,0.57033116,-1.3975077,1.7427201,1.3246069,-1.069808,-0.9289995,0.86916786,0.11667391,-0.12581703,0.61760604,2.2856102,1.5707873,1.4238883,-0.5070845,-1.2378508,0.047205843,-0.9167503,-0.4619477,-0.97674066,-0.39768767,0.34278744,1.3920041,-0.5643742,1.6302824,-0.17996188,0.70458955,1.9423536,-1.5038321,-0.32593155,1.183849,0.019664548,-2.0626998,-0.88301694,1.0000932,0.99882424,-0.16277494,-0.7499973,0.2354457,1.9912263,-0.11609078,0.19808601,-0.36011797,0.6781802,0.83526844,0.33163902,1.0824382,-0.74419254,1.5636005,1.3781288,-0.94825613,0.07177699,-0.8470557,-0.7797537,-1.8599825,0.9554469,0.926034,-0.5778114,0.22033592,0.9284708,0.85643023,0.79103994,-1.461052,0.45561537,-0.093414515,-0.37672144,-0.43002373,-0.51359075,-0.9352572,-0.21512182,-0.4570002,-1.1824046,-0.64683616,2.4842784,-0.2703044,2.0843036,0.1466336,1.42614,0.1752459,-0.80474615,-1.152492,0.98997533,-1.9376609,1.1517546,1.435035,0.6073024,-2.4918394,0.68730307,1.0964521,0.37429807,-1.2528358,0.690473,-1.7235781,-0.944882,0.09398168,-1.7860309,-1.0586407,0.15517673,0.9697552,-1.6421331,2.5262933,-2.3676455,1.0438005,-0.15222324,-0.69002044,0.24554694,0.1315898,-1.0039141,1.9571847,1.8382804,-0.25320187,-0.48167124,0.71918005,1.479899,0.10302308,-0.4678943,-1.7220067,0.55766976,1.0579493,-0.041305672,-0.9653232,1.1688644,0.72934324,0.6991887,1.7302368,-1.216022,0.33146876,-0.39976007,-0.9088675,-0.8939594,-0.50428027,-1.1608571,-0.061340436,-1.2352096,0.502508,-0.027573809,-0.7634636,1.0361997,-1.3479255,1.3766217,0.38923386,2.1704447,0.5411897,1.8313315,-0.025594603,-1.1940482,-0.4433919,-0.4403029,-0.5806541,0.8077457,-1.5676292,0.1526224,1.0006273,0.49697438,2.6303046,1.2949917,0.70010203,-0.6814744,0.71812993,-0.26359954,1.0943574,-0.9411506,-0.50857306,0.7763679,1.501025,-0.7394347,-0.84656125,-0.07088856,-0.9385962,0.02050494,1.6475457,0.16086096,-0.8809461,0.84499204,0.32591993,1.1121987,-0.29269892,-1.1857026,-0.8637093,0.46768522,1.5471761,-0.43110317,-0.49380273,-1.064019,0.5466855,1.2029387,-0.9639126,0.5545145,0.099267244,-1.7471817,2.2480369,-0.7222988,0.16222191,1.253295,-0.3250737,0.5542811,-0.47578353,0.97667015,0.64754057,0.98493385,-0.8290483,0.45869836,0.39324015,0.444122,-0.8484561,-0.27675217,-0.4577747,-0.34418893,-1.3149899,-0.8003289,-1.0089883,-0.19995502,-1.021298,-0.7731093,1.1861832,0.29085183,-0.8909316,-1.2641685,-0.06345681,-0.58895296,0.31934276,-0.8126233,0.38535768,1.9806912,-0.35234275,0.941076,-0.5253283,-0.46071124,-0.54999846,0.056069244,0.63445026,0.60998636,-0.531134,0.5626774,0.7363431,0.42483386,-0.5072264,0.45390326,0.87059563,-1.0569314,0.12618694,1.0776752,1.4741014,0.12357094,-0.504065,-0.9081562,-1.0230792,-2.3384814,-0.29332587,0.7352073,1.1015266,-0.89780265,0.9955498,0.43251935,0.4507943,0.062939964,0.1470792,0.13963507,0.7103559,-1.284901,0.9888116,-0.28750816,-0.68552846,-0.2979957,0.0033320517,-1.2470096,0.17871134,0.30865273,-1.1116935,-1.905028,-1.351033,0.2365884,-0.2158403,-0.6672618,-0.37389022,-1.4392515,0.049418904,0.22935164,0.7662432,-0.26899928,-0.19091533,-1.1057179,0.24800436,-0.5768336,-0.5677341,-1.0514787,0.9393612,-0.65634483,0.6034156,0.4317432,1.2761745,0.8224386,1.1153733,-0.5833697,-1.0480194,-0.5681378,-0.69906557,1.0342166,-0.4579502,-1.5223643,0.7142866,0.40969196,1.3076394,-0.24582548,-0.31442446,1.130979,-0.43159705,0.8507339,-1.0475845,1.8619388,0.97334546,-1.1420896,-0.7163167,-0.64927363,1.0581896,-0.37994698,-0.5837724,-0.40722197,-0.2916692,0.60191256,-0.22382805,-0.09025122,-1.8072386,0.32417914,0.68090785,0.9968136,0.6008487,0.49734873,-0.5798632,-0.84283555,0.60372895,0.6263143,0.013710314,0.47287065,-0.06114146,-1.6234634,1.5938793,0.5254188,1.5558397,-1.2858047,0.031731248,0.07237251,0.54386365,-0.8493417,0.44861692,-0.3142652,-1.6860783,-0.39600244,-0.1531705,0.22081652,0.016926086,0.4146026,-0.58533126,0.69217837,0.258158,-0.6177944,-0.028204847,0.141752,1.3116958,0.7798058,1.4582493,-0.481217,0.97126436,0.34434766,0.36040372,-0.12330425,0.54568624,0.30784962,-0.51596355,1.0573728,1.5846509,1.5618562,2.1245131,0.41720074,-1.5849519,-1.037624,0.7704821,-1.6242821,-0.53079337,0.83636916,-0.38402194,1.7712681,-0.4160096,-0.9644164,1.6982807,0.2425035,-0.031454064,-1.2946031,-1.0524465,0.7811298,0.71788895,-0.69098914,-0.30038542,-0.46671662,0.25047857,-0.49116737,-0.035722632,0.28567868,0.22116932,0.49345332,1.3516481,-1.8077049,0.6588489,0.3455885,0.84260255,0.38918686,-0.16060756,-1.4104393,0.3655731,0.6496849,-0.894096,-0.5407165,0.39776707,-0.61378443,1.5519234,-0.1689535,-0.25216994,-0.090173684,-0.96378314,0.037614863,-0.16572043,0.7534396,0.76778615,1.9957024,0.35939,-0.89170694,-0.5360516,1.0468266,0.7784158,0.68329626,0.2552994,1.6870527,0.38913888,-0.43285793,0.03671815,-0.557649,-0.044847153,0.289826,0.93133175,-0.4329838,0.4546051,0.84438455,-0.5322624,-0.7495838,-0.09920301,-0.12717271,-1.0154488,-0.71756566,-1.1302073,-1.5307417,0.34592032,-0.92929363,-0.5768,-1.3645378,-0.34759906,-1.4195569,-0.5423683,0.38216013,-1.075981,-0.6067034,-0.043239232,-0.3736245,0.44830027,-0.46793693,0.3063092,0.41605482,0.6750174,-1.9979553,0.7590168,0.7421256,0.8632952,0.60044795,0.51847714,1.0369389,0.1206098,0.532853,-1.4412056,0.39732742,0.79841465,-1.2377216,0.38971087,0.1953693,-0.34922802,0.46123973,-1.216624,-0.803016,-0.20297638,0.28188795,-0.41049284,-1.1262614,1.6854483,-1.6518917,1.4746535,-1.1498854,-0.19739862,-0.6004443,-0.4352518,-1.6226046,1.3826947,0.20627709,0.18874983,0.76366127,-0.23983106,-0.43273133,0.22659259,1.2641122,0.112286605,-0.5395713,0.74326473,-0.7317921,-1.3525416,0.8930642,1.1074785,-1.2358363,-1.6569118,-1.4470352,-0.43193135,0.98710996,-0.43204623,-0.59667504,0.9938754,-0.33462355,0.90217257,-0.68258953,-0.078744575,-0.005111918,-0.7634978,1.0533204,0.21444197,1.0274267,-0.5547508,-0.8764676,0.9196869,-2.2753787,0.028596591,-0.64776677,2.0893035,0.67248094,0.38327014,0.35215306,0.4470798,-1.0207703,-0.24087723,0.7500727,0.08258389,1.357175,0.8519853,-0.54095304,1.8617077,0.35845515,0.9824308,-1.0811466,-0.16591242,1.87099,-0.1483669,-0.4133889,-0.630414,-0.069210336,-0.23341854,-0.19508627,0.3387958,-0.40988034,-0.29472166,0.99971807,0.88939446,-1.9526908,-0.73447704,-0.6898336,0.46529213,1.2552159,1.4966235,1.3233353,-0.37464827,-1.0798872,-2.422815,-0.07681556,0.9120776,-0.037006527,0.23853716,-1.2335308,0.21406655,0.6810626,-0.33357042,-0.760738,-1.8550688,1.7424526,0.37965128,-0.16058613,1.568157,-0.28091714,-1.4179276,0.063656345,1.4379699,0.1323077,-0.9354213,-0.48680457,1.0421417,-0.6524664,1.4734275,0.7933413,0.0665644,0.36269465,0.17469339,0.75757366,0.4170498,-0.75359255,-0.96064854,0.08811888,0.53140604,-1.0114807,-1.0880054,0.7216031,-2.0753067,0.48493594,-0.67205304,-0.25320658,0.27854565,0.04912994,-0.48613566,-0.82394046,-0.33952856,-1.2049811,-1.6888396,-0.22954932,-0.662564,-1.5984803,1.4998443,1.9021447,-1.6249748,0.6620598,0.25733036,0.13921973,0.6286563,0.4320529,-0.4029405,0.36921254,-0.9685234,0.054384936,-0.28316796,-1.4418148,-0.48698077,-0.017306859,-1.7123253,-0.9809675,0.97773457,1.6105273,-1.2135689,-0.06073786,-0.12107959,-0.7925584,0.65712655,0.7862822,0.40176764,0.56881475,-0.38560358,-0.6574071,0.16900808,1.0439452,0.041516107,-0.3855597,0.7031809,0.018808538,0.14353693,1.708017,0.375332,0.02719317,0.7714902,0.33850765,-1.0437462,0.2837438,-0.1758835,0.0062301876,0.55305225,-2.1543717,-1.1608942,1.2180998,-0.38704214,-1.3503329,-0.5858489,0.36586562,0.4208625,0.608948,0.23817447,1.178981,1.1925379,0.9225176,2.052147,-0.86236334,-0.9884691,-0.904504,-0.1358935,-0.5924536,-0.67607874,1.2416337,0.8732131,2.370243,-0.7088674,0.39038453,0.45421964,-1.1780739,-0.89773715,0.25911796,0.5182349,-0.6864118,-0.122508146,0.4493031,-0.99158514,-0.029407308,-1.5246993,-0.064576544,0.6045839,0.28749943,-0.6949259,-0.25836256,0.0993336,0.12284944,-0.46992272,0.96742755,1.2466629,0.5964097,0.101004764,-1.0606467,0.07362728,-0.6053797,-1.8336627,-0.06186081,-0.14352843,-0.5257081,-0.10606325,-0.43202716,0.13958487,-1.3303087,-0.6391064,1.3091133,0.15386906,-0.30697176,-0.14127016,-0.38879782,1.6371559,-0.90122163,-0.69628036,0.8789252,1.3975391,-1.9052957,0.15887593,-1.1191033,-0.32657573,-0.95926064,0.423872,0.52914727,0.7881931,-0.16317973,1.3479798,-0.089917876,-0.60032886,0.1184693,0.67737067,0.0925418,0.67209435,-2.3908203,0.97666866,-1.0050141,-1.5506691,-0.12882823,1.0194436,-0.37747842,-0.17949805,-0.40585834,0.8688297,0.4063545,-0.74489546,0.95422775,2.3410454,-0.7373398,0.09119421,0.68178743,0.052567255,-1.0374385,0.18742134,2.783607,0.15598395,1.198849,-0.7054731,-0.09114627,0.04053791,0.03882748,-0.6397753,-0.4067366,-0.7588753,0.27539065,0.922142,-0.5982569,0.7159292,-0.62577754,-0.36710727,1.1700903,-0.4684817,0.34532613,0.43233648,-0.26163983,-1.8150641,-1.3122873,0.79110754,1.210778,-0.010698028,-0.13974783,0.71202004,1.1689532,0.7496454,-0.41489586,-0.19586523,0.42993245,0.9649016,0.4984234,-0.5403033,-0.9773617,1.1989686,1.5371274,-1.5821774,0.9002304,-0.6454061,-0.44125095,-1.5729005,0.9934338,0.8489512,-0.07850309,0.8306185,0.4558127,0.32049292,0.59221977,-0.6186945,-0.01506263,-0.51771224,-0.5271646,-0.113650486,-0.2698416,-0.68636626,0.4214786,-1.1838993,-0.070362546,0.31215134,1.4413042,-0.16045618,0.3836835,-0.6681498,0.88519937,0.27763414,-0.63028204,-0.39275804,-0.22887984,-0.84427154,1.9399208,0.8103181,-0.26504368,-1.754843,-0.03993845,0.6273959,0.71298754,-0.88800204,0.7752062,-0.08793472,-1.2657728,0.042380743,-1.4537323,-0.5340302,0.35683098,1.4896884,-0.43220013,1.0599205,-1.2935691,0.76520187,0.16579835,-0.8427229,0.30637723,-0.48098022,-0.3751213,1.6331022,1.035093,0.16594031,0.25557065,1.1970769,1.0147656,0.614427,-0.8920466,-1.1017554,0.74773264,0.95497876,0.17992312,-1.0891014,-0.1613143,0.36145863,-0.17927858,1.3319271,-0.63460463,-0.5474875,-1.01579,-0.28481063,-0.63159585,-0.18723461,-0.6001164,-0.34307152,-1.4173121,0.20511839,-0.97260225,-0.045800187,0.59396863,-1.1969783,0.36827096,0.2791624,1.2760552,0.76706487,0.4559257,0.20221177,-0.7717346,0.45533013,-0.9807428,-0.7665397,1.1287842,-0.9023798,-0.17221072,0.20434895,0.8630864,2.0064142,0.7555766,-0.20885918,0.24985547,0.31879413,-0.13274948,0.32202804,-0.33185744,-0.81481266,0.24659996,-0.15865918,-0.061892748,-1.3205589,-0.13607533,-0.1488185,0.68265545,0.53773946,0.6296546,-0.012459695,0.30507964,1.8056446,0.06936017,-0.8545883,1.0
ル,0.3267319798469543,0.504282534122467,0.3891793489456177,-0.644690990447998,0.2492967098951339,0.391729325056076,0.4885049760341644,0.0353201478719711,-0.295425534248352,-0.2600056529045105,0.4705418050289154,-0.4227430522441864,-0.4308756291866302,0.1589376181364059,0.3833131790161133,-0.1555226296186447,0.6771259307861328,-0.0070297834463417,-0.3241260945796966,-0.3549616932868957,-0.0278582032769918,-0.4655970633029938,-0.2775838077068329,0.5848970413208008,0.1186504065990448,-0.0684032440185546,-0.2162544131278991,0.0265272781252861,-0.2166880667209625,-0.4534425437450409,-0.5388060808181763,-0.4368718266487121,-0.2406570315361023,-0.0648179501295089,0.276409238576889,0.0543523505330085,-0.416244775056839,-0.1365386098623275,-0.1512780487537384,-0.1801581680774688,0.0069831199944019,-0.1989595890045166,-0.3204800486564636,0.0230019781738519,-0.4740468263626098,0.6393707394599915,-0.0073666828684508,0.4136851131916046,0.4353609383106231,-0.4213240146636963,-0.3094359338283539,0.289673388004303,0.3110057413578033,0.0382635742425918,0.4445213377475738,0.2003601044416427,0.6658976674079895,-0.4736901521682739,-0.2465175837278366,0.2811830639839172,-0.5472894310951233,-0.0253186244517564,0.5460535883903503,0.349573403596878,0.046179860830307,-0.2740751504898071,-0.2959727942943573,0.2039665430784225,-0.4295756816864013,-0.1771292686462402,-0.0226788148283958,0.1842251867055893,-0.1287569254636764,0.1752234548330307,1.0723930597305298,-0.0710352510213851,0.361193984746933,-0.1056608483195304,0.2930122315883636,-0.4511431157588959,-0.1169870719313621,0.2361347377300262,-0.1731827557086944,-0.7000932693481445,0.2416944503784179,0.4530516862869262,-0.184717372059822,-0.9327515363693236,0.1683125644922256,-0.2972277700901031,0.1019080281257629,0.1785274595022201,0.3188952505588531,-0.1510434448719024,0.2095098942518234,-0.5624170899391174,0.071826659142971,0.1156753599643707,-0.0019789640791714,0.1879253983497619,0.1076056584715843,0.0365924350917339,0.0773095712065696,-0.2180373072624206,-0.3064020574092865,-0.0419833473861217,-0.0543883815407753,0.0971352979540824,-0.1505163311958313,0.2135598510503769,-0.1776060312986374,-0.5533260703086853,-0.3114620149135589,0.1915563493967056,-0.1114105656743049,0.0397476218640804,0.1841901242733001,0.5035329461097717,-0.0344909764826297,0.6821163892745972,0.147258311510086,0.3250342309474945,0.0981586426496505,-0.3296723663806915,0.0727170556783676,-0.0620832107961177,0.1228261888027191,0.179835706949234,-0.2774180173873901,-0.074716679751873,-0.3984164297580719,0.2520693242549896,-0.2921371459960937,-0.3765508532524109,-0.6780340671539307,0.6243751645088196,-0.1838598102331161,-0.1403094679117202,-0.680529773235321,0.0007872059359215,-0.3262399137020111,0.4352965354919433,0.2223626375198364,-0.3203668892383575,0.3129109740257263,-0.0346749126911163,-0.3262746036052704,-0.4348961412906647,0.1461231559514999,0.3253750205039978,-0.1087788566946983,1.305041790008545,-0.8493898510932922,-0.0352116897702217,-0.0678188949823379,0.2587876915931701,-0.2110901474952697,-0.1314795911312103,0.2126944810152053,0.4045405387878418,0.4589438438415527,-0.4968355000019073,0.4671243727207184,0.762880802154541,0.1037597581744194,0.5101765394210815,0.4030967354774475,0.2913702428340912,0.3247058689594269,1.1106821298599243,0.4403388202190399,0.3149027824401855,-0.1746834516525268,-0.4148858189582824,0.2988938987255096,0.3918623030185699,0.2478193044662475,0.0748790353536605,0.3699105083942413,-0.6064022183418274,-0.1216680407524108,0.207931712269783,-0.2407763004302978,-0.215098425745964,-0.0199975483119487,-0.236678197979927,-0.2011442929506302,-0.4585068225860595,-0.4124470353126526,-0.0369753390550613,0.1035453081130981,-0.2105586528778076,0.2108959108591079,-0.5588843822479248,-0.153098851442337,-0.0092740580439567,-0.315667450428009,0.0164822563529014,-0.4316007494926452,0.1987726837396621,-0.1619186401367187,-0.0065610553137958,0.1626398861408233,-0.6173220276832581,-0.7654948830604553,-0.0158118456602096,0.4284592270851135,0.5024276971817017,0.3075867295265198,0.4950095415115356,-0.3036954998970032,-0.0054140617139637,0.0475791729986667,0.1158722341060638,0.1027875319123268,0.3564533293247223,-0.7489498853683472,-0.4544898569583893,0.0612788349390029,-0.3921308219432831,0.704927384853363,0.2117279767990112,0.478976309299469,0.0747089385986328,-0.3110966384410858,0.0881793275475502,-0.0790814012289047,-0.4825069606304168,0.0320451147854328,0.1151748076081276,-0.2791180312633514,-0.1340673714876175,-1.1665174961090088,-0.3765600025653839,-0.4259424209594726,0.187160313129425,0.1213842332363128,0.6426771879196167,-0.1291950792074203,0.5154077410697937,0.2109417021274566,-0.3010673522949219,0.3367121815681457,-0.0737029463052749,-0.0221858900040388,0.0571483336389064,0.1766414046287536,-0.0318243876099586,-0.0835957154631614,-0.0046967309899628,-0.4829332232475281,-0.2986761033535003,0.1204177588224411,-0.096907652914524,0.4430013298988342,0.4860514998435974,-0.0046140705235302,-0.1711658239364624,0.0125350384041666,-0.3149752020835876,-0.4689663350582123,-0.5819075107574463,0.0002409204025752,0.1060202419757843,0.0616700090467929,0.1227379739284515,0.2092468589544296,-0.7467853426933289,-0.3344900012016296,-0.5020788311958313,0.229773536324501,-0.1828431934118271,-0.1581522077322006,-0.013825655914843,-0.6248232126235962,0.0394642390310764,0.0344801805913448,0.2151777148246765,-0.5918433666229248,0.3020890057086944,-0.3633238077163696,0.1191168576478958,-0.4950653910636902,0.1323170363903045,-0.0689977928996086,-0.3021509051322937,-0.4408633112907409,-0.1590704917907714,-0.4249633848667145,0.2704673409461975,0.0207506604492664,-0.6475901007652283,0.1805578172206878,0.3039320707321167,-0.2253986448049545,0.1784315109252929,-0.0056885783560574,0.0843304693698883,-0.2874521613121032,0.1659282147884369,0.2623980939388275,0.2792764604091644,0.2436927407979965,-0.1092260181903839,-0.2078377902507782,-0.3585308790206909,-0.148477241396904,-0.1495766192674636,0.5844904780387878,-0.9987764954566956,-0.2214705944061279,1.2479735612869265,-0.7758281826972961,0.0665553957223892,0.0045615681447088,0.813340425491333,-1.761072278022766,-0.1873277574777603,0.0281074680387973,-0.0907032415270805,-0.3177246451377868,1.0065730810165403,0.1290562748908996,0.1617098152637481,-0.1409191340208053,-0.2126087248325348,0.5713610053062439,0.3174176514148712,-0.4547329843044281,-0.3359846770763397,-0.0021418263204395,-0.0830781087279319,0.3133994042873382,-0.8415486216545105,0.269359827041626,0.4748408794403076,-0.1113406345248222,-0.0563197769224643,0.1997775882482528,-0.322866290807724,-0.0741044133901596,0.1755832284688949,0.1077265068888664,0.2823744416236877,-0.4987630248069763,-0.188886821269989,0.4283036589622497,0.8307878375053406,0.7468206286430359,0.7617159485816956,-0.2234761118888855,0.0543698854744434,0.6194729804992676,0.3152368664741516,0.647981584072113,-0.3520143926143646,0.0005843696417286,-0.289363145828247,0.58577960729599,0.0854745060205459,-0.1188040375709533,0.4101342260837555,0.5229565501213074,0.293756753206253,-0.1009606942534446,0.0768756493926048,0.9074493050575256,0.3311062157154083,0.255146861076355,0.269178181886673,0.1543388813734054,0.2703054845333099,0.1075630933046341,-0.33624467253685,0.1270171701908111,-0.3424801230430603,-0.0244117584079504,-0.1972653269767761,-0.200936809182167,-0.2870866060256958,-0.6078546643257141,-0.0719562694430351,0.0895940661430358,-0.7981278896331787,-0.0107164662331342,-0.4852672815322876,-0.6455111503601074,-0.2486627846956253,-0.1731563359498977,-0.7422149181365967,0.1068806946277618,0.7675581574440002,0.3430756330490112,-0.4887702763080597,-0.2028398513793945,0.1150262802839279,-0.2654612064361572,-0.0778926163911819,-0.1300008594989776,0.1266610622406005,-0.2747055292129516,0.2506229281425476,-0.47366863489151,-0.454752117395401,-0.6353906989097595,-0.2739436328411102,-0.7019457817077637,-0.0465927496552467,0.0159214623272418,0.5708001255989075,-0.1236029043793678,-0.1026419326663017,-0.1213594824075698,-0.389390617609024,-0.2697679996490478,-0.3769181966781616,-0.5609708428382874,0.0775345340371131,0.4289674162864685,0.5754312872886658,0.496806800365448,0.513799250125885,0.1437530517578125,0.225522980093956,-0.2153615057468414,0.100604623556137,-0.2551022171974182,-0.5030132532119751,0.5300812125205994,-0.0444314815104007,0.3157464563846588,0.1196122169494628,-0.1533194631338119,0.6169959902763367,0.1200296878814697,-0.4377939999103546,0.0147731797769665,0.5540763139724731,-0.2375573366880417,0.3867173194885254,0.0738726258277893,0.9268486499786376,0.0752368420362472,0.4006178379058838,0.0721965283155441,-0.3297509551048279,0.2454726696014404,-0.0969294235110282,-0.3826265335083008,-0.0927560925483703,-0.0997589826583862,0.5404260754585266,0.5491176843643188,-0.0390110909938812,0.224794715642929,0.448674201965332,-0.3622162640094757,0.0187327340245246,0.1122161820530891,0.1531114131212234,-0.3659898638725281,-0.4390119314193725,-0.2144922763109207,0.1196262016892433,-0.8909561634063721,-0.209301546216011,0.2322250306606292,-0.0040029347874224,0.0986885353922844,0.0086712418124079,-0.4359364509582519,-0.3386326134204864,-0.8251433372497559,0.0996816083788871,0.1340792626142501,0.4725130200386047,0.3636029660701751,-0.51699298620224,-0.7288557291030884,0.5992422103881836,-0.3299131989479065,0.4728330671787262,-0.0762687996029853,-0.350804328918457,-0.6304427981376648,0.7653645277023315,0.0229078754782676,0.1178648471832275,0.3792878091335296,0.3151600360870361,-0.1227108538150787,-0.462264746427536,-0.1619949489831924,-0.2019966393709182,0.1037320494651794,-0.1361646801233291,0.4494776427745819,0.2585809230804443,-0.7056407332420349,-0.76743084192276,-0.2513591051101684,-0.2874118983745575,0.4968950152397156,-0.5697029232978821,0.339332640171051,-0.3406864404678345,0.3861749768257141,0.2856632769107818,0.5926978588104248,-0.1450183093547821,0.2671835124492645,0.6667153239250183,0.724128782749176,-0.1697767525911331,-0.0523705743253231,-0.1099754944443702,-0.0011484316783025,-0.1357564479112625,0.6046919226646423,-0.0798500701785087,-0.008443709462881,-0.1238091066479682,-0.8375066518783569,0.1677598059177398,-0.0895283818244934,-0.8037627935409546,0.7500090003013611,0.4310073852539062,0.0456083044409751,-0.3191115856170654,-0.0979274064302444,-0.8494911789894104,0.2522884905338287,0.2028941512107849,0.0811270251870155,0.0439445450901985,-0.6024342775344849,0.2184132933616638,-0.1976793259382248,-0.5514538288116455,0.3235717713832855,0.3739212155342102,-0.4451651573181152,-0.1253710091114044,0.28300940990448,0.3402640521526336,-0.2056640535593032,-0.0801890864968299,-0.3719019293785095,-0.0533611662685871,0.524002194404602,0.152753934264183,0.4569866955280304,0.708453893661499,0.0394307859241962,-0.0613542422652244,0.3606171011924743,0.4170361459255218,0.1632057428359985,-0.1810569763183593,0.1012683510780334,-0.1802436411380767,-0.6118770241737366,0.1879178583621978,0.2436230629682541,0.2829311788082123,-0.030719781294465,0.2523505389690399,0.7462795972824097,-0.4738180637359619,0.0379580743610858,0.4380264282226562,0.201602429151535,0.8641093969345093,-0.3401079177856445,0.0631332844495773,-0.5161869525909424,0.1041406393051147,0.0428745634853839,-0.1054497510194778,0.141892671585083,-0.0321596153080463,-0.3341409862041473,-0.5866129398345947,-0.038739513605833,0.4336657226085663,0.1068255230784416,0.8300034999847412,0.3175491988658905,-0.3696500957012176,0.6411426067352295,0.1251225620508194,-0.238680213689804,-0.1703198403120041,-0.1426229923963546,0.1360370367765426,0.5619893074035645,0.2192840129137039,0.6944481134414673,-0.5882658362388611,-1.0026215314865112,0.006992554757744,-0.2116232365369796,-0.1053381785750389,0.3487311005592346,-0.7125884890556335,-0.1822008639574051,0.3164593279361725,-0.210497498512268,-0.2970026731491089,-0.0677070468664169,-0.8756309151649475,0.1947965919971466,0.2422448992729187,-0.4073378443717956,-0.2278879433870315,-0.1371562778949737,0.3729032576084137,-0.023781668394804,-0.2348287552595138,0.0500561147928237,0.7955353260040283,-0.1886819303035736,-0.4642846584320068,0.1191840767860412,0.1427996754646301,0.130125030875206,0.100260429084301,0.0597211942076683,-0.683070719242096,-0.0700760334730148,-0.1741533726453781,-0.3724754750728607,-0.0252495259046554,0.2463886737823486,0.1751758754253387,0.267403244972229,-0.2065415829420089,-0.354124516248703,-0.25865039229393,-0.1415382027626037,0.1057116687297821,-0.5515578985214233,-0.0818513482809066,-0.1274208575487136,0.067889928817749,-0.0141771370545029,0.0427816957235336,-0.0644277855753898,-0.1679948568344116,-0.6305610537528992,0.1862228214740753,-0.9479663372039796,-0.2207952141761779,0.4355023503303528,0.0418233089148998,-0.1436243802309036,-0.944079041481018,0.3095574378967285,0.0753363743424415,0.4859519898891449,-0.0591470524668693,0.3895473480224609,-0.1722027957439422,0.4495869576931,0.2307757884263992,-0.4454110860824585,0.3099581003189087,-10.271347045898438,-0.2254373282194137,-0.6124522686004639,-0.3556426465511322,0.2084318399429321,0.1765032112598419,0.7559671998023987,0.0992186889052391,-0.4085058271884918,0.0534823797643184,0.339387983083725,0.7454551458358765,0.5641279816627502,0.799053966999054,-0.8186019659042358,-0.2134899646043777,-0.3583584725856781,-0.2594962418079376,-0.0355873592197895,-0.2031535506248474,0.2094049453735351,-0.4164888560771942,0.7312559485435486,0.6766772866249084,-0.4954853355884552,-0.2237013429403305,-0.497884452342987,0.329694926738739,0.0586513727903366,0.7140833139419556,-0.4454948008060455,0.6512873768806458,0.0133997332304716,0.4293562173843384,-0.0811167433857917,-0.09075728058815,-0.1363884508609771,0.5629774928092957,-0.3571276664733886,0.643925666809082,0.160020962357521,0.7590019106864929,-0.279123455286026,-0.3061985373497009,0.0805494040250778,0.4457494914531708,0.5086052417755127,0.4723740220069885,0.6940380930900574,0.2740190029144287,0.1002665534615516,-0.1793662011623382,-0.2128323167562484,0.0730151161551475,0.1171372979879379,0.1139796897768974,0.9575792551040648,0.0290617011487483,0.2050649374723434,0.3395489454269409,0.6473352313041687,-0.3669528067111969,0.3318167328834533,0.7136003375053406,-0.1391368061304092,0.0332276076078414,0.2186232954263687,0.4464263617992401,-0.3211424648761749,-0.1140047535300254,0.189930185675621,0.5199828743934631,-0.2167618423700332,0.2228578925132751,-0.6123327016830444,0.2954936325550079,0.0284136030822992,-0.1343257576227188,0.0520612411201,0.6001419425010681,0.446128636598587,-0.2191944718360901,-0.2631876468658447,0.2700689136981964,-0.6663702726364136,-0.1921061277389526,-0.1096558570861816,0.1401856690645218,0.4271815717220306,-0.6189101934432983,0.3425246775150299,0.1055577546358108,-0.4600609242916107,0.1795538067817688,0.6915600299835205,-0.3033600151538849,0.1349276304244995,0.1071744114160537,0.1366688162088394,0.0002114886592607,-0.93713933,-1.2361953,0.5416651,2.1156583,-0.5798209,-0.49896097,-0.7432866,0.7237576,1.654093,-0.325545,0.7675861,-0.14940897,-2.254037,2.4406934,-1.4463291,-0.2580923,0.8540904,-0.69712925,-0.24805763,-0.20436895,0.999596,1.0315485,0.65623903,-1.2080749,0.9221023,1.1540117,0.32418638,-1.179258,-1.4929212,-0.7859939,0.027519042,-0.47976843,-0.32123882,-0.9147852,-0.12397947,-1.8546517,-0.7053623,1.4729846,-0.0005843453,-1.1890332,-0.42895308,0.3109855,-0.574402,0.025699044,-0.93530333,-0.070823796,2.39232,-0.48700228,1.0131322,-1.1892349,-0.8397495,-0.11379503,-0.77562815,0.7198595,0.40055513,-0.3091879,1.0514354,0.6853114,0.05246228,-0.49706727,-0.1986113,1.0421563,-1.7282095,0.10797797,0.5586839,1.0704899,0.11766271,-0.8090006,-0.56922287,-0.6200289,-1.0759394,-0.6001457,0.50134784,1.355473,-0.9629307,0.91634905,0.45286798,-0.5953876,0.21409675,0.43022928,0.51597273,0.8392767,-0.6886829,1.2389599,-1.052697,-0.046940837,-0.31523478,-0.16782482,-1.7241137,-0.40826264,0.42080355,-1.3695643,-1.3811569,-1.3729025,0.579059,-0.20111544,-0.9737693,-0.5215466,-1.1985506,0.74233294,0.5270386,1.7129532,0.16782191,-0.37478998,-0.9111525,0.022874009,-1.1658823,-0.37753814,-0.04414069,0.5107982,-0.24568924,0.20265937,0.89941823,0.64962167,1.1280196,1.2823476,-0.90523213,-1.6207094,-0.686499,-0.008282324,0.6857892,-0.38902482,-1.6042993,0.100231275,0.28379402,0.9383547,0.28919792,-0.77140903,0.74727124,0.0453775,0.32969353,-0.38010174,1.3255395,0.7606416,-1.2820444,-0.090910695,-0.017093206,0.52611405,-0.39551723,-1.4202173,-0.3803245,-0.2869936,0.22744493,0.016379172,-0.34604305,-1.3464912,-0.1413959,0.6229386,1.7955265,-0.24225235,-0.195339,-0.4371046,-0.88511956,1.408623,0.67063797,-0.14794184,0.32801104,-0.55755484,-1.3613718,0.8968876,0.37251785,1.5015185,-1.0590852,0.25365335,0.3544202,0.7952922,-0.8749088,0.66763055,-0.8994156,-1.2764021,-0.73429126,0.76340306,0.82899016,-0.21100673,0.48596644,-0.2951661,-0.37348485,0.28226468,-0.7950655,-0.015368643,0.22839487,0.9405721,-0.006351039,1.3326887,-1.1714089,0.03350962,0.86612844,0.7350017,0.29811192,-0.46460223,1.6213795,-0.63098735,1.9055923,0.87220895,0.9435059,2.4979973,1.12943,-2.1021082,-1.6300606,0.38315663,-1.5094934,-0.32585803,0.72716343,-0.3975451,1.3107069,-1.2769881,-1.3586017,2.0446532,0.9028088,0.2776116,-1.2890223,-0.55901414,0.80654603,0.5935636,-0.5223913,0.36294633,-0.41177717,0.26283973,0.11392979,-0.05464833,1.1113768,0.56565166,-0.16160524,1.6982679,-1.2899405,0.17411828,0.6687465,0.21347022,0.108149365,0.05874111,-1.345876,-0.19769713,0.9155857,-0.08595183,-0.44085303,0.18097642,-0.7830035,1.3191909,-0.58405375,0.09891302,0.46814632,-0.48729625,-0.08081903,-0.4434448,0.36476582,1.0980194,2.317045,0.22123003,-0.8851719,-0.33233026,0.99676675,0.3781909,0.035208017,0.1932123,0.36790004,0.59849775,-0.72718865,0.64989966,-0.19845727,-1.0653491,0.329563,0.45096713,-0.28810257,0.9101512,0.9356063,-0.7240453,-0.14402954,1.0110408,0.11449838,-0.8990134,-0.89943886,-1.0425831,-1.0572817,0.07162891,-0.75934523,0.52855206,-1.425515,-0.36848503,-1.2595239,-0.061505534,0.26154327,-1.5458641,-0.7340585,-0.45849222,-0.47802907,1.4995955,-0.5338241,-0.06306398,0.77426475,0.83299655,-1.5253081,1.0863838,0.24603668,0.30868596,1.0729873,0.15075798,1.1312263,-0.0855443,1.4884592,-1.4803174,0.69868624,0.81231135,-1.3058169,1.0577166,-0.37385613,-0.97253704,0.17720498,-2.1428714,0.005996513,-0.23331217,0.50316745,0.58153695,-0.9327897,1.2190317,-1.3592142,1.2722232,-1.1352875,-1.0645936,-0.18113938,-0.3563705,-1.2487644,1.3182802,0.15105337,0.30287445,0.83572024,0.5195875,-0.46399227,0.6967713,0.37953508,0.6679901,-0.9745661,0.9290892,-1.0495274,-1.2921512,0.6464451,1.0730737,-1.1050017,-1.7547543,-1.5561444,-1.3318695,0.8062957,-1.3157059,0.0944552,0.84871197,-0.8253983,-0.32289976,-1.2644758,-0.114184044,0.6408771,-0.8415076,1.6611779,0.88697624,2.382328,-0.85111463,-0.37479642,1.574909,-1.8530957,0.20599349,-0.16098563,2.277142,0.7718687,0.5581702,0.5925704,0.32135588,-1.0954158,-0.6464475,0.6052822,0.076570824,1.3332716,0.19669259,-0.06257693,1.7930695,-0.4075428,0.21181116,-0.5256297,-0.83614576,1.4098603,-0.019523753,-0.7998287,-1.5880916,-0.14611228,0.42706856,0.2602595,0.007876831,0.7895213,-0.35512167,0.20156078,0.70612246,-1.5993266,-0.5140837,-0.81781137,0.69274604,1.1945496,1.4659631,1.5722779,0.083903864,-0.9734848,-1.715571,0.04790897,1.2033821,-0.9324366,0.5780313,-1.6030426,-0.4685777,0.3871706,0.0047715963,-0.2899238,-1.17113,1.2022865,0.2574398,0.45925307,1.4717939,-1.5071558,-0.72430843,0.061411373,0.8156942,0.31703278,-1.4935664,-0.53227174,1.0532802,-0.6144677,1.2695858,0.7753629,-0.06383696,0.66989976,0.9609376,1.126992,0.5916136,-0.7426915,-0.1259188,0.062013786,-0.08958349,-1.2305737,-1.2330153,0.24465628,-1.7600772,0.3676184,-0.5971176,-0.67381924,0.32672843,0.14441237,-0.301508,-0.64961594,-0.41250354,-0.7253649,-1.7410368,0.3701028,-1.4038879,-2.1893623,0.9819659,2.0642421,-1.7442181,0.72989166,0.27446216,0.4123045,0.11327319,-0.52271545,0.11529367,0.31798935,-1.2486871,-0.36353138,-0.41316453,-0.55854905,-0.74034476,-0.18789105,-1.5751107,-0.9076967,1.3604678,1.0997448,-2.156686,-0.1640611,-0.95432174,-0.34626728,1.2496274,0.3444398,0.048280746,-0.30059704,-0.14289984,-0.5432435,0.313888,2.052876,0.20574677,-0.4258922,0.6771244,0.9632033,0.55265445,1.1030095,1.2356621,-0.0035935403,0.40856972,0.72209954,-1.152416,-0.64693135,-0.5651252,-0.41591543,0.024825549,-2.4817286,-0.42756525,1.8853314,-1.2221645,-1.1456196,0.34169272,0.71635234,-0.18453905,0.86188716,0.35987195,1.0536702,1.8436062,1.240348,2.1480224,-0.66638124,-0.94933224,-0.6302355,0.12326213,-0.8294684,-0.23439221,0.29608563,0.90698737,1.528362,0.2544045,0.3788678,0.2730134,-1.4163485,-1.3043625,0.72165745,0.42383122,-0.95788354,0.4556088,0.9166851,-1.0727837,0.04522202,-1.273344,-0.22077794,0.3242028,0.50866574,-0.3367947,-0.018237377,0.3990093,1.2090577,-1.0065415,0.60388756,1.3575524,1.050545,0.33622688,-0.9136063,0.5831708,0.12459676,-1.57792,0.25042075,-0.73314476,-0.42274982,0.08728138,0.49616784,-0.5688849,-1.4345245,-0.33690304,1.6883694,-0.078689374,-0.08936854,0.7474968,-0.45081264,1.3374631,-0.7533645,-0.3821564,0.5768511,0.8287961,-2.1500251,-0.10104201,-1.1947033,0.34014192,-0.99979573,-0.030428458,1.0759367,-0.035749763,-0.38082018,0.78277665,-0.24232164,-0.1419659,0.25663015,0.9231189,0.05087278,0.2744903,-2.0046897,1.3879192,-1.2506917,-0.60078055,-0.5170484,0.3998085,-1.2139804,-0.50287235,-1.4545302,-0.49298793,0.605501,-0.89642984,1.6369755,1.5230644,-0.09775648,-0.37868896,0.67475307,0.49822593,-0.49262184,0.4254493,2.5096295,1.3173587,1.4149401,-0.743458,-0.3727597,0.109207705,-0.5912141,-0.61934745,0.08234212,-0.19225362,0.088666886,0.9330622,-1.2790877,0.73114055,-1.2575227,-0.51351154,1.6431847,-0.49920854,0.5229646,0.69971037,0.29682744,-1.650905,-1.1012487,0.24345429,0.83002406,-0.33815345,0.009169978,1.0055597,1.9980472,0.94206846,-0.4389863,-0.90057886,0.984578,1.0371926,-0.23517275,-0.021123502,-1.4004084,0.94151,1.3226292,-1.071408,0.39577773,-0.23493019,-0.19893277,-1.7483047,1.2419559,0.086987436,0.3171339,1.0184171,-0.10096643,0.019237645,0.83287126,-0.79938745,-0.053211518,-0.46115384,0.41645503,0.29904193,-0.48041478,-0.65942764,-0.68159544,-1.0615649,0.55974185,0.13192809,0.89481574,-1.1792406,0.19146939,0.24784198,1.0805852,0.4057056,0.83330613,-0.95619106,-0.0944043,-1.2508754,1.3686535,1.3785607,-0.072708204,-2.2165375,-0.57270825,1.320477,0.4018961,-1.4887708,0.33903342,-0.5867603,-1.0313442,-0.22772484,-1.1277726,0.09060736,0.38156855,0.96183383,-0.83749664,0.7840506,-1.55218,1.1461815,0.16620767,-1.3027393,0.03690193,0.09121219,-0.6544581,1.3641255,1.8399452,0.37148708,0.22879414,0.9835765,0.8451427,0.11140647,-0.3113417,-1.75783,0.50500715,0.7243861,0.14269462,-1.3141214,0.81269944,0.79532665,-0.4740991,1.8915781,-0.8176435,-0.31574953,-0.77902615,-0.7370444,-0.64344186,-0.23917794,-1.2997406,-0.94723284,-1.3181244,-0.7011398,-0.83160067,-0.67003584,0.3130762,-1.2541658,0.14615129,-0.2550187,1.0850718,0.21126303,0.11679888,0.7142636,-0.4280073,-0.70713246,-0.6258063,-0.8261572,1.7990764,-0.6984337,0.2464461,0.56229514,1.2618139,2.1977181,0.79201055,-0.50615674,0.11626828,0.6479682,0.25336316,0.6070887,-0.32897118,-0.7301057,0.3677123,-0.39009964,0.5500144,-2.1909585,-0.70170844,0.22327265,1.1914899,0.023674205,0.76917195,0.88663787,0.76181376,1.4378506,0.9184715,-0.7279848,-1.0961728,-1.1541219,0.88301605,1.3160306,-0.8719916,-0.41441512,-1.4446188,0.150815,0.71020955,-0.5707762,0.43247527,0.13718316,-1.5468479,1.706271,-0.6326427,0.22976851,0.7321202,-0.25951183,0.1881291,-0.8427417,0.6332196,0.68942314,0.67596084,-0.9755242,0.6889694,1.000709,0.25006568,-0.7477748,-0.769965,-0.28591403,-0.37914506,-0.48511806,-0.90386176,-0.8664674,0.33918944,-1.220743,-0.8665677,1.3531768,0.26099235,-0.54370713,-0.73821044,0.42112532,-0.70641434,0.22825105,-0.6151397,-0.015780589,1.6294223,-0.11105606,0.71805954,-0.50402915,-0.1613606,-0.24952807,0.3608453,0.680456,0.8247075,0.29114664,0.66654754,0.7356114,0.10474333,-0.56797516,0.93401486,1.4892188,-1.0278432,0.26455182,1.0555192,1.2752652,0.3590795,-0.45425954,-0.745488,-0.7569791,-2.4412565,-0.50309265,0.08435249,1.1574647,-1.2294663,0.7672923,0.1883484,-0.15750861,0.11950057,0.29446176,0.14629096,0.50972533,-0.8740827,1.5695863,-0.2971485,-0.65617234,0.1841962,-0.38009188,-1.0111104,-0.19940864,0.42638585,-1.4639797,-1.719992,-1.399252,0.7316995,0.08745233,-0.9359313,-0.25273368,-1.4066327,0.41482818,0.10739478,0.6882439,-0.54439,0.06343599,-1.1428429,0.06631465,-0.9584372,-0.7086029,-0.5924857,0.820847,-0.27742973,0.5863732,0.5826506,0.90842396,0.80315065,1.1121466,-0.74637735,-0.93729854,-0.4221234,-0.12447512,0.9264875,-0.25098795,-1.0451508,0.16318697,0.03944013,1.108813,0.16204058,-0.65235114,0.6838471,-0.6053407,1.0901824,0.010881669,1.4760262,0.61228967,-0.73835045,-0.22044379,-1.0192078,0.58079827,-0.069328934,-0.59932494,-0.11522285,-0.3817649,-0.13071209,-0.1482587,-0.15663235,-1.5474062,0.2887162,0.8216374,0.9524453,0.16367584,0.22619134,-0.26099503,-0.5382247,0.6017155,0.64530665,-0.41490257,-0.08940277,0.58625126,-1.1585666,1.9032713,0.32046306,1.2711225,-0.78978103,0.46908516,0.32538086,0.3260925,-0.8098247,0.46015656,-0.8404179,-2.1907568,-0.4271961,0.32764795,0.080389395,-0.40288198,0.38646,-0.03658384,0.60938334,0.14263749,-0.741853,-0.50223976,0.10119896,0.80723494,-0.24144724,1.6586995,-0.70251536,0.7284192,0.4861301,0.49453396,0.26653254,0.3532076,0.7049873,-1.0719486,1.0760155,0.9806419,1.4886924,2.7093983,0.6233737,-1.6567695,-0.9253895,0.5593442,-1.8092139,0.21528737,0.69338495,-0.899322,1.5464538,-0.9519231,-1.1582898,1.7486005,0.74705654,0.20655447,-1.4684838,-1.2860893,0.35260847,0.97747016,-0.3624794,-0.29227403,-0.80756545,0.47320783,-0.42843193,-0.41476074,0.67951125,-0.15264836,0.52426106,1.8654428,-1.2090508,0.47905937,0.6875327,0.41603124,0.3080287,0.3903998,-1.4090018,0.40465784,0.7433989,-0.4490898,-0.5365274,0.32582775,-0.66967255,0.5984919,-0.20524818,0.10118678,-0.21904844,-0.22943586,-0.21416932,0.18332648,0.6788768,0.5296409,1.6672502,0.42970502,-1.6503752,-0.3049843,0.9098271,1.2781788,0.4121037,0.016292803,1.3989788,0.47958237,-0.4559376,-0.136701,-0.1701695,-0.19918269,-0.44934013,1.0792823,-0.30472893,0.74418944,0.44662598,-1.1452012,-0.8176095,0.1783107,0.07449594,-0.9105008,-0.75697094,-0.9710497,-1.5717722,0.37521762,-0.542009,-0.005711632,-1.2792871,-0.33968166,-1.0043652,0.045987725,0.6990096,-1.166266,-0.90106034,-0.29786614,-0.16746259,0.23750323,-0.7386329,0.005465122,0.6029674,0.80737936,-1.6744611,0.4438992,0.4035437,0.6337769,0.62942266,0.1138815,1.4206511,-0.5582956,0.78748626,-1.2873212,0.6644465,1.0636282,-1.8455808,1.0271431,-0.07715565,-0.16245751,0.7663991,-1.023926,-0.87485075,-0.7158669,0.4819904,0.05434658,-1.1625966,2.0401578,-1.5839486,0.97688866,-1.0429652,-0.019312574,-0.39429507,-0.18509914,-1.8845013,1.1716381,0.4007013,0.3873693,0.4775369,-0.41953337,0.078362055,0.28867304,0.6461085,0.7780588,-0.7706205,0.7453436,-0.873404,-1.449274,0.5374408,0.93011737,-1.2137218,-1.4294314,-1.4698821,-0.36233613,1.2706486,-0.4838303,0.34674895,0.83944964,0.01929259,0.831696,-0.5365883,-0.26306418,0.19921115,-0.3991377,1.4841236,0.32939425,1.3890703,-0.8208573,-0.72120243,1.1519023,-2.7275262,-0.5175877,-0.6332889,2.1644056,0.9639528,-0.19582891,0.27396172,0.6980429,-1.3108767,-0.4918846,0.86361057,-0.0016635689,1.466907,0.81501716,-0.6019746,1.4086481,0.014908797,0.5071275,-0.79860836,-0.78493994,1.6254684,0.014705982,-0.78362876,-0.51810825,-0.21810079,0.15618865,0.25748894,0.06357957,-0.2476427,-0.3780359,0.6722661,1.008734,-1.5711106,-0.9962615,-0.6825859,0.24133597,1.5028635,1.4461288,1.4932493,-0.3238503,-0.9224171,-1.9056451,-0.37266323,1.0447493,-0.052683506,0.45581067,-0.9930852,0.009540862,0.031481646,-0.26306584,-0.8564216,-1.4500127,1.7990423,0.316269,0.545977,1.9883158,-0.78613317,-1.1243759,-0.3991211,0.9940161,-0.026188668,-0.96380043,-0.5081733,1.0677496,-0.8117959,1.2312794,0.47914124,0.19412403,0.42723668,0.14505376,0.6488679,0.4416646,-0.66445404,-0.9530276,0.17703126,0.9369166,-1.6905215,-0.3573051,0.025218062,-2.049388,0.6181195,-0.17542209,-0.53614116,0.057609532,-0.8268683,-0.4936093,-0.72289705,-0.4125958,-1.1496309,-1.1129858,0.14061481,-1.0136954,-1.5935054,0.94282913,1.2693886,-1.6530012,0.70557,0.42639023,-0.09612662,0.77293456,0.03682418,-0.51672745,0.2680551,-0.15667602,0.08101508,-0.54988205,-1.1666958,-0.9823637,-0.0020484095,-1.5552652,-0.91640025,0.83150846,0.7371398,-1.386865,-0.5150949,-0.0820992,-0.927191,0.8273459,0.48173067,0.099218294,-0.045398034,-0.2659026,-0.4913355,0.41877463,1.2406856,0.2663852,0.15051256,0.5609981,0.46581045,0.15960035,1.801455,0.32396618,0.2340815,0.9861246,0.59413886,-1.0774436,0.32803693,-0.32937106,-0.22613621,0.4903439,-1.5556705,-1.0556722,1.8903605,-0.19888334,-1.3886323,-0.20481682,0.37289822,0.027106516,0.43617183,0.15444052,0.8059235,1.2204037,0.82421726,2.2330177,-0.39650643,-1.0262724,-0.53632706,0.22258049,-0.52416015,-0.71030545,1.0346099,0.7920759,2.454032,-0.84799695,0.16979243,0.8616944,-0.7170333,-1.3033402,0.43761343,0.27335805,-0.6267135,-0.44789302,0.7115262,-1.275229,-0.0625661,-1.5042243,-0.18838853,0.76046115,0.47673294,-0.63654274,-0.14851703,0.63346815,0.6001373,-1.0046859,0.33863533,1.394913,1.0376946,-0.1795911,-1.3164724,0.07600409,-0.6135175,-1.7986293,-0.11635092,-0.4444208,-0.38410416,-0.06213286,-0.28867915,0.087766446,-0.7602948,-0.6691119,1.157775,-0.078024015,0.12855168,-0.06397961,-0.6134934,1.7197595,-0.5173264,-0.19050182,0.69317025,0.6037959,-1.465137,0.47815847,-0.9170745,0.28976053,-0.62362844,0.08321281,0.81177276,1.0039684,-0.5746517,1.1270288,0.43267196,-0.43640712,0.28388456,0.64223176,0.56386566,0.41982904,-1.9400792,1.1062385,-1.6178863,-1.1796262,0.17875661,0.6638757,-0.31325766,-0.18451396,-0.50493973,0.61728245,0.5573865,-0.9479955,0.92183334,1.7524992,-0.46807384,-0.5474689,0.9585401,0.67571366,-0.49480268,-0.084779665,2.1520953,0.53668636,1.5932064,-0.9225682,-0.5428827,-0.18607229,-0.5367641,-0.593493,-0.42315787,-0.69780445,0.092610225,0.6474652,-0.4152823,0.701387,-1.4238486,0.20195542,1.3829695,-0.80790645,-0.26838663,0.5137361,-0.34393656,-1.3181695,-1.1259733,1.0396665,1.562029,-0.08421083,-0.1799328,0.20923936,1.3183775,0.6093732,-0.38547772,-0.5950183,0.37162682,1.0298562,0.8308265,-0.73843455,-1.1183739,0.7744574,1.4815761,-1.2546968,0.5853941,-0.7912918,-0.82847524,-1.7861724,1.255075,0.83441275,0.33803025,1.2653273,0.6511638,0.02449667,0.74465513,-0.42220116,-0.3474325,-0.05695133,-0.59702075,-0.08439502,-0.6794636,-0.568302,0.08438576,-1.0064702,-0.39119738,0.16140012,1.0638283,-1.3210311,0.11342425,-0.31197917,0.6062243,0.2647947,-0.38886547,-0.61443937,-0.022898806,-1.1953988,1.3350667,1.2081406,-0.20100519,-1.9024374,0.7258848,0.7922812,0.35518563,-0.63788724,0.6778698,0.5149181,-1.5298518,-0.48667574,-1.6141576,-0.8357961,0.3398437,1.5352806,-0.7216133,0.5600865,-1.4055285,0.8098615,0.24980696,-0.5774022,0.38873112,0.1440323,-0.6912064,2.1278996,1.1179411,0.25168335,0.088739954,0.9783891,1.3697623,0.1622743,-0.5607007,-1.3756592,0.6252164,0.9997579,0.40298504,-0.9011416,0.045160167,0.64379466,-0.18591131,1.686812,-0.38374493,-0.40543857,-0.861058,0.09476385,-0.34237105,-0.17901044,-0.6242307,-0.023940047,-1.3411026,0.32856572,-0.54851395,-0.24170464,0.28277403,-0.9919612,-0.16853157,0.076046646,1.3143802,1.0719053,0.60025966,0.932512,-0.26969388,-0.21489893,-0.96869534,-0.5743521,0.7930735,-1.2237406,0.18822026,0.3714128,0.8745249,1.8531431,0.65041214,-0.45648256,-0.13248718,-0.24236308,0.3121181,-0.012081023,-0.56096864,-0.24606922,-0.0053025284,0.16282266,-0.14079277,-1.2292053,-0.31566635,-0.19968891,0.7204971,0.31164372,0.37059012,0.08114863,0.45562914,1.4114805,0.30283344,-0.9466438,0.0
セ,0.6034827828407288,0.0750778391957283,0.8657544255256653,-0.3678527474403381,-0.0313357412815094,0.0785465538501739,0.3023997545242309,0.1341314166784286,-0.0150674358010292,0.1794959306716919,0.5327253937721252,-0.0546330027282238,-0.0090028950944542,-0.1984357684850692,0.4012514948844909,-0.3616842329502105,0.0017708534142002,-0.2547635734081268,-0.1755476742982864,-0.2963722348213196,-0.7017987370491028,-0.4959449172019958,0.0900995656847953,-0.0678692832589149,0.5468490123748779,-0.5644563436508179,0.0843673050403595,0.3800015449523926,-0.0727834179997444,-0.2994767725467682,-0.4494493305683136,-0.2137268185615539,-0.0988010093569755,-0.2648979723453522,-0.8406083583831787,0.321076363325119,-0.2116503715515136,-0.2594198882579803,-0.0166147779673337,-0.6252167820930481,-0.1629805564880371,-0.2735671699047088,-0.1306898742914199,0.2027148008346557,-0.2640228867530823,0.4681769013404846,0.3186984956264496,0.2199781984090805,0.1590713560581207,0.3783169388771057,-0.2190364152193069,0.4417745172977447,0.3228428363800049,0.0483717061579227,0.2766009569168091,-0.293256551027298,0.0194970220327377,-0.3499400615692138,0.051380880177021,0.6324642896652222,-0.1727774292230606,-0.3782002031803131,0.0908156633377075,0.4214170575141907,0.1470639556646347,0.0952928364276886,-0.0770568773150444,-0.3569855391979217,-0.0024191737174987,-0.9345948696136476,0.1054674610495567,-0.1814249157905578,0.1347778290510177,-0.5121384859085083,0.9192212224006652,-0.1132273972034454,0.5152490139007568,-0.0106139434501528,0.5689225792884827,-0.0215554423630237,0.1422233283519745,0.4946246147155761,-0.1477049738168716,-0.6141643524169922,-0.0316419005393981,0.1433631032705307,-0.2315422445535659,-0.8052089810371399,0.2334419935941696,-0.0100490115582942,0.0416909642517566,0.288483589887619,0.2873562276363373,0.5011584758758545,-0.0890111923217773,0.4297166168689728,0.2156285643577575,-0.2732447981834411,-0.4008235931396484,0.2421606630086898,0.0104161538183689,0.1166939809918403,0.2539656460285187,-0.0125807607546448,-0.354225754737854,0.1834481656551361,-0.2137883305549621,0.3058245182037353,0.0607062354683876,0.016571270301938,-0.3441768288612366,-0.6101165413856506,-0.9098912477493286,-0.1643927991390228,0.0461167208850383,-0.3002687692642212,-0.4222589135169983,0.7391008138656616,-0.3650001883506775,0.4872054755687713,0.2627048194408417,0.4744058549404144,-0.1802817285060882,-0.3436811566352844,-0.0989200696349144,0.3496215045452118,0.4674854874610901,-0.0337310284376144,-0.2539657950401306,-0.1530697494745254,-0.1126011088490486,-0.1008185073733329,-0.1988453865051269,-0.1834728419780731,-0.1859756112098693,1.0019562244415283,-0.2667397260665893,-0.0522280670702457,0.0221421010792255,-0.2407938241958618,-0.121945783495903,0.1448226422071457,0.6913648247718811,-0.3939955234527588,0.2216789275407791,-0.1399714201688766,-0.1281062513589859,-0.5362316370010376,-0.1395812332630157,0.3998737633228302,-0.3157594799995422,0.6487504839897156,-0.8809701800346375,-0.2126045376062393,0.2258440405130386,0.2880144417285919,-0.7001898288726807,0.1056503355503082,-0.1913360506296157,0.0378595292568206,0.0268137883394956,-0.5634580850601196,-0.0073304274119436,0.6009246706962585,0.1807908862829208,0.2881605327129364,0.1586738526821136,0.0785095691680908,-0.3303672671318054,0.8681853413581848,0.511932909488678,0.0099891992285847,0.1945490539073944,-0.0367480590939521,-0.010967057198286,0.2244033217430114,0.7548457384109497,0.359950989484787,-0.334017664194107,-0.4333972334861755,-0.384022057056427,-0.0326096005737781,0.1045397147536277,-0.6877201199531555,0.1180780604481697,0.2910391390323639,0.3983965516090393,0.3366944491863251,-0.3584904670715332,0.0164710283279418,0.1555396467447281,-0.7865625023841858,0.1052769497036933,-0.5746724009513855,-0.0178759582340717,-0.3101350367069244,-0.2689124345779419,-0.0294117908924818,-0.4702986478805542,0.879673421382904,0.0344816595315933,0.3251921534538269,-0.1996561735868454,-0.7094054222106934,-0.8463715314865112,0.1425738781690597,-0.10161142796278,-0.1238091588020324,0.3591572940349579,0.2223147898912429,-0.1085578128695488,0.175785556435585,0.6998524069786072,0.2151294201612472,0.6825213432312012,0.4518811404705047,-0.3791395723819732,-0.2934220135211944,0.4491629004478454,-0.6812587380409241,0.5171694159507751,-0.3814699947834015,0.2751484513282776,0.0894262120127677,-0.4749280512332916,0.4922092258930206,0.4074813425540924,-0.2321700155735016,-0.0602190718054771,0.7236948013305664,-0.5181476473808289,-0.3106818199157715,-0.9644609093666076,0.3610828518867492,-0.577052652835846,-0.0282045342028141,-0.1405972838401794,-0.2382441908121109,-0.5538663864135742,0.4035924077033996,0.0530608557164669,-0.0650336667895317,0.1128134876489639,-0.37974613904953,-0.2270873337984085,0.144732728600502,-0.4401654005050659,-0.5063103437423706,-0.1142496913671493,-0.0740144476294517,-0.0978259518742561,-0.2774339616298675,0.0230636540800333,-0.440977931022644,1.0684287548065186,0.5564851760864258,0.6356865167617798,-0.0223555583506822,0.1783395856618881,-0.1415370255708694,0.0456109419465065,-0.5141477584838867,0.1883867383003235,0.0597095638513565,-0.1815057694911956,0.1952510178089141,0.3119526505470276,-0.2785893082618713,-0.6507947444915771,-0.9219587445259094,0.0997645407915115,-0.6202857494354248,-0.0778116658329963,-0.0487549118697643,-0.473504364490509,-0.2878942489624023,-0.4061278700828552,0.8403850197792053,-0.1530055701732635,0.1211740672588348,-0.3376452326774597,0.6478351354598999,-0.5461059212684631,-0.3854315280914306,-0.1192429736256599,-0.0689709335565567,-0.6466272473335266,-0.14373479783535,-0.6436154246330261,0.5789369940757751,0.2714177668094635,-0.3288511335849762,-0.3607306778430938,0.5365675687789917,-0.1525389999151229,0.3727106750011444,0.305794894695282,-0.0124803753569722,0.4156901836395263,0.0130990268662571,0.0483854860067367,0.398985892534256,0.2581155002117157,-0.1875572800636291,0.0613583028316497,-0.5587813854217529,0.0501830987632274,0.1585660427808761,0.3721579611301422,-0.2235145270824432,0.4471069276332855,0.789029061794281,-0.4257601797580719,0.3631481528282165,0.325540691614151,0.8647564053535461,-1.6320197582244873,0.2422871142625808,0.3077225685119629,-0.0182281862944364,-0.3779305517673492,0.162742018699646,0.5018773674964905,-0.1500382721424102,-0.0089867850765585,-0.5964475870132446,0.7721530199050903,0.120200514793396,-0.0118414564058184,-0.1354780197143554,0.3769541382789612,-0.4087579548358917,0.2606328725814819,-0.3906883001327514,0.443256139755249,0.2728796601295471,-0.4299178123474121,-0.0726710930466651,0.1484448462724685,-0.4802765548229217,-0.2633105814456939,0.1061314418911933,-0.1347464174032211,0.1210457608103752,-0.5667712688446045,-0.2901121973991394,0.0845103338360786,0.5594958066940308,0.8658941984176636,0.5913154482841492,-0.4480279684066772,-0.2294298708438873,0.2076779901981353,0.1762100011110305,0.5203078389167786,-0.1820008754730224,-0.1051240861415863,-0.0627926886081695,0.5727033019065857,-0.0488503947854042,-0.1660609394311905,0.1992775946855545,0.1152427271008491,0.4405218958854675,-0.1966742873191833,0.0300865266472101,1.1923983097076416,-0.268284410238266,-0.13162662088871,0.2411096692085266,0.7372906804084778,0.3380445837974548,0.0311949849128723,-0.0610441043972969,-0.1054794639348983,-0.2466994225978851,-0.0484000220894813,0.1485935598611831,-0.4643492698669433,0.0946572422981262,-0.2567406296730041,-0.1056801378726959,-0.123014822602272,-0.1463367640972137,-0.1214188784360885,-0.5694536566734314,-0.5389914512634277,0.1876948326826095,0.0982346385717392,-0.6518548727035522,0.5742854475975037,0.3568605780601501,0.5404207110404968,-0.8067978620529175,-0.7520087361335754,-0.1347270905971527,-0.0785858333110809,-0.0754351839423179,0.1775768250226974,-0.0751150101423263,-0.6135401129722595,-0.1002246960997581,-0.2546331584453583,0.0585763305425643,-0.3846781253814697,-0.3166280388832092,-0.7551460266113281,0.1292170584201812,-0.293252170085907,0.780036449432373,-0.0462789572775363,-0.2303877919912338,0.2657456994056701,0.6775398254394531,-0.4065422117710113,-0.4495618641376495,-0.4584120512008667,0.8373240828514099,0.0512344539165496,0.3173268139362335,0.385352611541748,0.2748156487941742,0.2830776274204254,0.1819606721401214,-0.3985791802406311,-0.0157041735947132,-0.5556009411811829,-0.2081477642059326,0.3702368438243866,-0.0785902738571167,0.5781213045120239,-0.3293099701404571,-0.0456543043255806,0.7103759050369263,-0.3246232867240906,-0.7063472270965576,0.12338138371706,0.3657518327236175,-0.5330333113670349,0.4693048596382141,0.8696290850639343,0.769604504108429,-0.7394624948501587,-0.0199984926730394,-0.0491824597120285,0.0292065311223268,0.5893369317054749,-0.0741845443844795,0.0488187856972217,-0.1426861882209777,0.3648760616779327,0.6170795559883118,0.221597284078598,-0.0471688657999038,0.4615173935890198,0.2232668548822403,-0.3384721875190735,0.6513592600822449,-0.0357232876121997,0.300730437040329,-0.45834681391716,-0.1274605244398117,0.1129325404763221,-0.2202627807855606,-0.6643514037132263,-0.3386875689029693,0.1395236104726791,-0.2627438008785248,0.5947475433349609,-0.3828618824481964,-0.7533091902732849,-0.6318255066871643,-0.5088008046150208,0.1271135807037353,-0.1374127715826034,-0.0798821449279785,0.0102653671056032,0.1662863790988922,-0.4274555146694183,0.3237448036670685,-0.0807531997561454,0.1142224445939064,0.0820484235882759,-0.5486111044883728,0.4254395067691803,0.2334243208169937,0.0314912088215351,0.1671176254749298,0.0433287657797336,-0.1333120912313461,-0.8757457137107849,-0.6722213625907898,-0.0414260327816009,-0.3047709465026855,0.3394939303398132,0.0436046570539474,0.3915460407733917,0.2183481454849243,-0.6332376003265381,-0.298288881778717,-0.5024104714393616,-0.2461941838264465,0.168449118733406,-0.2257195562124252,0.2276105880737304,-0.0712011307477951,0.376390665769577,0.5094534158706665,0.7028288841247559,0.0056369793601334,0.0157313849776983,0.5789600610733032,0.4273936450481415,-0.5230504870414734,-0.3404727280139923,-0.1554687768220901,-0.3449896872043609,0.0959898084402084,0.4280674159526825,0.4014675915241241,-0.038503523916006,0.1964097917079925,-0.7710626125335693,-0.2982843816280365,-0.0100206090137362,-0.4969553649425506,0.5028594732284546,-0.3073532879352569,0.6047269105911255,-0.8835477232933044,0.2471556663513183,-0.1721460372209549,0.2979965209960937,0.0988359153270721,0.2505272626876831,0.0405870787799358,-0.5503985285758972,0.0078401193022727,-0.0282123908400535,-0.4133504033088684,0.48213991522789,0.5093300342559814,-0.564020574092865,-0.0630154311656951,0.7397372126579285,0.4950209558010101,-0.1479485630989074,-0.2041714489459991,-0.5524908900260925,-0.2461763322353363,-0.1651788502931594,0.0962053835391998,0.4927022755146026,0.0574981421232223,-0.4329172074794769,0.1347987204790115,0.6766618490219116,0.4353385269641876,0.7924428582191467,0.2495272010564804,-0.0503512285649776,0.1095496192574501,-0.2341724932193756,0.3761541843414306,0.1359458267688751,0.7105685472488403,-0.5681143403053284,0.7346940636634827,0.5131425261497498,-0.3905883431434631,0.1338603496551513,0.4927493631839752,0.1655526161193847,0.0331513099372386,-0.0668327286839485,0.21676005423069,-1.1577006578445437,-0.2070232182741165,0.4567450881004333,-0.108603686094284,0.349767804145813,-0.1468093991279602,-0.272512823343277,-0.3594733774662018,0.1256765872240066,0.1336356550455093,-0.0803120732307434,0.0717826709151268,0.4696975350379944,-0.3887090682983398,0.5619118809700012,0.3889592587947845,0.0070016589015722,0.1808483451604843,0.0728503689169883,0.7361040711402893,0.533949613571167,0.1084820255637168,0.4169452786445617,-0.3646301627159118,-0.9425081610679626,0.2984364032745361,0.0274211354553699,-0.4213316142559051,0.4637819826602936,-0.3018240332603454,-0.2471407651901245,0.3390486240386963,0.2031398862600326,0.0307705607265234,-0.1741285175085067,-0.6933572292327881,0.1380597352981567,-0.1937256455421447,-0.0442165583372116,0.2289419174194336,-0.2993386089801788,0.4781246185302734,-1.8821431240212403e-06,-0.0388729013502597,0.4249505698680877,0.6757005453109741,0.5005992650985718,-0.4437052309513092,0.3728569149971008,0.1247911676764488,-0.1848772317171096,0.150855153799057,0.351049393415451,0.0533195659518241,-0.0693046525120735,0.5249400734901428,-0.224432423710823,0.0193343479186296,-0.3187216818332672,0.4181233942508697,0.1985646933317184,-0.2660110592842102,-0.2695210874080658,-0.3208607137203216,0.4870755672454834,0.0571654662489891,-0.3261508643627167,-0.1408548355102539,0.0713569298386573,0.1925425380468368,0.1412426978349685,-0.4827492237091064,-0.5667328834533691,-0.5158524513244629,-0.2101653963327407,0.2888988256454468,-0.5078287124633789,-0.371027261018753,0.501457154750824,-0.1215050145983696,-0.1823085844516754,-1.5426088571548462,0.1391412317752838,-0.1983575224876403,0.3572340905666351,-0.2395525872707367,0.5764230489730835,0.2233718782663345,-0.084420807659626,-0.4390450417995453,0.0667186453938484,0.2911503314971924,-10.199799537658691,0.3088061809539795,-0.5409168601036072,-0.7815231084823608,-0.3371039628982544,-0.124379426240921,0.6968086361885071,0.3581056296825409,-0.2872464954853058,0.3523631393909454,-0.7251420617103577,0.41616091132164,0.5971251726150513,0.0970413088798523,-0.1099560633301734,-0.0877025201916694,-0.1905624270439148,-0.1242031678557396,-0.0928427651524543,0.1550261825323104,-0.255848228931427,-0.1528791785240173,0.6300467252731323,0.635814368724823,0.4549063742160797,-0.3584784269332886,0.0620031543076038,0.0982092320919036,0.4553763270378113,0.3091898560523987,-0.8943516612052917,0.647114634513855,-0.088815189898014,0.0694255456328392,-0.3161036670207977,-0.0389481931924819,0.0332068167626857,-0.0861871168017387,-0.5074703097343445,0.0814435109496116,0.5768760442733765,0.579755425453186,0.0115757444873452,0.1708525717258453,0.3499915599822998,-0.3767823874950409,-0.0237202029675245,-0.0745694041252136,0.7220386862754822,-0.4265865683555603,-0.0492623075842857,0.0808892473578453,-0.0173357240855693,0.0091804014518857,-0.1825318038463592,-0.2819981575012207,0.7245775461196899,-0.7030529379844666,0.2386891841888427,0.1236471831798553,0.6605232954025269,-0.0807105153799057,0.3659892976284027,0.7711077928543091,0.3688330948352813,0.4093636870384216,-0.1484010815620422,-0.1482061892747879,-0.6010558009147644,-0.3189830183982849,0.4094802439212799,0.7575972676277161,-0.3058397769927978,0.2721104025840759,0.0785079449415206,0.0028526014648377,0.08616304397583,-0.059882890433073,0.2011765539646148,0.2032788246870041,0.2285952121019363,0.1532840579748153,0.0307135768234729,0.6151642799377441,-1.058052897453308,-0.1103243082761764,0.0959193184971809,-0.3619970083236694,0.2754208743572235,-0.4584848284721374,0.7406895160675049,-0.3048589825630188,-0.6493950486183167,0.3040450811386108,0.4413687884807586,-0.2443837821483612,-0.1059194803237915,0.1633730828762054,0.4056206047534942,-0.5125148296356201,-0.855912,-0.49023142,1.0342194,1.4276404,-0.63196725,-0.7913789,-0.98345983,0.79721206,1.5551453,-0.18144071,0.34606943,0.015989542,-1.6801414,2.2371266,-0.5249706,-0.25604665,0.5584142,-0.6967592,0.36261812,-0.44012284,0.31431296,0.50151086,1.1618066,-0.7881488,0.872117,0.8282905,0.6147679,-0.67293614,-0.90447366,-1.2283773,0.22046795,-0.5780019,-1.0777445,-0.6115177,-0.110009216,-0.9466561,-1.1366564,1.0678464,-0.13642287,-0.7053294,-0.655411,0.87160414,0.07044248,0.14888996,-0.89505875,-0.13707353,2.0889146,-0.2898574,0.8518574,-0.69777876,-1.1121933,-0.23239815,0.4549786,0.78473127,0.66861224,-0.11153253,0.66612524,0.8392329,0.10145378,-0.18194939,0.1169054,0.791813,-1.0943286,-0.15163901,0.17353699,0.6495945,-0.3450928,-0.042330824,-0.53097445,-0.63444084,-2.400918,-1.0033087,-0.014391385,1.3696499,-1.3522073,0.68686986,0.356518,-0.36772117,-0.017745651,-0.08441483,0.47809544,0.25088364,-1.1417329,1.0621314,-0.60337657,-1.1520861,-0.3546762,-0.4520758,-1.0190264,0.019060085,-0.43093738,-1.3414,-1.3763508,-1.5013595,1.1212994,0.14036684,-0.8809641,-1.0764419,-1.2101372,0.07916391,0.16234514,1.4662056,0.20798393,-0.5893902,-0.46693116,-0.04215321,-0.67863566,-0.30263257,-0.56604916,0.4368378,-0.0045458777,0.5552247,0.6612048,1.0316774,0.71999127,1.0518489,-1.4118404,-0.87793344,-0.6825143,0.2932238,1.0427343,0.48940235,-1.1447244,0.71597934,0.04779365,0.7251549,0.36052147,-0.46644098,0.41646367,0.264679,0.96058106,-0.40157574,2.0248206,0.88598204,-0.36535266,-0.6323216,-0.30456054,0.35760635,0.16374993,-0.90267926,-0.27701575,0.32166785,-0.054890424,-0.17257425,0.3424378,-1.3906279,0.33609664,0.6898947,1.4450028,-0.17644233,-0.46463764,-0.38744158,-1.2919427,0.6236804,0.70654505,0.0368719,0.043617547,-0.035031572,-0.99600637,0.94183165,-0.020682141,1.3257209,-0.7217095,0.33463565,-0.30548263,0.9982542,-0.8406166,0.3021095,-1.1448505,-2.1808686,-0.16329552,0.3255065,1.1364977,-0.11489679,0.5508153,0.18120427,0.11814923,0.4324177,-0.878013,-0.037080355,1.1848334,1.0920906,0.11793595,1.5128936,-0.51201004,0.093369514,0.56763184,0.015981372,0.2641011,0.34285432,1.282753,-0.8648262,1.3538567,1.1393657,0.77644086,2.745015,0.5475918,-1.5857013,-1.350289,0.6484355,-1.8131611,-0.23744397,0.91244495,-0.73969734,0.99269235,-0.8959557,-1.2490118,1.5525947,0.6270068,0.1709838,-1.1167694,-1.5402775,1.0710648,0.33173102,-0.71948785,-0.2968397,-0.80293256,0.12053458,-0.5962508,-0.29173553,0.67844814,0.53588545,0.52632344,1.5022415,-0.8897889,1.0663971,0.5621139,-0.18111198,0.36419892,0.5812894,-1.0551276,0.29471838,0.5315774,-0.04562843,-0.5417758,0.3702132,-0.63848937,0.9782019,-0.1950237,0.7201443,0.38189763,-0.354706,0.1333692,-0.48757863,0.37314674,0.4590872,2.0110834,0.08995904,-1.7744352,-0.3394872,0.45720187,1.2065016,-0.23770161,0.075322166,0.7441771,1.0625948,-0.2001012,0.08155662,-0.47746894,-0.38668293,0.08990204,0.4309279,-0.10378559,0.2870478,0.4862616,-0.59459037,-0.9972219,0.07874798,0.14726305,-0.831722,-0.98008984,-0.93514186,-0.7205689,0.24079496,0.20344953,0.82019174,-1.0215763,-0.8475009,-1.1580831,0.45508808,1.0816847,-1.758465,-0.18218197,-0.23453732,-0.7491129,0.7589035,0.105727196,0.11654638,0.19781175,0.48934823,-1.6808287,0.98599285,-0.22544709,0.098479085,1.3350137,0.26488322,1.4218514,-0.59760475,0.33942103,-1.059018,1.0361958,0.39205703,-1.2001426,0.87741387,-0.339227,-0.11217659,1.2210989,-1.6061003,-0.31873903,-0.85050833,0.02188557,0.25022495,-1.2371027,2.0255475,-2.3107767,1.3789984,-1.650741,-0.34945774,-0.66900074,-0.22739978,-1.0258895,0.6154664,0.39334255,-0.16898759,0.6846938,0.036721982,0.04296474,0.3749254,-0.036672078,0.92939293,-0.07373579,0.4732682,-0.7558786,-1.1907556,-0.40661734,0.5210899,-0.93924856,-1.0302755,-1.2609808,-0.5507495,-0.12197842,-0.6021731,-0.64357483,0.52652025,-0.22405565,0.6056104,-0.84637785,-0.4397186,0.36380285,-0.93929005,1.2008088,-0.18979618,1.2081035,-1.012353,0.079058886,0.57219136,-1.3404258,0.30382353,-0.44799423,1.9060594,0.3983312,0.49760473,0.38345924,0.54568976,-0.106500305,-0.7959558,0.9311823,-0.07265118,1.4010826,0.35971862,-0.6012355,1.410166,-0.46711946,0.28563967,-0.26913932,0.022008084,1.9569095,-0.32800898,-0.7078604,-0.29669887,0.19268143,0.16885751,0.044958018,0.2122083,0.6105875,-0.12967502,0.6444238,0.55615884,-0.5905072,-0.6998863,-0.3943509,0.5853423,1.2563815,1.2128136,1.562375,-0.8492834,-0.71338904,-1.6068882,0.33604822,1.466814,0.1922549,0.5842925,-1.2250588,0.20552377,0.21250594,0.3466513,-1.0747383,-1.6805314,1.752385,0.2414087,0.5205157,1.7220513,-0.49689314,-1.4295475,-0.43369928,0.41064313,-0.095998034,-1.4358418,-0.6033823,0.4192244,-0.28232607,1.2985487,0.66132504,0.33309233,-0.1103024,-0.6450927,0.46696815,0.7107364,-0.67908263,-0.605976,0.1378935,-0.108097635,-1.2714963,-0.6093391,0.56978446,-2.002826,0.6259108,-0.59939134,-0.47770208,-0.05248536,-0.36692882,-0.5020625,-0.38933522,-0.111413345,-1.308043,-0.7217592,0.72302645,-1.5956347,-1.1720281,0.9161639,1.3165663,-1.2395091,0.7349047,0.50229806,0.27453113,0.9495108,-0.26884034,-0.39341825,0.39868745,-0.6189914,-0.18927974,-0.33408466,-0.86716866,-0.6106616,0.47517422,-0.974494,-1.3626297,0.7315193,0.5216458,-1.6538533,-0.78700215,0.046042904,-0.7844342,0.52354205,0.6911508,-0.4414017,-0.36196196,-0.6661827,-0.3532384,-0.0021441355,0.9111663,-0.29456288,-0.2054091,0.23823974,-0.10090193,0.021709137,1.6102344,0.33881238,1.0594839,0.95270073,0.9822222,-0.49058378,0.363006,-0.38083524,-0.36007854,0.4173093,-1.4239016,-0.9261588,1.7962757,-0.2655932,-1.3603579,-0.42601228,0.59215677,-0.18335548,0.529401,0.39846087,0.893123,1.6877518,0.79533726,1.492945,-0.10586414,-0.6233571,-0.7370915,0.055915296,-0.76298916,-0.37860897,0.46319085,0.62883097,2.2368681,-0.3720619,0.6283966,0.5964398,-0.53938353,-1.2165744,0.5955585,-0.007954203,-0.5753829,-0.06738292,0.7422758,-1.2861556,-0.043003716,-1.7339417,-0.80544436,0.9331975,0.867898,-0.47853354,0.14226133,0.5790155,0.61948967,-1.2082486,-0.02567719,1.6844742,1.0337124,-0.28101888,-0.75473464,0.72483027,-0.24731168,-1.613085,-0.03989799,-0.6673653,-0.9341222,0.19698124,-0.26186043,-0.38711825,-0.46378773,-0.5703808,1.9249471,0.29610744,-0.15482606,0.3868145,-0.8190816,1.814418,-0.7642209,-0.18328863,1.2491516,0.61051667,-1.9483385,0.32024333,-0.9850543,0.6737211,-0.5057533,0.7753119,1.2564164,0.44132206,-0.4462505,1.8080187,-0.17231885,-0.57074314,-0.6564095,0.71571153,-0.57502574,0.14518939,-1.9054307,1.3540804,-1.3661453,-0.7803525,0.15875877,0.592212,-0.89493424,-0.0083332695,-0.71637326,0.39017072,0.2260498,-0.89553237,0.80384606,2.1124053,-0.33471483,-1.2086741,0.41582236,0.41301537,-0.53099436,-0.034372956,2.6589153,0.56661046,0.97898173,-0.9827885,-0.49388131,0.7413244,-0.28248575,-1.3424376,-0.6396414,-0.27832615,-0.20537218,0.39375076,-0.57157123,0.65072834,-0.9130838,0.46369582,0.8711364,-0.68332505,-0.20897204,0.5323189,-0.2773115,-0.9349247,-1.4439995,0.63218176,0.70523757,-1.0609969,0.34641755,1.047805,1.5926224,0.503192,-0.18841702,-0.7575864,0.7503344,0.8453576,0.932118,-0.5303069,-1.2229133,0.5077757,0.9654326,-0.43108547,0.25717622,0.18515597,-0.91154814,-1.8600787,1.0756639,0.2032294,-0.0046763867,0.87032104,0.49727374,-0.29427496,0.53848445,-0.107649244,-0.049758997,-0.14775166,-0.6173465,0.08432187,0.23805973,-1.0357527,0.25312072,-0.8059333,-0.17029446,-0.42996532,0.79494655,-1.027496,0.29439646,0.0928601,0.55937046,0.5079531,0.18746597,-1.174105,-0.7571664,-0.58984673,1.5727654,1.063803,-0.21631908,-1.1172597,-0.34385112,1.1294342,0.8851014,-0.45485616,0.21756178,0.009701867,-0.7452781,-0.1842014,-1.1151458,-0.3556994,0.570566,0.62876004,-1.2513832,1.2608587,-1.530351,1.0192347,0.033487007,-0.832485,0.036781788,0.16672756,-0.18776132,1.657624,1.3522853,-0.38069996,0.36153305,0.44528586,0.7232357,-0.041877683,-0.085140206,-1.4768232,0.93514615,0.85473144,0.0027689785,-0.9495847,-0.10679811,0.64235234,-0.27598396,1.3723406,-0.5284744,0.066356674,-0.16952848,-0.2879633,-1.2351036,-0.7110626,-0.8970679,-0.13863622,-1.1132194,0.33303794,-0.96059495,-0.74857336,0.2092908,-0.35061592,0.4055928,0.122126,1.2356102,0.29836327,0.93752986,0.7332862,-0.44975346,-0.15762371,-1.1261433,-0.6988962,0.46986783,-0.83221203,0.42562637,0.29853544,1.136791,1.2960875,0.15436904,-1.145324,0.4282447,0.19258292,0.2160677,0.1854538,-0.8416254,-0.42593485,0.15204738,0.35614842,0.19067697,-1.4551091,-0.4638329,0.2009546,0.39040214,0.47879058,0.7087492,0.2829624,0.40181163,1.9109296,0.85147214,-0.47026718,-1.2375021,-1.2938042,0.88500893,2.0453084,-0.81906724,0.06005303,-1.3458805,0.10207482,1.3432782,-0.90924,0.17049009,0.31152087,-1.8253512,2.216905,-0.986265,0.3749359,0.8465202,-0.30915067,0.379042,-0.74248683,0.6191239,0.32039312,1.1356643,-1.1520759,0.43159977,0.9689903,-0.032096654,-0.844269,-1.0450892,-0.84834474,-0.236732,-0.97487783,-1.017108,-0.88158834,-0.23075195,-1.4489546,-0.9375317,1.3759414,0.19772908,-0.30486673,-0.64570016,0.78600216,-0.9552796,0.46216562,-0.5073655,-0.26573926,2.3948488,-0.3093364,0.85613924,-0.25641426,-0.524739,0.20043021,0.33191785,0.48548895,0.46860808,0.13805443,0.952448,0.8509673,0.023111962,-0.38715494,0.38384354,0.98334825,-0.9519383,0.17773278,0.7366496,1.0166805,0.38869324,-0.59230405,-0.7982715,-0.73800504,-2.0870667,-0.6868468,0.8375154,1.0974065,-1.1420351,1.1732136,0.00038170815,-0.24094036,0.14264861,0.44685858,-0.29015318,0.5542174,-1.2077608,1.4196258,-0.13636091,-0.55189973,0.4217112,-0.54072124,-0.8485384,-0.36905438,0.2540522,-1.178872,-1.9390547,-1.075379,0.674746,0.42247897,-0.85300493,-0.53814363,-1.3877201,0.12597299,-0.0135771865,0.9005199,-0.48442808,-0.14285415,-1.041685,-0.14733516,-0.8142859,-0.45189905,-0.606738,1.0010587,-0.47365206,0.7143444,0.4246152,1.4786657,0.65735954,0.35186866,-0.8988565,-0.78410226,-0.98002565,-0.11157927,0.6983553,-0.022166677,-1.3087585,0.31467295,-0.08260335,1.4270866,0.012920864,-0.8389154,0.7860736,-0.35188678,0.9155619,-0.39470482,1.4545972,0.3064433,-0.90222406,-0.10817315,-0.33329347,0.51322365,-0.56408465,-0.28090712,-0.48936194,-0.21551186,-0.14401649,0.24482346,-0.055419765,-1.8367326,0.24802455,0.22047004,1.1499612,0.55474085,0.46044758,-0.40459755,-0.4439688,0.91657543,0.5365696,-0.3253681,0.20659392,0.63687783,-1.6064745,1.5653765,0.6325573,1.273625,-1.2769839,0.67702895,0.39188892,0.50350875,-1.0539597,0.56580925,-0.884942,-1.8107188,-0.23139155,-0.2156005,0.56886876,-0.5056882,0.5253881,0.37740925,0.2679732,0.0047230646,-1.0133325,-0.30711752,-0.006600529,0.6907892,0.15540192,1.6790407,-0.7977012,0.15811586,0.8983433,0.2731304,0.46881285,0.61388594,0.8124956,-0.6922335,1.1145093,1.319808,1.2455218,2.8819542,1.1246336,-1.5244699,-1.2065089,0.7760182,-1.6848588,-0.039063632,0.62853146,-0.6147216,1.4378152,-0.84162486,-0.74126047,2.0618067,0.94124293,0.28159326,-0.94187224,-0.93129224,0.928568,0.7245023,-0.4646204,-0.13472936,-0.54674447,0.04241835,-0.056828048,-0.49045452,0.36927977,0.09858989,0.874299,1.6562555,-1.4737605,0.5129772,0.7156313,-0.011781648,0.32822603,0.5244182,-1.3383483,0.08151257,0.30977187,0.02166345,-0.90289634,0.25602075,-0.34271508,0.90921295,-0.5156677,-0.34357455,0.4264003,-0.7130549,0.08420433,0.13786164,0.4838838,0.005119183,1.6840534,0.76259893,-1.0646996,-0.41655752,0.47168192,0.9690377,0.18145251,-0.27706555,0.7939143,0.50853765,-0.5070524,-0.3920522,-0.35966676,-0.2676333,-0.22046146,1.0025185,-0.43756056,0.965996,0.46152434,-1.1336548,-0.7289742,0.13346684,0.09088915,-1.1862999,-0.8965634,-0.9655908,-1.4949121,0.37987822,-0.65665984,-0.23796405,-1.2117195,-0.738524,-1.4708968,0.34003323,1.047504,-1.6620684,-1.0632594,-0.3329162,-0.18805405,0.47103345,-0.7400159,0.18543531,0.852003,0.40503955,-2.2493932,0.91141886,0.5306524,0.4481117,0.41984075,0.29307792,1.4701688,-0.21653117,0.8042985,-1.1319798,0.79049283,0.77985483,-1.5940598,0.56320775,-0.26691115,-0.4626844,0.7475186,-1.0585642,-0.15551622,-0.724421,0.130402,0.24420556,-0.8437939,2.008838,-1.7332631,0.6994413,-0.9965751,-0.6819008,-0.650566,-0.24378176,-1.4757146,1.1381552,0.5627388,0.1506927,0.605244,-0.08791153,0.06919149,0.6080242,0.7253586,0.86678684,-0.39691955,0.47619992,-0.7597983,-1.8880804,0.42752036,0.7414466,-1.2250195,-1.4982755,-1.2369611,-0.76497245,0.9472293,-0.87859416,0.12186603,0.5742861,-0.67815053,0.94856405,-0.15948349,-0.09196435,0.35198587,-0.3957369,0.95223445,-0.010633767,1.8235993,-0.85291934,-0.03625548,1.0852555,-1.9389951,-0.16968141,-0.32611433,2.4434357,0.45999524,0.44107345,0.15169504,0.18690869,-0.9274815,-0.39648628,0.70172566,-0.22130588,1.4694574,0.83621824,-0.34013137,1.5909848,0.41775793,0.95664847,-0.8801625,-0.6340513,1.9826387,-0.33076152,-0.8869769,-0.23627041,-0.3647099,0.4784029,0.13333273,0.5202048,-0.38176006,-0.59388304,1.0448154,0.749021,-1.7759482,-0.6966323,-0.9247637,-0.05020807,1.092586,1.2026738,1.7012134,-0.61134666,-1.145076,-2.1564643,-0.31680834,1.4936608,-0.0067996085,0.19303386,-1.3120427,0.16009301,0.655549,-0.01466481,-0.7380363,-1.8954097,1.6542232,-0.32421172,0.14017165,1.6980498,-0.5303886,-1.411681,-0.0072141215,1.1200511,0.29014024,-0.7760171,-0.768876,1.127403,-0.31581974,1.8863127,0.9395956,0.35790148,1.0866323,0.114738494,0.8964707,0.74301684,-0.76616836,-0.7450881,-0.16327827,0.9749143,-2.0087297,-0.75563776,0.37273467,-2.008094,0.99455,-0.7214159,0.06806745,-0.20082514,-0.46935272,-0.22798625,-0.44210646,-0.46432182,-0.9562179,-0.81870985,0.19683738,-0.54992425,-1.7033939,1.6751211,1.0850266,-1.7174184,0.73146844,0.23601812,-0.12155612,0.61943114,-0.33118474,-0.47018623,0.6872922,-0.013662182,0.30280706,-0.40935862,-0.9226985,-0.4716376,-0.1205309,-1.1833127,-0.96778077,0.8012042,1.3722023,-1.4631453,-0.6914007,-0.2329848,-0.52244186,0.5158552,0.82890296,0.44722286,0.25598308,-0.53416014,-0.42322797,-0.29885256,1.0386826,-0.58075356,-0.44115356,0.44165844,0.0855375,0.34011307,2.0834131,0.5603405,0.57221794,0.65024745,0.40694356,-0.36725414,0.26688176,0.0390627,-0.3852052,0.6023483,-1.8924924,-0.8563248,1.3401669,-0.39571464,-0.9619963,-0.27897754,0.44449246,0.21103543,0.4490693,0.04467055,0.7444938,1.2360747,1.2916499,2.152028,-0.27864224,-0.7105813,-0.81966615,-0.024350323,-0.8279159,-0.49366212,0.9407054,0.56683004,2.5827484,-0.05039069,0.5460519,0.3966257,-1.0548855,-0.35462895,0.24817003,0.7148778,-0.8861012,-0.34252974,0.74889445,-0.56036276,0.1329011,-1.4770527,0.13337363,0.30639014,0.07165539,-0.62827456,-0.42047733,0.07939735,0.49958763,-1.1636851,0.9301182,0.78270334,0.6922725,0.24001656,-0.6579403,0.23539001,-0.42802805,-2.1708856,-0.59359777,-0.10770622,-0.20220849,0.035254598,-0.079391465,-0.16575359,-1.2158496,-0.90133685,1.4120802,-0.08791279,0.51246244,0.11235127,-0.36687613,1.3087826,-0.80754113,-1.0042083,1.0119188,0.970626,-1.9403807,0.12288425,-1.180035,0.7424266,-0.72466326,0.6577623,1.1370764,0.81906426,-0.6945423,1.2647163,0.30086765,-0.6654792,0.46481362,0.8516319,0.13418923,0.53117746,-1.9684124,0.7498551,-1.4455507,-0.9674544,0.181443,1.1491395,-0.5187735,0.12592071,-0.32967326,0.13515894,0.4659695,-0.7935556,0.99455476,1.963984,-0.8081773,-0.5172582,0.71402043,0.23383056,-0.9284841,-0.2779475,2.5752194,1.1066974,1.125066,-0.83986735,-0.59556377,0.20539074,-0.0059739724,-0.7599804,-0.1377649,-1.191237,-0.24753958,0.47140568,-0.34448943,0.60815156,-1.2711835,-0.3442666,1.513482,-0.48096555,0.062276103,0.42729372,0.44555396,-1.5533811,-1.2625444,0.5402687,0.93615824,-0.20372392,-0.36380753,0.4593308,1.4679185,0.3894841,-0.5862222,-0.45453644,0.4245353,0.8175589,0.5274227,-0.5019226,-1.118192,0.85551447,1.2662224,-1.6786592,1.0392799,-0.56137264,-1.003218,-1.8301209,1.2151589,0.36012453,0.036438435,1.0043164,0.706517,0.08846589,0.6777039,-0.8990377,-0.23836909,-0.52843356,-0.5157956,0.085906744,-0.054368824,-0.29846376,-0.05259694,-0.5007082,-0.50565404,-0.33435968,1.0703386,-0.34730297,0.029936783,-0.50775665,0.38136727,-0.014484972,-0.37271,-0.7749884,-0.09382037,-0.65572196,1.6272463,0.9169523,-0.06609823,-1.6454737,0.3044984,0.19420698,0.83702934,-0.7427475,0.080304846,0.22174813,-0.8110281,-0.6059292,-1.5988246,-0.84830284,0.27652973,1.5546808,-0.7096108,0.8653184,-1.2797136,0.8117755,0.11484968,-1.2296462,0.39043704,-0.26852703,-0.41991472,2.0827467,1.0665622,0.30432528,-0.15985708,1.0145946,1.0561862,-0.010329992,-0.55684316,-1.4435256,0.9753461,1.2222049,0.58121467,-1.323992,-0.27097085,0.58879274,-0.23169395,1.0902506,-1.0939894,-0.8918445,-0.9168075,-0.061014004,-0.4553985,-0.3169961,-0.1947353,-0.0914118,-1.065713,0.2594874,-1.3757861,-0.83113134,0.111103415,-1.3352867,0.0045996606,0.29983667,2.0312552,0.8585094,0.8047049,0.5239236,-0.94568264,-0.2682675,-0.95124304,-0.72404665,1.1403698,-0.6667454,-0.18417133,0.50185657,1.1663437,1.815652,0.81111854,-0.85168076,-0.6324899,0.24863598,0.19464079,0.27194747,-0.74733734,-0.53877366,-0.33162457,0.39107877,-0.047201887,-1.3028533,-0.08689106,-0.07105964,1.1545492,0.5547588,0.7890188,0.28753194,0.39077112,1.3783576,1.1347657,-0.53302836,1.0
ン,0.0031761368736624,-0.0607978403568267,0.0868006199598312,-0.661807656288147,0.0111189065501093,0.3265124261379242,0.1916644126176834,-0.4045667350292206,-0.4292081892490387,-0.4083045125007629,0.5463610291481018,0.2070582807064056,-0.3826923966407776,0.0625517517328262,0.7951143980026245,-0.442884236574173,0.3125962615013122,0.3438512980937958,-0.0523972958326339,0.0517843142151832,0.0978624746203422,-0.5571790337562561,-0.2747199833393097,0.0472691729664802,-0.0459600277245044,-0.3686332702636719,0.2244462519884109,-0.082312487065792,0.0983265489339828,-0.2376643419265747,0.1591430008411407,-0.4425821006298065,-0.0801399499177932,-0.2665002346038818,-0.0309830289334058,0.0108848055824637,-0.0690804943442344,0.2679064273834228,0.2063704431056976,0.1932753026485443,0.1479707956314087,0.0076370746828615,0.1948626637458801,-0.1712042689323425,-0.0528566688299179,0.1627152562141418,-0.0894470736384391,0.1004108041524887,0.591101348400116,-0.2889629006385803,0.1374229490756988,0.5501917600631714,0.4750784933567047,0.1716260015964508,-0.0601437613368034,0.3185002207756042,0.8224498629570007,-0.557417631149292,-0.1149771809577941,0.1276140511035919,-0.5706307291984558,0.2014473527669906,-0.3595708608627319,0.2332155704498291,-0.2315685451030731,0.1064353063702583,0.0359065234661102,-0.1417602002620697,-0.3781137466430664,-0.3540096879005432,-0.0274864323437213,0.402396023273468,-0.6046552658081055,-0.3359215855598449,0.5048612952232361,-0.1393412053585052,0.3976526856422424,-0.1794541180133819,0.0227434691041708,0.1814790219068527,-0.1187740936875343,0.2268717288970947,-0.0903581604361534,-0.6762161254882812,0.0569993667304515,0.0246051810681819,-0.2300129532814026,-0.5120596289634705,0.1248785406351089,-0.4493535459041595,-0.1133277118206024,-0.2073936313390731,0.3074301481246948,0.0145306037738919,-0.1841437220573425,0.1837277859449386,-0.0620439946651458,-0.2285856008529663,-0.0833185613155365,-0.0128377340734004,-0.4649055302143097,0.2861506342887878,0.1150683984160423,0.1076434478163719,0.0551507472991943,0.1075687184929847,-0.1809568107128143,0.3812497854232788,-0.139119878411293,0.4462940990924835,0.2862721383571625,-0.2635545432567596,-0.2679628133773803,0.0520831122994422,-0.1249072924256324,0.0026477477513253,0.0267717316746711,0.2469020783901214,0.0302001107484102,0.3710814416408539,-0.1098586171865463,0.4699374139308929,0.0058718807995319,-0.0616717003285884,-0.2280991375446319,-0.1406721770763397,0.0704468786716461,-0.3091879487037658,-0.0072021726518869,-0.3812822103500366,0.1617260724306106,-0.0414503291249275,-0.5856931209564209,0.2547442615032196,-0.1138062626123428,0.4811491072177887,0.130574569106102,0.0783994868397712,-0.391741931438446,-0.5688015818595886,-0.0319120548665523,-0.2438270598649978,0.3643069565296173,0.0948860645294189,-0.1718646436929702,0.2716177403926849,0.3198012709617615,0.1311369985342025,0.7376388907432556,0.5044369697570801,-0.2001553475856781,0.7393048405647278,-0.4966245889663696,-0.0050921100191771,0.2593344748020172,-0.1624211370944976,-0.4992667436599731,0.4151813089847564,-0.1086982414126396,0.6080097556114197,0.1552628129720688,-0.3181414604187011,0.2967957556247711,0.8420257568359375,0.1295166760683059,0.7175630331039429,0.3213450014591217,0.4221847653388977,0.605125904083252,0.5966471433639526,-0.1656567007303238,0.5463995337486267,0.3133746683597564,-0.3287399113178253,0.2963298261165619,0.005749715026468,0.0374555811285972,0.5076952576637268,0.1681631803512573,-0.9266054034233092,-0.1957228630781173,0.1941849142313003,0.052257839590311,-0.4191427528858185,0.7755953073501587,0.0066946446895599,0.5302921533584595,0.2605101466178894,-0.0696816518902778,-0.184170588850975,-0.0372766554355621,-0.0098567195236682,0.2622301578521728,-0.4053263068199157,-0.5704964995384216,-0.1914510577917099,0.0944606438279151,0.0508277006447315,-0.4833554029464721,0.4180681705474853,0.3133998513221741,-0.036971129477024,-0.2730249464511871,-0.8953977227210999,-0.8142644166946411,-0.2519980072975158,-0.1531452983617782,0.2973617613315582,0.0147576453164219,0.0984799936413765,-0.2799798250198364,-0.3443861305713653,0.3409165143966675,0.0603276640176773,0.2964895069599151,-0.0570669658482074,-0.9990729689598083,0.0238197539001703,0.0489080734550952,-0.0346764251589775,0.1864619255065918,0.0158124044537544,0.2862429022789001,-0.5115312337875366,-0.2338037192821502,0.1353099048137664,0.1608468294143676,-0.2106554061174392,0.1547987461090088,0.5374172329902649,-0.066332496702671,-0.1900498867034912,-0.8293370604515076,0.2218030542135238,-0.0450445711612701,0.4054462313652038,-0.6599977016448975,0.6992177963256836,0.018104126676917,-0.002429557731375,0.5482659935951233,0.3278791010379791,0.1139019280672073,0.2349071204662323,-0.3641423285007477,0.3448559641838074,0.1526006162166595,-0.4325889348983764,-0.6531708836555481,-0.5379634499549866,-0.927617609500885,-0.3598898649215698,-0.0856102630496025,0.1103380993008613,0.4773735404014587,0.0974730402231216,0.2282249182462692,-0.4778967201709747,0.1223301813006401,-0.3653758764266968,-0.3753630220890045,-0.4723738431930542,-0.2525172531604767,0.0311940945684909,-0.1930955797433853,-0.2202931046485901,0.0085229333490133,-0.555094838142395,-0.7384956479072571,0.1608379185199737,0.0788786187767982,-0.3683903217315674,-0.4114533364772796,0.0641935840249061,-0.1213461458683013,-0.3295978009700775,-0.011258372105658,0.254391461610794,-0.3797242045402527,-0.0208807196468114,-0.6492891907691956,0.6138627529144287,-0.6307557225227356,-0.3399337232112884,-0.1044942960143089,0.0166841223835945,-0.1446605622768402,-0.4678792357444763,-0.1896993815898895,0.7635605931282043,0.2990688681602478,-0.138578861951828,-0.3641351163387298,-0.4979437291622162,-0.5783031582832336,0.4369446933269501,0.4176512956619262,0.1074473783373832,0.0878961756825447,0.402312695980072,0.5334050059318542,0.1978185474872589,0.2844682931900024,-0.1847484111785888,-0.2366843223571777,-0.2725338637828827,-0.1306344270706176,0.0627033412456512,0.4482207596302032,-0.305838406085968,-0.122567318379879,0.9938422441482544,-0.4593415260314941,-0.3654066920280456,0.7318883538246155,-0.0670155808329582,-1.3997195959091189,0.2089877426624298,0.4641358256340027,0.339649885892868,-0.481524795293808,0.7123547792434692,0.1878018230199813,0.5769309997558594,-0.2344101518392563,-0.4898486137390136,0.5672318339347839,-0.1247627809643745,-0.4136821627616882,0.4254004061222076,0.1543496400117874,-0.5032008290290833,-0.0087127489969134,-0.4590893089771271,-0.2126435190439224,0.4482419192790985,-0.1862764656543731,-0.0274078119546175,0.0112516330555081,-0.4013431370258331,-0.24400494992733,0.3090179860591888,-0.0148792658001184,-0.5374107956886292,-0.5534104108810425,-0.2894331514835357,0.3393507897853851,1.0581037998199463,0.144974336028099,0.6220086216926575,-0.4687284231185913,0.4528188407421112,0.3884975910186767,0.1073685884475708,0.5571797490119934,0.2764184772968292,-0.2424703538417816,-0.2158079594373703,0.5627112984657288,0.415305495262146,0.106074534356594,-0.0443860217928886,0.1336534172296524,0.0635653510689735,0.1826259046792984,-0.1055840924382209,0.6502776145935059,-0.141808420419693,0.3536523282527923,0.5146189332008362,0.2330994606018066,-0.0900570750236511,0.0781622529029846,-0.4576899111270904,0.1094290018081665,-0.8406364917755127,0.5045748353004456,-0.0283449869602918,-0.0218085329979658,-0.0520893447101116,-0.1031492948532104,-0.4371600151062011,-0.017949478700757,-0.1399894803762436,0.2675392627716064,-0.5081573128700256,-0.5338950753211975,0.1077740564942359,-0.0689213573932647,-0.283149242401123,0.171120136976242,0.3129028677940368,0.4287918210029602,-0.5326884388923645,-0.4094868898391723,0.7733538150787354,0.0162159632891416,-0.0072541129775345,0.5614296197891235,0.1175485625863075,-0.0760221034288406,-0.211329385638237,-0.4428883790969848,-0.2046450078487396,-0.7780249118804932,-0.3564236462116241,-0.4528417289257049,0.2160809636116027,0.2362763434648513,0.3225845992565155,-0.1116638481616973,-0.0470034219324588,0.0703728720545768,0.1373246610164642,-0.0632245987653732,-0.65218186378479,0.2310350388288498,-0.1592269390821457,0.5896809101104736,0.8067646026611328,0.1587326377630233,-0.2732491493225097,-0.1715768128633499,0.2116468995809555,0.2313543707132339,0.1230284571647644,-0.6485904455184937,0.0193797163665294,0.5927419066429138,-0.0951088666915893,-0.2243158966302871,0.1123715043067932,0.3114649355411529,0.461230456829071,-0.276660680770874,-0.382485032081604,-0.0353952907025814,0.3318245410919189,-0.0521954633295536,0.3872840106487274,0.0941041409969329,1.028633952140808,0.2518595159053802,-0.0752753987908363,0.2339671552181244,-0.3081791698932647,-0.0724743828177452,-0.2201147973537445,0.2931573987007141,0.1904922127723693,0.0927618965506553,0.5092480778694153,0.1100455299019813,-0.3637725114822387,-0.2760427296161651,-0.0828023701906204,0.3296189904212951,0.1685519069433212,0.0973466262221336,0.2866364419460296,-0.5149614810943604,-0.0037491263356059,-0.3459472954273224,-0.4577270150184631,-0.1330947428941726,0.1084762662649154,0.6005651950836182,0.1605362296104431,0.5439375638961792,-0.5331707000732422,-0.3257345259189605,-0.3711455166339874,-0.4540835320949554,-0.1340912729501724,-0.2620345950126648,0.2089841961860656,0.1866414099931717,0.1436269432306289,-0.4567202031612396,-0.3661319315433502,-0.0883623957633972,0.3650775253772735,0.0215740874409675,-1.0030871629714966,-0.4105854034423828,0.6311589479446411,-0.1848551332950592,-0.3698974549770355,0.1036599949002265,0.236632689833641,0.1726095229387283,-0.2160039544105529,-0.0213409829884767,-0.168961226940155,0.3041289746761322,-0.0161232110112905,0.4921342730522156,-0.09644266217947,-0.2044597864151001,-0.332964688539505,0.0566480383276939,-0.2578245103359222,-0.3340344727039337,-0.572498619556427,-0.3068805336952209,-0.0457549095153808,0.1794564574956894,0.1167832538485527,0.4510316550731659,-0.2446545511484146,0.4985246956348419,0.031571552157402,0.1467853039503097,-0.0906953960657119,0.2868809998035431,-0.2875887453556061,-0.1965115219354629,-0.1932107657194137,0.5326632857322693,0.2681797444820404,0.3176998496055603,-0.2003336399793625,-0.5330439209938049,-0.1281498223543167,-0.2392009794712066,-0.519485592842102,0.5827149152755737,0.0900339633226394,0.5456182360649109,-0.1836076378822326,0.2240788340568542,-0.1907528638839721,-0.0015128852101042,-0.3930225670337677,-0.1054306253790855,-0.1078258082270622,-0.8340499997138977,-0.186623215675354,-0.3212255537509918,-0.4420482516288757,0.5200933218002319,0.2669086158275604,-0.6013787388801575,-0.3170128464698791,0.1425212919712066,-0.034273512661457,-0.4507310092449188,-0.0893237888813018,-0.5125720500946045,0.1827784180641174,0.487899512052536,0.4282651841640472,0.4144729077816009,-0.2689167261123657,-0.6819618940353394,0.1487437039613723,0.7066802978515625,0.1276256442070007,0.2586115002632141,0.1338995993137359,-0.0630201920866966,0.0068775373511016,-0.3611669242382049,0.5995979905128479,0.3284713923931122,0.6112343668937683,-0.1593673080205917,0.5796571373939514,0.5704997777938843,-0.2039690464735031,0.27096688747406,0.9044501185417176,0.39722540974617,0.6367554068565369,-0.0577708259224891,0.036823458969593,-0.5470572113990784,0.2953176200389862,-0.2784082591533661,0.2505327463150024,0.2955975830554962,-0.3873145580291748,-0.0106711722910404,-0.4470608234405517,0.0582158118486404,0.3540639281272888,-0.2572919130325317,0.0640492439270019,-0.1530279666185379,-0.5277718901634216,0.3817476332187652,-0.158414676785469,-0.0710591152310371,0.1840384602546692,-0.0350280739367008,0.4537293612957001,0.528607189655304,0.2899109721183777,-0.0413019880652427,0.2188134342432022,-0.6566449999809265,0.0871488004922866,-0.4678245782852173,0.2556524276733398,0.8074514269828796,0.1066321358084678,-0.7058013081550598,0.1147244274616241,0.7123931646347046,-0.3560422956943512,0.0612720251083374,-1.0915507078170776,-0.1837315112352371,-0.1110924184322357,0.1160295903682708,0.1151471585035324,-0.1754621565341949,0.4969201385974884,-0.3079700171947479,-0.1208853498101234,-0.2617020308971405,0.7547056078910828,0.0675808936357498,-0.2036011964082718,-0.0834806710481643,0.0529114045202732,-0.0520556680858135,0.2553771734237671,0.0519331432878971,-0.4064322412014007,0.1175331100821495,-0.0400002636015415,-0.2948659062385559,-0.0202174540609121,0.4066607654094696,0.1878072172403335,0.0256806910037994,0.2268457561731338,-0.0400772243738174,-0.8691291809082031,-0.2082367241382599,0.3324902355670929,-0.942822277545929,-0.0735208243131637,-0.1429763734340667,-0.1136432737112045,0.3548907041549682,-0.1476150751113891,-0.3494469225406647,0.015733528882265,-0.295113205909729,-0.0524454191327095,-0.1219716221094131,-0.5856705904006958,-0.0685122907161712,0.2011014968156814,-0.0997806042432785,-1.0749133825302124,0.1433800905942917,0.1807161569595337,0.3349646627902984,0.0505462624132633,0.51595139503479,0.2372927665710449,0.0397394374012947,0.4213206768035888,-0.229931965470314,0.179247185587883,-10.382081985473633,-0.4448930025100708,-0.3652932643890381,-0.183305487036705,-0.3692849576473236,0.4921149015426636,0.6921905279159546,0.3035148084163666,-0.2524159848690033,0.4128586649894714,-0.3018664121627807,0.2482895404100418,0.1434746235609054,0.9373087286949158,-0.4286087155342102,-0.1827657520771026,0.3007826209068298,0.082112118601799,0.0640494301915168,0.3107931613922119,-0.2130162268877029,-0.4070342779159546,0.6020965576171875,0.0759041309356689,-0.0683071687817573,-0.3665779531002044,-0.2489219903945922,0.2341049611568451,-0.1814572066068649,0.1103604510426521,-0.6091642379760742,0.5347440242767334,0.1003084331750869,0.3639244735240936,-0.7448790669441223,-0.2301767915487289,-0.0891357064247131,0.2333881556987762,0.3847591280937195,0.5595882534980774,-0.0836476907134056,0.6774351000785828,0.2649302184581756,-0.4228098094463348,0.853337287902832,-0.2344857007265091,0.3338377773761749,0.5192164182662964,0.2750162482261657,0.1354071348905563,-0.1363216787576675,-0.6438022255897522,0.0042162416502833,-0.4347541332244873,-0.1330995559692382,-0.1422829777002334,0.3304428160190582,-0.6977059245109558,0.0330822952091693,-0.1127327904105186,0.4786390364170074,-0.273013710975647,0.6636946201324463,-0.0587224513292312,-0.3250734508037567,-0.1605715006589889,0.0656867250800132,0.6946278810501099,-0.5975626111030579,-0.2920809686183929,0.5590290427207947,-0.2730327248573303,0.2166372835636139,0.4055890440940857,-0.4609197080135345,0.2656212449073791,-0.1926836967468261,-0.177279993891716,1.1196138858795166,0.0746123492717742,0.4504166543483734,-0.0480197295546531,-0.4257279634475708,0.1747554093599319,-1.0736651420593262,0.4939015209674835,-0.1731966435909271,0.1242589876055717,0.3955589532852173,-0.4195772707462311,0.582466721534729,0.0015246457187458,-0.3316822946071625,0.1182079017162323,0.481196790933609,0.0666705295443534,0.4595232307910919,0.0795234888792038,0.923289954662323,0.1367945075035095,-0.81104094,-0.8604313,0.7514378,2.1703625,-0.3778405,-0.3317439,-1.0891843,0.2672067,1.4344128,-0.69293636,0.8422897,0.22454458,-1.7857575,1.4172504,-1.0048864,-0.26824787,0.6478196,-0.20119496,0.43164805,-0.95348316,0.41182527,0.36081412,0.47754055,-0.91833276,0.99135125,0.89138824,0.13183188,-0.42005843,-0.50265485,-0.48304772,-0.21532544,-0.37637097,-0.93822926,-0.045391485,0.41704866,-1.8432434,-1.5262306,1.3209989,0.26714072,-0.03220784,-1.1017962,0.40500373,-0.95475733,0.37058187,-0.9435176,-0.6421429,1.8129687,-0.09173936,0.6290958,-0.59725446,-0.57454944,-0.4530818,0.13240886,0.73960984,0.6374377,0.08479002,1.6109704,1.2684243,-0.12780157,0.21258429,1.1099967,1.0893002,-1.1530426,-0.013367635,0.21913984,1.004977,-0.038378797,0.20337997,-0.185933,0.023188516,-2.0321896,-1.197865,-0.26934624,1.3901069,-1.5280832,0.72952306,0.4647289,-0.59020686,-0.062777795,0.46349502,0.0072339326,-0.36878353,-0.7290025,1.201221,-0.48668247,-0.2826932,-0.754763,-0.19776997,-1.0397221,-0.32409388,0.3368415,-0.93145454,-1.5507712,-1.7326877,0.9897663,0.6864133,-0.60479766,-0.4011395,-1.1707675,0.2200669,-0.11952564,1.3473883,-0.20111671,-0.8396248,-0.8308683,-0.60211587,-0.9613782,-0.98347354,-0.9985672,0.8528675,0.6056373,0.063682765,0.21000472,1.0444471,1.0066669,1.1681197,-1.1330638,-1.0292442,-0.8415903,0.31017154,1.3888283,0.36935186,-0.35389432,0.3420448,0.6732443,0.58304024,0.10296619,-1.3553747,0.7390898,-0.49043784,0.8513935,0.21076107,1.373426,1.2168596,-0.3913559,-0.333497,-0.7875414,-0.2207484,0.28356272,-0.81479645,-0.7952883,-0.044613056,-0.28052837,-0.10135711,-0.024474774,-2.1952004,0.04392608,0.19119643,0.80241907,0.030945793,-0.71287084,-0.040420122,-0.97086453,0.93734705,0.5230211,0.0029453225,0.14687784,-0.013968937,-1.1201476,1.191515,0.6888888,1.2318827,-1.0015259,0.66715384,0.1601558,0.56352425,-0.96520877,0.22842681,-0.39881974,-1.7731459,-0.4993898,0.059969112,0.6001641,0.11497833,0.3794775,0.3396636,0.9340216,-0.02742968,-0.62968326,-0.4080509,1.166113,1.0102687,-0.6292386,0.9743681,-0.2969975,-0.18493177,0.12595741,0.31821638,0.70774305,0.29978028,1.1752012,-0.8555035,1.1141243,1.2033014,0.855384,2.5929894,0.47480687,-1.0199541,-1.5083463,0.3649242,-2.2818584,0.3548171,0.6420928,-0.35005593,1.3903456,-0.69631517,-0.9804231,2.1010652,0.6546118,-0.15465896,-2.2943249,-1.4210175,0.5108579,0.47474557,-0.6949618,-0.13833949,-0.7501862,0.020363849,0.011068065,-0.14664827,0.7613415,0.18966666,0.36662227,1.4525694,-0.6589093,1.2957594,0.4462243,0.5476904,0.22423339,1.2685304,-0.9661346,0.43682185,0.87371814,0.05447541,-0.37697187,0.5442536,-1.1745899,0.39830893,-0.30086058,1.002388,0.4545586,-0.5828202,0.54194915,-0.013073593,0.2845563,0.7194489,1.6410918,1.279207,-2.0826137,-0.44905,0.24041803,1.1000435,0.45482796,-0.2548161,0.9757173,0.9805788,-0.66704845,-0.24256241,-0.099259846,-0.8290162,0.08133247,0.6072541,-0.6059001,0.84395564,0.69883025,-0.42761597,0.02723401,0.107736126,0.75369924,-0.8388829,-0.8255067,-0.531957,-1.2365191,0.51459503,0.28051734,0.5897238,-1.2752123,-0.68361455,-1.8051065,0.31285864,1.0939542,-1.4254305,-0.36921388,0.3358148,-0.40561187,0.52346534,-0.71745723,-0.011186257,1.1992574,-0.2562958,-1.174513,1.3497523,0.38883367,-0.08759256,1.1724292,0.27075338,1.0121981,-0.5628026,0.45566356,-1.2698426,0.65565455,1.5400934,-1.6941135,0.8797448,0.17636472,0.017589469,0.5752721,-1.765508,-0.40197992,-0.45765084,-0.24343003,0.49016792,-1.1099813,2.0688505,-1.271528,1.0995597,-1.6514535,-0.46606922,-0.7063891,-0.6004215,-1.139826,0.8386059,0.68746036,0.25577304,0.89760345,0.22567597,0.400097,0.80088407,0.40797144,0.53943455,-0.32997194,0.6328151,-0.7920195,-1.8294485,0.115013376,0.41798377,-1.0577633,-1.4699578,-1.6676906,-0.9990562,0.96215737,-0.91417,0.47997248,0.66188186,0.23615661,1.8293245,-1.0478134,-0.2641862,0.28485867,-0.5876623,1.5186893,0.11943632,1.6490067,-0.56698513,-0.57362247,1.2963698,-2.120413,-0.6197903,-0.8850542,1.8574674,0.19929296,-0.12049014,0.8448993,0.78283834,-0.31839126,-1.1489564,1.082769,-0.011806972,1.819799,0.7389332,-1.0335546,1.428665,-0.008274533,0.5486873,-0.37641236,-0.50631565,1.4970062,-0.9962187,-0.45429674,-0.29278907,-1.003479,0.87313247,0.014856562,0.41698182,-0.10822053,-0.15030223,0.3445614,1.3961163,-1.0950788,-0.53725976,-0.73353696,0.7712117,1.140913,1.4655501,1.6557093,-0.47962442,-0.75117564,-1.7935154,0.009066768,1.1820662,-0.7210065,0.84078515,-1.6166224,-0.59627783,0.38524854,-0.11489991,-0.8761815,-1.7023107,1.7725328,0.3594415,1.1650039,1.6603954,-0.68142414,-1.2453717,-0.27252942,0.03226041,0.5335228,-1.5870771,-0.61391264,0.64883566,-0.3528461,1.3940185,0.07324546,-0.21600413,0.27371177,0.16512513,1.7909951,0.5238273,-0.6257065,-0.7283059,0.04592945,0.5677333,-1.7777946,-1.1618695,0.20269549,-1.7590542,0.45480952,-1.2151928,-0.71301234,-0.4396633,-0.2864109,-1.0526896,-0.8726953,0.33738828,-0.9025115,-0.34789383,0.3592338,-0.8570131,-1.828434,0.9655153,1.1929096,-1.0496497,0.46737793,0.8101579,0.58440876,0.42777702,-0.48200515,-0.16672187,0.5816654,-0.47395876,-0.32517874,-0.2845665,-0.8761377,-0.6407709,0.13958076,-0.23438519,-1.204843,1.0340023,0.8579768,-2.2789419,-0.18197691,-0.22004078,-0.4684546,1.3897547,0.19714278,-0.20489866,-0.8184795,-0.85893005,0.13570106,-0.026743844,0.98320925,-0.4747415,-0.5267355,0.4056263,-0.33540794,0.24467394,2.147505,0.30514807,0.30180967,0.60880125,0.9855871,-1.0422949,0.1846556,0.4298558,-0.5603066,0.42943698,-1.6332867,-0.75507486,1.7086824,-0.82152367,-0.64860386,-0.40862083,-0.12098717,-0.17411186,0.95355606,0.28111553,1.0853549,1.1459359,1.3541458,2.5664086,-0.2532612,-0.85610056,-0.61727035,0.5387381,-0.682795,-1.0290484,0.5005946,1.0777178,2.3027866,0.33660966,0.19874102,0.8206935,-0.50083756,-0.25844082,0.71134734,0.20777139,-0.26649556,-0.51082164,-0.11829285,-0.9312083,-0.4655112,-1.7248596,-0.1693641,0.62375647,0.8974275,0.066130325,-0.41940352,0.36099342,0.52092004,-1.0937076,1.1038953,1.4523642,1.376894,-0.08323911,-0.67724526,0.039108638,-0.5161879,-1.6412761,-0.26552227,-0.9235952,-0.3683504,-0.052538358,-0.927484,-0.49960423,-1.8458014,-1.3231246,1.9462702,-0.43172544,-0.32057825,0.9588947,-0.5150019,1.4300815,-0.93708897,-0.09425254,1.4752692,0.123573445,-1.0740309,0.3739677,-1.3389373,0.25478578,-0.639871,0.80862045,1.1724567,0.70473766,-0.32045907,1.258632,-0.51814747,-0.42178985,-0.0072806254,0.6475755,0.24759355,0.6200054,-1.9650341,0.38992107,-1.8377223,-0.84935474,0.6381001,0.5699473,-0.32546863,-0.34635603,0.44402045,-0.5001861,0.22579265,-0.90720356,0.5376358,1.6528901,-0.7123019,-0.8787895,1.0727506,0.067571856,-0.7226681,-0.11225411,2.4684649,1.2057344,2.2250009,-0.42343262,-0.46669304,-0.08797257,-0.28097856,-1.4937068,-0.4844313,-0.06140142,-0.31008896,0.6719349,-0.6475289,0.6722251,-1.6483414,-0.52252096,0.90522313,-0.86696947,-0.32118767,0.2813606,-0.1625242,-1.5906085,-1.1871787,0.2683078,1.0038947,-0.7541034,-0.010562204,0.9248015,2.0259795,-0.04353557,-0.07478864,-0.45619112,0.35642323,1.2418882,0.74882966,0.1462732,-1.0635228,0.9684262,0.9749246,-1.311187,0.59840214,-0.06651008,0.48029238,-2.0264654,1.0680095,0.37785515,-0.5222174,0.9094734,0.51243913,-0.3042168,0.7311202,-0.24504998,-0.39267606,-0.5003426,-0.05577683,0.4322899,-0.12151811,-1.1166013,-0.84283876,-0.230724,-0.09234614,0.101907715,0.73885715,-1.5192204,0.8049503,0.051589906,1.3963758,-0.011617415,-0.43811408,-1.695681,-0.1539699,-1.0835913,1.4798892,1.3108162,0.08206114,-1.3109592,0.5495108,1.3062336,0.3842793,-1.435845,0.48298317,0.339162,-0.68436456,-0.6322967,-1.334446,-0.116053194,0.9816512,0.55882525,-1.7707261,1.2111514,-1.8177212,0.7059986,-0.15628746,-1.167981,0.58053374,-0.6027478,-0.4888016,1.9997334,1.018979,-0.41016155,0.79953325,0.7246294,1.1964583,0.16735634,-0.10652369,-1.8226242,0.9703901,1.3228567,0.26703072,-1.1495528,0.35513806,0.6196903,-0.626884,1.6548753,-0.98243314,-0.2423377,-0.46538478,-0.14680804,-0.7071007,-1.235281,-0.5572314,-0.31778517,-0.8750485,0.103886485,-1.2277207,-1.4479072,-0.10708908,-1.0382949,1.1226205,0.045509607,1.3316517,0.08908023,0.7960868,0.030180689,0.2266821,-0.7315547,-0.8266288,-0.2751179,0.08511339,-0.27104476,0.16530322,0.1543507,1.1003588,1.9852397,0.16657037,-0.67417383,0.14869727,0.29279205,-0.46310106,1.0211197,-0.84741634,-0.46730176,-0.038382716,0.088416874,-0.30803934,-1.4107761,-0.36308548,-0.4628454,0.57833904,0.69396406,0.2668079,0.15406163,0.28989917,1.3486614,0.83291215,-0.40115783,-0.76639026,-1.5963799,0.32060018,1.2392198,-0.9371336,-0.8794295,-0.9084018,0.47841215,1.2192596,-0.82257587,0.6380078,0.33975014,-1.8703457,1.8940719,-1.2900991,0.03700198,1.2492908,-0.5469558,0.26924896,-1.340777,0.7864647,1.2284746,1.3422152,-0.7425859,0.791753,0.4654937,0.404624,-0.5011323,-0.68601036,-0.8353152,-0.085180484,-0.8829573,-0.16423221,-0.8888238,-0.2820516,-0.92730826,-1.2067013,1.1726145,0.2732902,-0.4303875,-1.1260016,0.5668505,-0.20453966,0.34855655,-0.6075461,0.22766054,2.0863714,-0.3836088,0.79518384,-0.97829205,-0.38069284,0.19474941,0.38046172,0.7445679,0.89200944,-0.18676329,0.3881987,0.78863573,0.48773232,-0.29928076,0.23700468,0.6082079,-1.7982583,0.10847485,0.815335,1.4929543,-0.29834923,-1.1672156,-0.76875347,-0.49295244,-2.2871027,-0.09506873,0.21633953,1.6377798,-1.206384,1.0092448,0.38203064,-0.29637703,0.1699078,0.6493422,0.66551286,0.7699576,-0.9354481,1.681366,-0.49730822,-0.61851066,-0.26763132,0.097252734,-1.5980061,-0.36934793,0.33252642,-1.4709673,-1.7708424,-1.1285003,0.8362096,-0.17744763,-0.96785,-0.29515675,-1.9104624,0.21378458,-0.01817719,1.5517257,-0.12008696,0.049477935,-0.760323,-0.023896644,-0.8507226,-0.48646912,-1.0328392,0.98303795,-0.38561925,0.39896917,1.0190169,1.5272818,0.8983264,1.4162474,-0.87543607,-0.88823986,-0.43978617,-0.54700464,1.1115918,-0.1786726,-1.458582,0.44151163,-0.20030999,1.5739775,0.22822589,-0.1858008,1.0120449,-0.121208906,1.055375,-0.13994102,1.8391848,0.9768272,-0.7485728,-0.49027887,-0.4796771,0.06750402,-0.10868559,-1.1000725,-0.9149773,-0.37614882,0.27049807,-0.21801798,-0.4385554,-1.1870524,0.37941256,1.2001671,1.5824355,0.15800925,0.14435598,-0.061151583,-0.8554576,0.22124618,0.5191125,0.4606459,0.7180931,-0.070668004,-0.7202119,1.5632882,0.24926548,1.5792061,-1.1187963,-0.11110508,-0.18895178,0.35259783,-1.0154119,0.5359226,-1.0533409,-1.8775239,-0.05272062,0.6873321,0.78155285,0.023515292,0.28345695,0.028573155,0.3100533,0.015631365,-1.0361208,0.23327897,0.4670104,1.0739375,0.49965978,0.9500391,-1.0596277,0.3819091,0.26052487,0.22112508,-0.09349253,0.044037223,0.5598719,-0.5792125,1.1518248,1.1719241,1.5288194,2.0316617,0.78132194,-1.6931013,-1.0676934,0.90900975,-2.1246617,-0.57205486,0.43875018,-0.33059162,1.7760334,-0.6536981,-1.1299043,1.6201779,0.2335059,0.3500124,-1.8019458,-1.6309673,0.80245477,0.43936852,-1.0501007,-0.116212994,-0.17810786,0.085933864,-0.6122425,-0.6014366,0.22571905,0.07424077,0.18607517,1.9480151,-1.0223354,0.009773334,0.7188627,0.36411086,0.5687974,0.02432867,-1.0283675,0.3128548,0.93300486,-0.10383455,-0.56537765,0.3577704,-0.9453211,1.4913522,-0.67518,0.024928955,0.294499,-0.13968517,-0.11474222,-0.34096703,0.6077229,0.94989395,2.2045186,0.37056318,-1.0662247,-0.109064996,0.6487506,0.4585196,0.70220023,0.22382033,1.110741,0.36026528,-0.2842392,0.5225844,0.29699638,0.2341432,0.1771034,0.775057,-0.10438749,1.0334982,0.5814027,-0.23105079,-0.98208237,0.21183316,-0.318235,-1.148302,-0.6575515,-1.0108001,-1.4707383,0.7549822,-0.5165232,0.1206883,-1.3056827,-0.45608,-1.3245339,-0.60186976,0.39687765,-1.3372768,-0.80504173,0.3265127,-0.7668857,0.9036115,-0.39122793,0.22737251,0.27808025,0.9742666,-2.3865068,0.98130083,0.7883916,0.7970824,1.5452127,0.17478509,1.1460086,-0.23168854,0.858736,-1.7943207,0.66284084,0.9681473,-1.171106,1.3188101,-0.10862509,-0.50291336,-0.008648515,-1.3882936,-0.52167517,-0.38993812,0.848023,0.06401517,-1.1959273,1.1916466,-1.6566917,1.167626,-1.8825802,-0.62619907,-0.36646596,-0.6747816,-1.2260419,1.2327796,0.45157492,0.35808614,0.65105504,-0.07754451,-0.32111847,-0.008301019,0.05770534,0.5609039,-0.93819314,0.90739983,-0.60448706,-1.2358843,1.1786377,0.7943075,-1.3536521,-1.4158133,-1.4304647,-0.23200916,0.35970616,-0.34926724,-0.34886798,1.2742487,0.13578671,0.6711219,-1.468873,-0.0045234165,0.19878668,-0.25871295,1.005294,-0.11965542,2.0069292,-1.0826772,-0.6121334,0.7481397,-1.3950729,-0.30781266,-0.97905064,1.7501348,0.99568194,0.35877576,0.2831919,0.47608447,-1.4215902,-0.22535948,1.3386608,0.11870992,1.282402,0.63906544,-0.3127708,1.1749203,-0.28031537,0.52944,-0.79308844,-0.40469345,1.9476212,0.17214608,-0.51371074,-0.7452864,-0.03326817,0.10296007,-0.093132645,0.1012874,-0.032779694,0.1306461,1.5287858,0.8724808,-1.5593823,-1.2575871,-0.66358984,0.10552732,1.1203166,1.8101245,1.3823233,-0.53916764,-1.0026336,-1.9853334,-0.08105663,1.0115476,-0.12051076,0.044549834,-1.0455347,-0.13668415,0.34034052,-0.21642876,-1.0674754,-1.4570589,1.2037503,0.5444465,-0.12740865,1.6652857,-0.3617966,-0.9672157,0.3367847,0.9051335,0.12970273,-0.8315293,-0.7475612,0.79014057,-0.82019836,0.8144135,1.2724196,0.2794134,0.39464954,0.024621693,1.4736462,0.03422189,-1.0205661,-0.36085376,-0.058296647,0.2811954,-1.1848433,-0.89733547,0.87149376,-2.1156843,0.13250713,-0.6823744,-1.1003758,0.39342117,-0.17987017,-0.6309857,-1.3314861,-0.64725596,-0.51288694,-1.860226,-0.20755525,-1.0313618,-1.8279446,1.1964107,1.8751436,-1.2987505,0.052117687,0.44385767,-0.24251811,0.6853307,0.10687935,0.29867214,0.61003333,-1.2853271,-0.75925606,-0.48866168,-0.88005376,-0.37033042,0.010215511,-1.4059635,-1.144898,0.6596974,1.7534801,-1.6966809,0.22048746,-0.08489361,-0.4610223,0.31986594,0.59974414,0.35299,0.38225237,-0.42778197,-0.3838428,-0.1937841,1.4347467,0.17064524,-0.38848913,0.79436725,0.29660073,0.42541763,1.2114612,0.52128196,0.9029553,0.43934038,0.37340173,-0.6696145,0.20893556,-0.4406102,-0.021189472,0.5706515,-1.7922007,-1.0648228,1.8747917,-0.8148784,-1.6148533,-0.21068071,0.868733,-0.5003149,0.5642284,0.28788197,1.4515853,1.3622193,0.7751012,1.9424909,-0.7591916,-0.57756037,-1.0088781,0.078795016,-1.1125382,-0.8438155,0.52818006,0.6161433,2.498786,-0.49136075,0.4719735,0.26550224,-1.1512438,-1.0678724,0.5513407,0.33691397,-0.92939496,-0.20849359,0.6102547,-0.92610043,0.07304195,-1.3142914,-0.40004268,0.25681114,0.35121226,-0.13008833,0.40903255,0.37649432,0.5704213,-0.86127967,0.3997101,1.4851422,0.40474948,-0.09051534,-1.3406476,0.07358857,-0.44472182,-1.6660346,0.10122824,-0.41366184,-0.8784718,0.16545214,-0.21102162,-0.0850456,-0.88329154,-0.51146144,1.4644417,-0.0031206459,-0.72245103,-0.16663626,-1.0088984,1.455153,-1.073146,0.2796109,1.2184087,0.4353151,-1.6984948,0.23543759,-1.1245179,-0.09698218,-0.60939556,0.19577527,0.7114144,0.38367757,-0.588919,1.5233308,0.427518,-0.8512127,0.18484242,0.6620512,-0.3682342,0.62891823,-2.0847006,1.3159976,-1.4392792,-0.8941179,-0.13462074,1.1881231,-0.8667819,-0.5546145,-0.7178989,0.980464,0.9281625,-0.5717229,1.0952514,2.052416,-0.5536899,-0.44486842,0.7507445,0.5142299,-0.9132733,0.09598693,2.5959768,0.5496451,0.986737,-1.0036157,-0.5847977,0.0024669964,0.15633473,-0.8515568,-0.42723456,-0.68184835,0.26176476,0.5525047,-0.51306385,0.8885376,-0.7734036,-0.80352885,1.270593,-0.017297745,-0.07170024,0.32223833,-0.56755316,-1.4798273,-1.0306007,0.3754549,0.9626058,-0.004725615,-0.27237096,0.54179674,1.1282467,1.3037372,-0.8939629,-0.35118118,0.803459,0.9541202,0.9555566,-0.62276495,-1.1296211,1.008626,1.422967,-1.0048441,0.91901034,-0.51851374,-0.3945136,-0.97063214,0.94876605,0.5202616,0.406042,1.0280056,-0.20413817,0.31335786,0.26687118,0.0340346,0.3088408,-0.14050297,-0.44202828,0.30040073,-0.09015163,-0.9646333,-0.16716975,-1.6227878,0.053792506,0.060245227,0.61942416,-0.88772494,0.3334972,-0.056989294,0.8147998,0.5885586,0.17076313,-0.36226285,-0.5128134,-1.1867262,1.6656446,0.79934233,-0.38389504,-1.277665,0.009650826,0.42517313,0.68212384,-0.9251501,0.79896766,0.20342845,-1.1728677,-0.5928886,-1.3995689,-0.30557004,0.5312226,1.2043844,-0.34662795,0.46223378,-1.2802237,0.5101628,0.26394063,-0.8721052,0.055398535,-0.11682466,-0.6718324,1.6919336,1.6258842,0.823867,0.7667942,1.0782663,0.7064895,-0.083840966,-1.1722792,-1.9110886,0.6220767,0.49442205,0.30606917,-1.2196425,-0.18643294,0.960378,-0.4487371,1.4143281,-0.6096404,-0.6859081,-0.9571814,-0.6853357,-0.29488719,0.19688232,-0.7238884,-0.27926037,-1.4323826,0.08194128,-0.9776649,-0.23819427,0.79565763,-0.5025506,-0.67169887,0.11772167,0.9869423,0.59302574,0.38283738,0.7769874,-0.24345666,0.37444636,-1.0988679,-0.12590186,1.2887925,-1.0496156,0.22727996,0.46028817,0.9437606,2.1476114,0.3145063,-0.7342236,0.15462436,0.35935688,0.41014194,0.25383976,-0.00057426095,-0.4292812,0.7726688,-0.769119,0.25568905,-1.284702,-0.40918574,0.07735405,1.1514726,0.14766102,0.12422371,0.26474604,0.2959471,1.6434733,-0.11575899,-1.1541427,0.0
リ,0.415574163198471,0.1737055331468582,0.5849692821502686,-0.2151138186454773,-0.0659065023064613,0.3584337830543518,0.086657591164112,0.2669789493083954,-0.1726342290639877,-0.2763693630695343,0.9457791447639464,-0.1038671508431434,0.1148487627506256,-0.1901741772890091,0.6065534353256226,0.2565444707870483,-0.2103362828493118,-0.1453824639320373,-0.3791010677814483,-0.3130072653293609,-0.7069437503814697,-0.1385436803102493,-0.2085364609956741,0.2607903182506561,0.2622789740562439,-0.6750698685646057,0.2375013977289199,0.1095442250370979,0.137151837348938,-0.2710570394992828,-0.2829957902431488,-0.1275658011436462,-0.36700439453125,0.3049251139163971,-0.6229907274246216,0.2348629534244537,0.1657563298940658,-0.2439841777086258,-0.0719552338123321,-0.3802835643291473,-0.0644666776061058,0.143115222454071,-0.106493666768074,-0.246557205915451,-0.1526533812284469,0.555555522441864,0.1120451092720031,0.4211159944534302,-0.0370425358414649,-0.1269803643226623,-0.4273518919944763,0.6218248009681702,0.6061189770698547,0.04417559877038,-0.0499552860856056,-0.0921466574072837,0.591787576675415,-0.5284159779548645,0.0016757316188886,0.2290544360876083,-0.4492727518081665,-0.657725989818573,0.0836504250764846,0.1202186867594719,0.0104032261297106,-0.0029423485975712,0.097853310406208,-0.0589031018316745,0.1031792238354682,-0.4279937148094177,0.1854356825351715,0.1889892071485519,0.2968339025974273,-0.7306986451148987,0.4907982647418976,-0.4115642011165619,-0.0931286811828613,0.4963451027870178,-0.0742833316326141,0.1202197149395942,0.0393482856452465,0.3775499165058136,0.259019136428833,-0.4725232422351837,-0.251420795917511,0.3093516528606415,-0.4410427212715149,-0.5469683408737183,0.6427991390228271,-0.6242369413375854,0.4835462272167206,0.3276762962341308,-0.1369458585977554,0.0307484176009893,0.0945173129439354,0.1965054422616958,0.294353038072586,0.2630644142627716,-0.0617357492446899,0.3566299378871918,0.2088732570409774,0.1285423338413238,0.354311466217041,-0.4545800983905792,-0.3009033203125,0.0447453707456588,0.0012594945728778,0.6635826230049133,-0.0568277426064014,-0.1316841542720794,-0.710168719291687,-0.1885950118303299,-0.3976562023162842,-0.0951344594359397,0.4005756080150604,0.4148956835269928,-0.1411580443382263,0.7507668137550354,-0.2810356318950653,0.460514098405838,0.1886826008558273,0.1083291620016098,0.1811825633049011,-0.0260151326656341,-0.1427085101604461,0.6553669571876526,-0.580356776714325,-0.1358460038900375,-0.3552114069461822,-0.063502624630928,-0.4113591909408569,-0.4947543740272522,-0.0769182667136192,0.2131040692329406,-0.4987854957580566,0.8964278101921082,-0.1773004382848739,0.1006785631179809,0.2037449181079864,-0.2136797606945037,-0.3634560108184814,0.1637136787176132,-0.0550299696624279,-0.0582963377237319,0.3978348970413208,0.3058249652385711,-0.5719026327133179,-0.3578946888446808,0.438408762216568,0.2768093347549438,-0.1696393936872482,1.0090107917785645,-0.8476295471191406,-0.0963473245501518,-0.1034151017665863,0.4603444039821625,-0.548450231552124,-0.0035971223842352,0.3112946450710296,0.3328922688961029,0.3344834148883819,-0.2054870128631591,0.0314145982265472,0.4732602834701538,0.0365625582635402,0.0830999016761779,0.305743008852005,-0.141748234629631,-0.2401123195886612,0.5583984851837158,0.0943792536854744,0.3581740856170654,-0.1201416030526161,-0.0458887331187725,-0.0184908099472522,0.300485759973526,1.0276329517364502,-0.0940973833203315,0.2851444482803345,-0.4896672964096069,0.0211465656757354,-0.2144927829504013,0.2934828996658325,-0.7413639426231384,0.3253012299537658,-0.5591893196105957,-0.2092389315366745,0.0523913465440273,-0.5259557962417603,0.1027588248252868,-0.4452182650566101,-0.3637519180774688,0.2429390996694564,-0.4483962953090668,0.2814618945121765,-0.3423798978328705,0.0866240933537483,0.0582155734300613,-0.3168758451938629,0.7469353079795837,0.0393045879900455,0.0133621888235211,-0.3902973532676697,-0.298270583152771,-0.7354561686515808,-0.4550730288028717,0.013733965344727,0.8439802527427673,0.1568809300661087,0.3715934157371521,0.0181559547781944,0.2897245585918426,0.4268654286861419,-0.0664304122328758,0.3436748683452606,0.2733027040958404,-0.2813516557216644,-0.2312538623809814,0.5426632761955261,-0.5422168970108032,-0.0783604457974433,-0.0624250993132591,0.1083056926727294,0.3093261122703552,-0.0357275046408176,0.3407064080238342,0.0438247174024581,-0.364983469247818,-0.1503529548645019,0.4587344825267792,-0.4449456334114074,-0.5691524147987366,-0.3838695585727691,-0.0677064061164856,-0.7252550721168518,-0.4125865697860718,-0.3841876983642578,0.2440460473299026,-0.4766407907009125,0.5655958652496338,0.1632680296897888,-0.1106378361582756,0.5326520800590515,-0.5809235572814941,-0.013288072310388,0.2439944595098495,-0.0858723223209381,-0.5266443490982056,-0.6206485033035278,-0.017459038645029,-0.4278088510036468,-0.4397734403610229,0.1598141938447952,0.0827487260103225,0.251042366027832,0.1862060278654098,0.7637547254562378,-0.2461773455142974,0.0465389490127563,-0.4861936569213867,-0.1363654285669326,-0.4296438097953796,-0.0265878476202487,0.5626292824745178,0.0095651037991046,-0.2334023863077163,0.3246133625507355,-0.1683581918478012,-0.558327317237854,-0.4373252391815185,0.3788623511791229,-0.3490492403507232,0.0204595476388931,0.0052987900562584,-0.0388858616352081,-0.1111761927604675,-0.2305478006601333,0.4827375710010528,-0.3509405553340912,0.0354859717190265,-0.0522750839591026,-0.030010187998414,-0.2817128598690033,0.0207405220717191,-0.0103510338813066,0.2696488797664642,-0.6746823191642761,0.2814110219478607,-0.247145801782608,0.4330154359340668,0.2807440161705017,-0.2093753069639206,-0.9022873044013976,-0.0498237498104572,-0.2483831346035003,0.0269875954836606,0.6587416529655457,-0.1688696295022964,-0.0657260566949844,0.1243613809347152,0.5440731644630432,0.6834704875946045,0.2422628253698349,0.1626287102699279,-0.1455165594816208,-0.5808132290840149,-0.41480553150177,0.1799363195896148,0.5363322496414185,-0.8379170894622803,0.3162133693695068,0.9754692316055298,-0.3317567110061645,0.0846412479877471,0.5990176796913147,0.5663442611694336,-1.5937511920928955,-0.4387265145778656,0.69896399974823,0.1765961796045303,-0.0665959939360618,-0.0358830094337463,0.3024848699569702,0.6147230863571167,-0.391457200050354,-0.3601798415184021,0.6860685348510742,0.0048674964345991,0.0029969762545078,-0.6253206729888916,0.2074172049760818,-0.1552542001008987,0.0780286788940429,-0.5598610043525696,0.082378514111042,0.498115599155426,-0.0419276282191276,0.0725145787000656,-0.1594468206167221,-0.4138393104076385,-0.2901717126369476,0.3038416504859924,-0.3141849040985107,0.1355785131454467,-0.4375313520431518,-0.0889878571033477,0.1223481371998786,1.086179256439209,0.9037814736366272,0.5214348435401917,-0.1323890537023544,-0.491334319114685,0.1321234703063964,0.0257129929959774,0.3359168171882629,0.2342312484979629,-0.4264256656169891,-0.2704477906227112,0.111840896308422,0.1751305162906646,0.0240033939480781,-0.1531956642866134,-0.4306788742542267,-0.080778032541275,-0.3315837681293487,0.92880779504776,0.4632611572742462,-0.4085611701011657,0.2794684767723083,0.6349875926971436,0.4527572095394134,0.2432136386632919,-0.1161945313215255,-0.5133246779441833,0.0085028801113367,-0.2649286389350891,-0.0972506254911422,-0.1246088817715644,-0.3729111850261688,0.5382508635520935,-0.1303636729717254,0.208877608180046,-0.1853064745664596,-0.1115197390317916,0.4616993963718414,-0.6951394081115723,-0.3223020732402801,-0.2932354509830475,-0.2871004045009613,-0.1989361494779586,0.9139744639396667,0.4585901200771332,0.2092230170965194,-0.1698891967535019,-0.8272655010223389,0.0078853582963347,-0.6060008406639099,-0.1434696465730667,-0.1723605543375015,-0.0832434818148613,-0.0975953117012977,0.0309647135436534,-0.3311712443828583,-0.1558556854724884,-0.2714546918869018,-0.0361443944275379,-0.5935452580451965,0.1723220944404602,0.0539852492511272,0.3873535990715027,-0.1007715240120887,-0.0906977131962776,0.2905682623386383,0.3005736768245697,-0.3778145015239715,-0.09539046138525,-0.3990237712860107,0.2226544320583343,-0.0457562394440174,0.7061917781829834,0.496117889881134,-0.0176927223801612,0.2872500419616699,-0.1349940747022628,0.0379000455141067,-0.0511994510889053,-0.0873193889856338,-0.5338373184204102,0.8653929233551025,-0.4270183444023132,0.5507126450538635,-0.0699476599693298,0.1377881616353988,0.6398975849151611,-0.6793524622917175,-0.5397745966911316,0.6028834581375122,-0.1714186519384384,0.2969652712345123,0.5153598785400391,0.4514519870281219,0.5363298058509827,0.020516762509942,0.3197215497493744,-0.4258218109607696,-0.3253586292266845,-0.224837988615036,-0.4097864031791687,0.1355484426021576,0.0099523877725005,0.1727428585290908,0.4579567015171051,0.4416479468345642,0.2743472158908844,0.1712633371353149,0.04779889062047,-0.1953902095556259,0.0693943575024604,0.6368961930274963,0.7881618142127991,-0.1189580634236335,0.325173556804657,-0.4346718192100525,-0.1552817225456237,-0.0714031904935836,-0.2164909988641739,0.1498914361000061,-0.4815632998943329,0.460052490234375,-0.5320669412612915,-0.3614102602005005,-0.6347565054893494,-0.7586848735809326,-0.0567841231822967,-0.4449076056480407,-0.1638239473104477,0.2620225548744201,-0.0475715138018131,-0.2085813581943512,0.6166868805885315,0.5567603707313538,0.0943772345781326,0.0694323927164077,-0.2777479588985443,-0.21298748254776,0.6633769273757935,0.0689050108194351,-0.4700457751750946,0.4883700311183929,0.2945379018783569,-0.5241653919219971,-0.7808815240859985,-0.0702204927802085,0.089163027703762,0.1361640244722366,-0.0881540551781654,0.1255775839090347,0.065818965435028,-0.8355079293251038,-0.1728294789791107,-0.2028070092201233,-0.3474790155887604,-0.420623630285263,-0.5454912781715393,0.3036213517189026,-0.2222238034009933,0.1067124530673027,0.2206402868032455,0.4995199739933014,-0.2351754605770111,-0.4075559079647064,0.223868578672409,0.4465099573135376,-0.4998679757118225,0.0544939562678337,-0.0935288146138191,-0.0419368371367454,0.1707566231489181,0.2653924822807312,0.0784577950835228,0.3546380996704101,0.1986039578914642,-0.8142129778862,-0.5746926665306091,-0.1049988716840744,-0.7897212505340576,0.4275113046169281,0.2078415602445602,0.5951785445213318,-0.2616227567195892,0.2022069245576858,-0.066068910062313,0.17292021214962,-0.1537112146615982,0.3441058397293091,-0.4370275139808655,-1.06974995136261,-0.0484536886215209,0.1010866239666938,-0.7570805549621582,0.679360568523407,0.4491647183895111,-0.1797634214162826,0.4113815724849701,0.4823172390460968,0.2531554698944092,-0.2419506013393402,0.6579926609992981,-0.4785842299461365,-0.2973905205726623,0.2158022969961166,-0.1795803159475326,0.6063488125801086,0.124603159725666,-0.2788906097412109,-0.0518852621316909,0.3182830810546875,0.2814459502696991,0.3987816274166107,-0.0241642408072948,-0.4875899255275726,-0.350171685218811,-0.4193216562271118,-0.2092251628637313,-0.1295111328363418,0.7159046530723572,-0.6509881615638733,0.5338699817657471,0.4194579124450683,-0.4962694346904754,0.2222790569067001,0.8385199904441833,-0.050052024424076,0.2264864146709442,0.0194932986050844,0.0449788495898246,-0.98838210105896,0.1390917301177978,0.3259846866130829,0.1086740419268608,0.0854371860623359,0.1654282510280609,-0.128888338804245,-0.2280878871679306,0.6258050799369812,-0.1242687702178955,-0.1185330599546432,0.1423768699169159,0.80014967918396,-0.41150963306427,0.5031833648681641,0.4073540568351745,0.3679656982421875,-0.0454719550907611,0.2548719644546509,0.7122871279716492,1.1499634981155396,-0.0136095471680164,0.4342921078205108,-0.2063263952732086,-0.8084424734115601,0.1599072962999344,0.0880524590611457,-0.2453404366970062,0.5127706527709961,-0.1789028197526931,-0.1916186958551406,0.9862309098243712,0.9219582080841064,0.0797009691596031,-0.4260322153568268,-0.3000630736351013,0.348288357257843,-0.3572637438774109,-0.1059934794902801,0.1124216169118881,0.3030464649200439,0.3770357668399811,0.3775014877319336,0.1437120139598846,0.2580921053886413,0.5349256992340088,0.0812523961067199,-0.0858078747987747,0.037619661539793,0.0563780926167964,-0.2397890239953994,0.5032461285591125,0.2513957023620605,-0.0721144899725914,-0.1481387913227081,0.2206924110651016,-0.225783109664917,-0.0981673002243042,-0.5549249053001404,0.3922131955623626,0.1463057100772857,-0.2210684567689895,0.045798972249031,-0.4424614608287811,-0.0670303478837013,-0.1040273532271385,-0.3982841372489929,-0.1905861496925354,0.151974931359291,0.1731845140457153,-0.0567422062158584,-0.3412414491176605,-0.7383142709732056,-0.4479314088821411,-0.4176839888095855,0.2554806172847748,-0.9442463517189026,-0.6307665705680847,0.492764800786972,0.122538149356842,0.055844560265541,-1.5396935939788818,0.7618738412857056,0.0734585300087928,-0.021573357284069,0.2928386330604553,0.5620651841163635,-0.0528189651668071,0.0856156572699546,-0.4029580950736999,-0.4224360287189483,0.2120168507099151,-10.231350898742676,0.2011488825082779,-0.1992003768682479,-0.7903140187263489,-0.309606522321701,-0.0750971585512161,0.7797194719314575,0.8948042988777161,-0.2261645048856735,0.2225656658411026,-0.3971354961395263,0.0839750841259956,0.1282529532909393,0.1381541639566421,-0.4656245112419128,-0.1563886702060699,-0.4770066738128662,-0.1806763708591461,0.0665516182780265,-0.0731686204671859,-0.4834226667881012,-0.1238786727190017,0.3794437646865845,0.050864327698946,0.0179980099201202,-0.7077929973602295,-0.3910270035266876,-0.2769802808761596,-0.0899910554289817,0.0049972999840974,-1.004145622253418,0.146933376789093,-0.1435712277889251,0.1188712269067764,-0.0508602932095527,0.4689939618110657,0.1616644561290741,0.1603109836578369,-0.1698394566774368,0.2540538609027862,0.4856616556644439,0.2651441991329193,-0.0812571048736572,-0.4041993021965027,0.3322640657424927,0.1287280768156051,0.1374024450778961,0.2484401613473892,0.9003264904022217,-0.3032655715942383,-0.0841321423649787,-0.2667118906974792,0.1996361762285232,0.0231584534049034,0.4421641230583191,-0.1209123507142067,0.5259897112846375,-0.8515137434005737,0.2054026126861572,0.0808157846331596,0.7472073435783386,0.522200345993042,0.43339404463768,0.4286543428897857,-0.0252982880920171,0.4153721928596496,0.1193731352686882,0.0518834218382835,-0.9540497660636902,-0.2102057486772537,0.4604150056838989,0.5351781249046326,-0.0075693684630095,0.3115476667881012,-0.2797532975673675,0.7715616226196289,0.2156542688608169,-0.1309941262006759,0.0445625036954879,-0.4688465595245361,0.411232441663742,-0.9697051048278807,-0.0042128828354179,0.3294600248336792,-0.4167406558990478,0.3654792010784149,0.074731707572937,-0.0514321662485599,0.0027132725808769,-0.7865360379219055,0.3848969638347626,-0.60898357629776,-0.3409397304058075,0.5360460877418518,0.3820045888423919,0.0178610999137163,0.0067808623425662,0.0185129940509796,0.0746931955218315,-0.23532135784626,-0.73519665,-1.0908226,1.1486257,1.6896521,-0.7773633,0.00026830434,-1.3828084,0.054502033,1.3076456,-0.9380833,0.19430795,0.36715937,-1.4685522,2.173781,-1.2496759,0.13235274,0.8950864,-0.4998161,0.009764147,-0.82742006,0.76544064,-0.000824666,0.48808604,-0.9428896,0.9247185,1.1387916,-0.16442153,-0.29333022,-0.66914386,-0.24927524,-0.30529946,-0.880813,-0.9049446,-0.5295826,0.35318565,-1.547807,-1.130699,1.4762704,0.3150178,-0.44827074,-0.85823596,0.8736523,-0.5673956,-0.13119021,-0.43458018,-0.6724503,1.5788461,-0.2925993,0.16590379,-0.6818151,-0.22214647,-0.3243346,0.57734406,0.55795676,0.5867188,-0.522569,1.4864228,0.9341811,-0.15406373,-0.43086332,0.47773504,1.340528,-1.2730235,0.11524035,0.46228647,0.8174075,0.27474663,-0.16988386,0.07451288,-0.13591276,-2.24684,-1.3385931,-0.2582707,1.2044529,-1.2062969,0.7595762,0.11083478,-0.666937,-0.025143242,0.14930826,-0.2743787,0.5354184,-1.1017653,1.3785844,-0.8766986,0.020292396,-0.44581398,0.063861124,-1.566711,-0.33279893,0.2593943,-1.3544351,-1.5807184,-1.5749161,1.1244817,-0.016900817,-0.7532056,0.121127166,-1.042526,0.15158516,-0.099149816,0.7364508,-0.48538107,-0.62924355,-0.56602305,-0.4617683,-1.3878123,-1.032357,-1.1526619,1.1463159,0.47085547,-0.2364314,1.0156066,1.4459193,1.0382196,0.7528492,-0.87371045,-1.0313576,-0.33889994,0.16805167,1.3162861,0.36902118,-0.4818925,0.05524961,0.5977661,0.700707,0.10208547,-0.82772607,0.77462554,-0.29880425,0.88286036,0.072511315,1.1427653,0.7762513,-0.63917667,-0.21818146,-0.7273911,-0.24485269,0.5124051,-0.2088222,-0.79798394,-0.34260112,-0.47877306,-0.15391207,0.12196817,-2.292106,0.05717979,0.8572122,1.2739973,-0.0014033407,-0.2937912,-0.2476062,-0.83399403,1.026192,0.9130872,-0.2582968,0.28386155,0.37743393,-1.217442,1.8229996,0.585764,1.346618,-0.87145215,0.6629865,0.42801172,0.5496536,-0.6263972,0.45583242,-0.6787243,-2.25887,-0.20763317,0.050444655,0.33180875,-0.3804685,0.54392636,0.17569008,0.9894028,0.17452212,-0.4324955,-0.46378726,0.46201795,1.1472187,-0.4126081,0.77745867,-0.3916892,0.47528368,0.49546432,0.17483287,0.93110675,0.20040417,1.1484613,-0.7032345,0.6862935,1.191743,0.93068516,2.3280807,0.35277852,-1.2484013,-1.2685837,0.7220093,-2.437964,0.5375406,0.5608772,-0.22050455,1.3831136,-0.75945055,-1.1354225,1.8767306,1.2982304,-0.3718887,-1.8817034,-0.91789836,0.9427048,0.5618733,-0.6162974,0.13236973,-0.6807566,0.33710417,-0.20661227,0.16218251,0.36832827,0.09346817,0.44926387,1.1335739,-0.97935903,0.88315046,0.6202427,0.50318015,-0.11124112,0.8024162,-0.86222327,0.27736872,0.962317,0.07039864,0.100603804,0.21611348,-1.2920351,0.7900693,-0.5723034,0.7817173,0.24023065,-1.4243171,0.52982914,0.11096728,0.034339905,1.106534,1.7022451,0.656165,-1.970451,-0.73277354,0.14411269,1.0996258,0.49798745,-0.3447074,0.99713105,0.81211627,-0.9220953,-0.06086371,0.30148798,-0.36195612,0.10880132,0.7460096,-0.638429,0.7920085,0.6357611,-0.6261353,0.027272528,0.21465473,0.12801103,-0.88233054,-0.59662485,-0.6972987,-1.6625612,0.5881332,0.027122688,0.5611131,-1.4303647,-1.16066,-1.4825782,-0.1933559,0.6666824,-1.3957536,-0.6994139,-0.055392403,-0.38595557,0.45491856,-0.30605188,-0.27585095,1.0985278,0.3625835,-1.2111928,0.97149354,0.020498931,0.40735102,0.8452042,-0.2358721,1.1796852,-0.40977392,0.6757207,-1.3631699,0.591092,1.6277628,-2.040775,0.70363426,-0.019106925,-0.1616935,0.9545959,-1.471266,-0.26286903,-0.48857403,0.194774,0.13030457,-1.3244464,1.9478171,-1.7466227,1.239386,-1.5199482,-0.6181558,-0.50118554,-0.22049013,-1.1825581,1.1259339,0.59267217,0.6635658,0.60902786,0.16370852,0.29014745,0.7742344,0.35779724,0.39621553,-0.22563855,0.9740099,-0.79151475,-2.1279857,0.25318223,1.1900337,-1.1229408,-1.4252046,-1.7550395,-0.9327631,0.99076974,-1.0587356,0.2967979,0.8915979,-0.6027013,1.2096115,-1.0379889,-0.07001417,0.3268806,-0.5553569,1.8528099,0.2431385,1.4445139,-0.8847636,0.12656127,1.4778831,-2.0874832,-0.7271732,-0.38365966,1.8324095,0.66101915,0.32971105,1.3538377,0.6200545,-0.62895495,-0.92138547,1.1671107,-0.05857408,1.5796263,0.5922586,-1.3743732,1.6746721,0.2633739,0.6230463,-0.4271894,-0.4071179,1.6807032,-0.7232715,-0.3727561,-0.20296964,-0.34000602,0.64313626,0.37730628,0.24341016,0.3033608,-0.25874847,0.20075312,1.13007,-1.0561395,-0.8609513,-1.0066653,0.5080971,1.4734303,1.3281353,1.8519299,-0.38880387,-0.89044607,-1.8498175,0.26492223,1.1662008,-0.08613715,0.52260166,-1.1747913,0.01024268,0.38670963,-0.26354736,-0.6464199,-1.747048,1.4333289,0.41907835,0.82368135,1.5639634,-1.6682526,-1.3217863,-0.3791231,0.038455535,0.699158,-1.4600412,-0.9093378,0.62642133,-0.6372081,1.5432484,0.3702112,-0.14778653,0.49171382,0.09079336,1.616897,0.5516447,-0.9351325,-0.58975947,0.065180436,0.71751094,-1.7077202,-0.8444306,0.12722602,-1.6557947,1.1739715,-0.71224594,-0.66026706,-0.6566731,-0.95974874,-0.6727506,-0.8752836,0.43522993,-0.5168147,-0.42459503,0.2637791,-1.290109,-1.6017103,1.2681376,1.3921632,-0.657554,0.26329607,0.30409443,0.31770858,0.65254414,-0.7058641,0.23214218,0.28376114,0.4542187,0.032355916,-0.3013124,-0.72665334,-0.19218487,0.35130602,-0.6562441,-1.1657199,1.2573903,0.7211826,-2.0785744,-0.35745782,-0.31013218,-0.5919273,1.3027668,0.09097685,0.25975785,-0.28686577,-0.46708688,0.3195494,-0.20653863,1.3578907,-0.18771815,-0.61832666,0.869623,-0.6928235,-0.016804893,1.9133781,0.133844,0.122368194,1.0373591,0.62042075,-1.1561013,0.40608144,-0.13077074,-0.33617386,0.4423016,-1.2696798,-0.93800926,2.020726,-1.0593616,-0.7901076,0.05265888,-0.05472666,-0.15860972,0.80733603,0.029300284,0.9385255,1.1702869,0.9404415,1.8614022,-0.57433736,-0.78445446,-0.6572392,0.68689936,-0.4478797,-1.2769558,0.5796908,0.57171094,1.9082525,-0.013094498,0.23368594,0.6011946,-0.8634268,-0.58209336,0.58102024,-0.09002373,-0.31797135,-0.48390514,-0.43393844,-1.2291912,-0.498837,-1.8325984,0.15605815,0.69680506,1.0809246,-0.34141597,-0.3062293,0.63228554,0.5936977,-0.99053895,0.40117306,0.9550053,1.1530622,-0.2783906,-0.73819244,0.154342,-1.2896659,-1.5049769,-0.30393326,-1.2068056,-0.61854315,-0.028026596,-1.0510086,-0.32271403,-1.7752224,-1.0145389,1.4958605,0.18775688,-0.2729888,0.69380915,-0.11840336,1.6517277,-1.1687908,-0.13204567,1.137641,0.07057299,-0.9110481,0.42548218,-1.2119521,0.085300595,-0.84155023,0.8795153,1.1144266,0.7396386,-0.5204,1.1993811,-0.32670978,-0.52622795,-0.081561714,0.504995,0.10576773,0.12183704,-1.8902382,0.88811225,-1.4724423,-0.7662897,0.2718625,0.51664907,-0.24537654,-0.5173446,0.26433197,-0.042868845,0.7380673,-1.1613572,0.6840747,1.1259345,-0.8058592,-0.8543913,1.2192078,0.14602542,-0.255953,-0.49179807,2.4277415,0.8680728,1.4863284,-0.835256,-0.54675686,0.48353237,-0.74926716,-1.2992191,-0.68673885,-0.29797632,0.17692311,0.5658189,-0.44951534,0.4515683,-1.3826063,-0.30117434,1.3690991,-1.4067255,-0.38473368,0.45189315,-0.57749456,-1.6153104,-1.3079312,0.4650678,0.9299369,-0.57646334,-0.08748055,0.20950837,2.0173047,0.7503853,0.021093726,-0.51777947,0.91754675,1.1228781,0.20217934,-0.33138114,-0.93232,0.92711955,1.3403261,-1.3110505,0.38875943,-0.6308211,0.18821879,-1.7164396,0.796659,0.15059304,-0.031011272,0.9666351,0.28909707,0.11714138,0.5779491,0.0670325,0.093351685,-0.7938124,0.20961961,0.35123816,-0.15651698,-0.9455287,-0.450332,-0.99102,0.1089344,-0.058048308,0.9561232,-1.3277175,0.4033881,0.02193948,1.0751889,0.20260115,-0.20218983,-0.9818692,-0.13069142,-0.9141118,1.2330225,1.2904161,-0.0766506,-1.5906477,0.6654278,1.2362782,0.1708996,-1.2650461,0.23610973,0.061096407,-0.38605404,-0.37570637,-0.8539821,-0.4348731,1.0503916,1.0861274,-1.5157094,1.1758255,-1.9319551,0.9337266,-0.20637748,-1.0984029,0.26902986,-0.22943655,-0.72757566,1.6719782,0.91619366,0.06094254,0.45698804,0.7675396,1.0647265,-0.11860849,-0.17521001,-1.589695,1.0074255,1.4051287,0.8870096,-1.0756167,0.10295372,0.23148155,-0.3143557,1.885326,-0.8140758,-0.05335604,-0.21710066,-0.51083267,-0.85596687,-0.57984245,-0.51308095,-0.24274525,-1.3146101,0.23585708,-0.8972596,-0.9519327,0.20999119,-0.62087905,0.68991774,0.25126046,1.1955134,0.504079,0.6629998,0.27404532,-0.60566586,-0.21788761,-0.8280937,-0.30019775,0.13999845,-0.7284801,-0.16871801,0.28517255,1.255742,1.9988887,0.51406026,-0.317302,0.6170281,-0.07824516,0.29007673,0.73332036,-0.6360006,-0.53812075,0.21128103,-0.3360837,-0.19704904,-1.325394,-0.19527665,-0.22929284,0.8202616,1.0907042,0.5580654,-0.16874386,0.5255473,1.6354837,0.88735276,-0.3918168,-0.47979137,-0.6869163,1.0870316,1.0037099,-0.9318751,-0.90450346,-1.5033045,0.25533435,1.2553772,0.0032905228,0.6476375,-0.05511567,-1.393204,2.3437781,-0.8118342,-0.25107336,0.9110607,-0.5192706,0.35508,-0.4463593,0.6535318,0.41289756,0.6756686,-0.5213325,1.2884355,0.98162377,0.5854074,-0.5472513,-0.75209725,-0.8781662,0.37559655,-0.38134497,-0.93445385,-0.36887813,0.18790583,-1.0994271,-1.1475116,0.938228,0.20038484,-0.69151306,-0.71527183,0.34704483,-0.09313887,-0.12898856,-0.4205981,-0.31183958,1.7241943,-0.4299147,1.1250575,-0.16632497,-0.8387214,-0.24908791,0.5238622,0.71115583,0.80842537,-0.31479797,1.1833605,0.9831369,0.24077494,-0.36567456,0.29914796,1.1229993,-0.9728303,-0.48651806,0.21462531,0.7893363,-0.48419124,-0.40450063,-0.48260808,-0.65109503,-2.2385354,-0.6964409,-0.06752134,1.574973,-1.4668503,0.6390237,0.23572011,-0.636871,0.27814174,0.11237507,0.38583094,-0.21994966,-1.3764526,1.1508614,-0.76440203,-1.4089262,-0.30220512,-0.4046987,-1.2342803,-0.17031589,-0.54832757,-1.1990328,-1.7025985,-1.4375212,1.1527582,0.049301997,-1.0484113,-0.8842364,-1.7033587,0.099358186,0.3130373,1.1384034,-0.23058605,-0.9274715,-0.7475471,-0.5373144,-0.5702242,-0.7242284,-1.2010702,0.65401053,-0.1874687,1.0241383,0.24985123,0.9644766,0.69504905,0.87070495,-1.2179396,-0.9014104,-0.39990312,0.22022712,1.2764908,0.39494663,-0.93442,0.69857687,0.0951386,0.966896,0.3386712,-0.88407916,0.19119245,0.106564514,1.1088338,-0.5679255,2.2501678,0.41935736,-0.48373058,-0.77149975,0.019202165,-0.32345343,0.6129727,-0.9872104,-0.21957727,0.036658328,-0.3369016,-0.57929665,0.094564855,-1.049729,0.37980092,0.7530537,1.6321507,-0.13385817,-0.17155421,-0.06720588,-1.358162,0.37743652,1.0177166,-0.004048001,0.66008943,0.42730373,-1.2069261,1.3220278,-0.21484102,1.1857518,-0.71285915,0.18339822,0.21610342,0.4820261,-0.9202875,0.6526322,-0.4710448,-1.9425557,-0.32518303,-0.05921083,0.515362,-0.013670374,0.42494065,-0.10939878,0.25291762,0.28331053,-0.99657845,0.0048933234,0.81444097,0.6315596,0.02981254,1.0988237,-0.7424745,-0.043450512,0.48977807,0.75098556,0.7304072,-0.008364018,0.92662644,-1.1460017,1.2282223,0.8340498,1.135539,2.590039,0.6033603,-1.6933475,-1.4342082,0.6716291,-2.3481443,-0.47807884,0.57651323,-1.1811808,1.254477,-1.0594443,-1.1266823,1.8213375,0.90558994,0.2448856,-1.5383625,-1.2000736,0.75772536,0.46429703,-0.3497529,-0.1926539,-0.6501088,0.24518338,-0.068066545,-0.51015615,0.68101335,0.6146861,0.1337824,1.7127999,-1.0673993,0.40521544,0.5139755,-0.42809278,0.52892303,0.3892955,-1.1434803,0.9947519,0.7441895,-0.117803596,-0.07069214,0.42634416,-0.7421339,1.0171726,-0.11323829,0.75467384,0.37902543,-0.3448698,0.3975389,-0.5039057,0.71505857,0.9096509,1.6171004,0.44273907,-1.5249466,-0.22630167,0.2096429,1.253592,-0.065913476,0.39439112,0.036494106,1.1516905,-0.51551837,0.73141134,-0.3923189,-0.57275504,0.47437546,0.7656924,-0.55300546,0.35300368,0.23131166,-0.5016918,-0.4281687,0.18415149,0.54555,-0.8847973,-0.73679465,-0.90355814,-0.9697114,-0.06283061,0.2415365,0.5907243,-0.6368861,-0.820069,-1.2149799,0.20109464,1.0968274,-1.5886009,-0.5660579,-0.6681689,-0.7541031,0.54549295,-0.18216431,0.056964025,0.095367886,0.29136783,-1.2821175,1.1952004,-0.522658,0.47404325,1.2505289,-0.34518865,0.47302392,-0.62270117,0.26521957,-0.8849908,0.57308245,0.54721975,-1.3596963,0.8847808,-0.05466082,-0.57774895,1.0175344,-0.9659837,-0.6778771,-0.7013705,0.36597875,-0.15227866,-1.1784981,2.3079362,-1.8688169,1.2332325,-1.436879,-0.42660016,-1.0537213,-0.38615137,-1.1578423,0.7176441,0.4644812,0.13422063,0.5591031,0.39166912,0.095713474,0.53407824,-0.13482118,0.74330646,-0.13191056,0.52606237,-0.75950074,-1.032881,0.21711256,0.94038683,-1.2600195,-1.0520164,-1.0084255,-0.6027898,0.18881612,-0.3385571,-0.290988,0.7322605,0.24774316,0.79627216,-0.9600102,-0.08230467,0.16782615,-0.098150626,1.5215943,-0.021778751,1.656599,-0.78897405,-0.41492984,0.7944466,-1.4457573,-0.60808647,-0.16938952,1.4404862,0.40001968,0.35787526,0.42642504,0.71501166,-0.48196074,-0.7800572,1.0188661,0.12083724,1.2027557,0.32761747,-0.59984994,1.4495894,0.069986604,0.8842486,-0.37748128,-0.59915245,1.865877,0.039700482,-0.4901213,-0.5544058,-0.43956935,-0.1896683,-0.11924182,0.2797719,-0.15754393,-0.25392824,0.65329313,1.1189842,-0.79234076,-1.3871251,-0.9386099,0.27133545,1.3297725,1.2833211,1.5152225,-0.40575305,-1.1372209,-1.6030631,0.058418937,1.3023207,0.34819254,0.49302143,-1.3734188,0.3834545,0.62080085,0.6165437,-0.61391085,-1.2103264,1.4154456,-0.18503495,0.5048499,1.729212,-0.40189475,-1.014207,-0.31648603,0.21834947,0.002055116,-1.177625,-0.4510482,0.7004512,0.10471928,1.2696795,0.9307056,0.48790747,0.114608474,-0.03981511,0.6337881,0.10635708,-0.8855528,-0.38583937,-0.033338584,-0.08230158,-1.3978412,-0.8002726,0.68319154,-2.3419192,0.9191827,-0.10137171,-0.49872097,0.109947085,-0.49753633,-1.0073411,-0.92312527,-0.3887108,-0.81842905,-1.2000734,0.6629927,-1.4226382,-1.1779594,1.1913645,1.1040324,-1.1264462,0.5871997,0.3684294,0.040210918,0.75877494,-0.18789238,-0.29390633,0.38148087,-0.6138757,-0.13061385,-0.29490027,-1.8486177,-0.4952308,0.78636724,-1.4273033,-1.5331186,0.8092084,0.90092695,-1.1982002,-0.9711822,-0.1800151,-0.31994802,0.7611296,1.3334179,0.06686275,-0.29442537,-0.50254047,-0.29950553,0.32353425,1.0554286,-0.3334764,-0.054220483,-0.0155745745,0.056744706,0.6664056,1.7512294,0.4130947,1.4681895,0.78226674,0.76234734,-0.14969881,0.43682194,0.14076248,-0.41778883,0.61795175,-1.5369229,-0.4691054,1.2727344,-0.39934474,-1.1655877,-0.30783847,0.64490736,-0.47161537,-0.38126642,0.38877052,1.461943,1.2300869,0.9664907,1.9926736,-0.15117641,-0.08332636,-0.22994924,0.25711492,-0.97375643,-1.0408283,0.12867153,0.49945122,2.099494,-0.12547266,0.6949947,0.47609025,-0.9154253,-1.1550744,0.20525457,0.023475878,-0.6966787,-0.5165987,0.59963757,-1.3619964,0.11742778,-1.4835503,-0.0071549714,0.92452705,0.6538241,-0.35503054,0.5107626,0.64981395,0.12814151,-0.85379267,0.10884169,1.1020992,1.2466725,0.03902082,-0.95055,0.41789052,-0.32774147,-1.9245002,-0.08315839,-0.8055321,-0.76621145,0.34817055,-0.60044396,-0.39836806,-0.56954753,-0.55445725,1.4871714,0.29628503,0.07232347,0.3877607,-0.90161234,1.4435639,-0.34535307,-0.0777038,1.1929427,0.5851533,-1.4038547,0.27102977,-2.1171348,0.54877484,-0.51868826,0.6891794,1.421227,0.20020643,-0.8363547,1.8663266,-0.6260158,-0.34846315,-0.30901837,0.60463375,-0.20692086,0.28448814,-1.9958264,1.1005695,-1.4384015,-1.0728441,-0.2327947,0.6897261,-0.33683866,0.3094548,-0.3773455,0.47598112,0.6389718,-0.70043766,0.58697397,2.3238437,-0.41811937,-1.6424618,0.79430544,0.21042687,-0.60854304,-0.19119994,2.5320408,0.4774488,0.6881776,-1.3695502,-1.024239,0.4245395,-0.19088595,-1.1615983,0.008856975,-0.33147335,0.16407725,0.04265202,-0.3523107,1.0291458,-1.1569109,0.020988282,1.2245427,-0.6961803,-0.22481325,0.32191807,-0.6328668,-1.0869594,-1.1884787,0.7759523,1.1449506,-0.8120597,0.45444512,0.7185115,1.7446749,1.134019,-0.29181486,-0.9689137,0.59171176,1.3051988,0.67746127,-1.0229627,-1.3144242,1.1155145,0.8470239,-0.6829382,0.6296635,0.25965142,-0.43955448,-1.5145423,1.4464879,0.4241178,0.06855257,1.017004,0.20280406,-0.21107708,0.2352441,-0.06946391,0.15054746,-0.65892214,-0.57736963,0.028095465,-0.45247203,-1.0004046,-0.023903362,-0.8147251,0.4046786,-0.16918504,0.80718434,-1.777213,0.6211661,-0.22107351,0.86174726,0.2869646,0.05392626,-1.1068718,-0.63377184,-0.6169001,1.4686089,0.9747613,-0.21537764,-1.1185693,-0.0048047416,1.1807802,0.8485466,-0.8603179,-0.023859164,-0.054787986,-0.93592906,-0.21072178,-0.7729702,-0.8477322,0.17691058,0.7564765,-1.1033337,1.1891005,-1.6002719,0.6342177,0.0073398426,-0.9304633,0.03884245,0.10262366,-0.5233084,2.1926644,1.150475,0.102213725,0.29423884,1.0882957,0.91757274,-0.36195105,-0.15731461,-1.4168957,1.1391479,1.2991378,0.41213164,-1.0576466,0.109874144,0.61274415,-0.6997707,1.2126276,-0.19151255,-0.51597077,-0.73702997,-0.5150279,-0.52700984,-0.2865096,-0.5367593,0.3327879,-0.94499034,0.27818328,-0.6403928,-1.0208724,0.21143578,-0.48764712,0.36902446,-0.24237789,1.0229921,0.5969471,0.5636997,0.54339397,-0.6078206,-0.32403457,-1.2936007,-0.83313036,0.5995744,-0.8334899,0.74680424,0.39058638,1.2064856,1.5443374,0.32506266,-0.9591588,0.14418653,0.052724235,0.15441708,-0.15683338,-0.4532274,-0.443469,0.54168355,-0.04506567,0.28656766,-1.3339206,-0.5245619,-0.063508905,0.50663567,0.41283512,0.6234387,0.20202973,0.48281085,1.746916,1.0699112,-0.23144154,0.0
ツ,0.5930546522140503,0.6319737434387207,1.0374304056167605,-0.3383469581604004,-0.3173145055770874,0.1539123505353927,0.3153692781925201,0.1515471637248993,-0.4578653573989868,-0.2202220112085342,0.5763997435569763,-0.3914760649204254,-0.1334523111581802,0.279024213552475,0.3356066644191742,0.1374870091676712,0.261563777923584,-0.228357583284378,0.0492620840668678,-0.7415341734886169,-0.9501937627792358,-0.612515389919281,-0.4344922602176666,0.4547875821590423,0.0751314908266067,-0.2520163059234619,-0.4934850931167602,0.6057757139205933,-0.1709099560976028,-0.6646323800086975,-0.3495495319366455,-0.1441269516944885,-0.0062627103179693,-0.2704456448554992,-0.4186931848526001,0.3660819232463836,-0.0908106416463851,-0.167567566037178,0.2112042009830474,-0.3609657287597656,-0.0011444424744695,-0.2149135321378708,-0.4878867268562317,0.2321127206087112,-0.4773766100406647,0.6705694198608398,-0.0940615907311439,0.1549710631370544,0.2920421063899994,0.0608545802533626,-0.301110178232193,0.6008332967758179,-0.1358134150505066,0.0839150249958038,0.4559266269207001,-0.4414195418357849,0.2604157924652099,-0.4718002080917358,-0.1638858616352081,0.1065220534801483,-0.1598249673843383,-0.117468774318695,0.4507288932800293,0.1673110127449035,-0.1664277017116546,-0.2495895326137542,0.2202233672142028,-0.1808768361806869,0.1080668717622757,-0.9672194123268129,-0.1319510638713836,-0.0258802082389593,-0.1504610329866409,-0.4684182703495025,0.4988673627376556,0.0243514459580183,0.0468619428575038,0.281541645526886,0.3764991760253906,0.0390359312295913,-0.0303812641650438,0.5560542941093445,0.2749850749969482,-0.651585042476654,-0.1586238443851471,0.2885416150093078,-0.5720490217208862,-0.9294161200523376,0.2649970650672912,-0.2499710768461227,0.1539921909570694,0.0467643775045871,0.1222413778305053,0.1437198668718338,-0.0880763903260231,0.0817514434456825,-0.0137730427086353,0.0303064100444316,-0.1829750686883926,0.2707027494907379,-0.1065154671669006,0.1084117665886879,0.2143130898475647,-0.4609081149101257,-0.1057035401463508,0.4346997737884521,-0.3124888837337494,0.1877999454736709,0.2352217584848404,0.0921714007854461,-0.1803275495767593,-0.1840845793485641,-0.7123745679855347,0.1502789556980133,0.276150643825531,0.174813911318779,0.0092162927612662,0.3546351790428161,-0.4534464478492737,0.4601621031761169,0.0543807819485664,0.4500854909420013,0.1634600013494491,-0.5355239510536194,-0.2583604454994201,0.4782887399196625,0.1057405769824981,-0.0972614884376525,-0.3854002952575683,-0.0368733704090118,-0.514321506023407,-0.1660285741090774,-0.2616156935691833,-0.2344823181629181,-0.1488438099622726,0.975131094455719,0.0155135244131088,0.0206181351095438,-0.0267561897635459,-0.0891184881329536,-0.6971913576126099,0.3064770698547363,0.1040750816464424,-0.3078424334526062,0.2364470064640045,0.0845491215586662,-0.6164693236351013,-0.0115081584081053,-0.0982868075370788,0.4136125445365906,-0.235832080245018,0.9884220361709596,-0.7586669921875,0.4721824824810028,0.3416218757629394,0.2273471504449844,-0.4137569367885589,0.0671729147434234,0.2239904552698135,0.2378989607095718,0.3375002145767212,-0.3559703230857849,0.247457280755043,0.5228894948959351,0.1553430408239364,0.3290236294269562,0.676953911781311,0.103399820625782,0.1686213165521621,0.62786465883255,0.2534085512161255,0.4748419821262359,0.4065767228603363,-0.2254323065280914,0.1255124062299728,0.1808753758668899,0.3665626943111419,0.0411012805998325,0.0633999481797218,-0.3038116693496704,0.4024868905544281,0.2254656553268432,0.3915956318378448,-0.3898278176784515,0.1647123843431472,-0.0910687670111656,-0.0617955885827541,0.0792720392346382,0.0214447602629661,-0.0055477647110819,-0.1618338823318481,-0.1388651579618454,0.3173314034938812,-0.3409028053283691,-0.1761266440153122,-0.6223565340042114,0.0821443051099777,0.0842387229204177,-0.567101240158081,0.241387128829956,0.0837173238396644,0.0320969186723232,-0.0850063040852546,-0.6650980710983276,-0.9847548604011536,0.0360095836222171,0.2418181151151657,0.608451783657074,0.8069567680358887,0.2817661762237549,-0.0929860472679138,0.0025327710900455,0.4189474284648895,0.1991522014141082,0.485445111989975,0.1928444653749466,-0.3371909856796264,-0.4526413679122925,0.0030248225666582,-0.2514255344867706,0.3635325133800506,-0.0099133113399147,0.2246678471565246,0.0934928953647613,0.3120204508304596,0.5910230278968811,0.2896163165569305,-0.3115378618240356,-0.1828919202089309,0.1783300340175628,-0.4448637664318084,-0.4783354699611664,-0.6947966814041138,-0.2774333655834198,-1.0658609867095947,-0.0827516540884971,-0.1445768922567367,0.4428964853286743,-0.3884681761264801,0.1798025071620941,0.0841944590210914,-0.2345711141824722,0.1725807636976242,-0.6224339008331299,-0.0922546982765197,0.2920223474502563,-0.2571264207363128,0.0242164116352796,-0.225935161113739,0.0769189149141311,-0.1192925572395324,-0.6405526399612427,0.4774881899356842,-0.2450895309448242,0.589251697063446,0.2126409113407135,0.4180489480495453,-0.5161406397819519,0.4680569469928741,-0.6232519149780273,0.1649843901395797,-0.4072391092777252,-0.2560926079750061,-0.1045086085796356,0.0366087295114994,-0.0440852269530296,-0.0167182590812444,-0.7414343357086182,-0.7632670402526855,-0.6710200309753418,0.4081059396266937,-0.377534419298172,-0.1795195043087005,-0.2686818540096283,0.0910318791866302,0.1884925812482834,-0.3949028551578522,0.3077177703380584,-0.4483177959918976,0.0859495624899864,-0.3695685863494873,0.0150235658511519,-0.4445623755455017,-0.0799343436956405,-0.2071684449911117,-0.120681457221508,-0.3154639303684234,-0.2612346708774566,-0.4708123803138733,0.5485602617263794,0.3390340507030487,-0.5005316138267517,-0.1777542978525161,0.2373637408018112,-0.6711920499801636,0.5024250745773315,0.4335138201713562,0.5079692602157593,0.0920075923204422,-0.2375938147306442,0.1147491335868835,0.4105258882045746,0.1949232220649719,-0.5020098090171814,-0.0919230952858924,-0.2798886001110077,0.165445014834404,-0.1503764688968658,0.30274698138237,-0.0891336649656295,0.0801515132188797,0.800420343875885,-0.7201858758926392,0.3820748329162597,0.4184666275978088,0.6245318055152893,-1.5815598964691162,-0.1632732599973678,0.3239909410476684,0.1566168069839477,-0.2857618629932403,0.2133903056383133,0.6225133538246155,0.1327646970748901,-0.507827639579773,-0.6074549555778503,0.7863492965698242,-0.1371297836303711,-0.0402927659451961,0.1294665932655334,0.4333170354366302,0.0955873802304267,-0.0722486898303031,-0.239398568868637,0.2700161635875702,0.3449332118034363,-0.4141068756580353,-0.1102446392178535,0.1782326102256775,-0.4787282347679138,-0.5979381203651428,0.5346753001213074,-0.2813994288444519,0.0462422184646129,-0.5265087485313416,-0.2266714721918106,0.2631429135799408,1.2355531454086304,0.9064568877220154,0.4722028374671936,-0.4690961837768554,0.0397255606949329,0.2951527535915375,0.092758722603321,0.4366799890995025,-0.4568349719047546,-0.0590069852769374,-0.2201783955097198,0.2607977390289306,-0.0003320178657304,-0.206950381398201,-0.2997709512710571,0.0006510087405331,-0.2240550220012664,0.1381222307682037,0.1757456362247467,0.6392369270324707,0.5888489484786987,0.0719190686941146,0.2771028578281402,0.5820664763450623,0.2163119614124298,-0.1702637523412704,-0.640766441822052,-0.2304135411977768,-0.5685872435569763,0.0290704946964979,-0.3389539420604706,0.0312527008354663,0.1812687963247299,-0.0644818320870399,-0.2559150457382202,-0.190084308385849,-0.7557110786437988,-0.0313365347683429,-0.6441577672958374,-0.1468411535024643,-0.4338350892066955,-0.1419647932052612,-0.5825140476226807,0.5226696133613586,0.2565320134162903,0.4118370413780212,-0.2655712366104126,-0.6843339800834656,0.3323074281215668,-0.4003994166851043,0.2062298655509948,-0.1335920840501785,0.2605097889900207,-0.4813299477100372,0.0242689289152622,-0.0752809643745422,-0.4781084060668945,-0.5651113986968994,-0.088708259165287,-1.045231580734253,-0.0479845367372036,-0.2665314972400665,0.8264502882957458,-0.0327674336731433,0.285120278596878,0.0431138947606086,0.2529205977916717,-0.152341291308403,-0.3423779010772705,-0.2893217504024505,0.3020348250865936,0.6612731218338013,0.5661771297454834,0.5040283203125,0.3274131119251251,0.3739674389362335,0.2123314440250396,0.3675148487091064,-0.077611893415451,-0.7367231249809265,-0.1211641952395439,0.4992361962795257,-0.1675801277160644,0.1143235266208648,0.1704015135765075,0.1820055246353149,0.7767773270606995,-0.4027236700057983,-1.3625963926315308,-0.036233089864254,0.2313139140605926,-0.0061171520501375,0.395618587732315,0.6893584728240967,0.6493796110153198,0.1688758134841919,0.3078279197216034,0.1799433827400207,0.0588066093623638,0.348358154296875,-0.1077641621232032,0.4429264068603515,0.1758044362068176,0.4120401740074157,0.5611658096313477,0.2704443037509918,0.3965398371219635,0.7224353551864624,0.5814869999885559,-0.3756316006183624,0.3890821933746338,0.2342062145471573,-0.0645181462168693,-0.4640446305274963,0.3887246251106262,-0.532438337802887,-0.1560401171445846,-0.4403444826602936,0.1383714377880096,0.8855701088905334,-0.3944266736507416,0.4827744364738464,-0.3917814791202545,-0.3315642774105072,-0.5335702896118164,-0.6436577439308167,0.225389301776886,-0.3714775443077087,0.004747531376779,0.4039610922336578,0.0167642422020435,-0.6071538329124451,0.1637975424528122,0.3150565326213836,0.5812759399414062,0.1684347242116928,-0.3420390486717224,-0.0363199412822723,0.5715809464454651,-0.2086262553930282,-0.0129445828497409,0.173548474907875,-0.0556816048920154,-0.2279419898986816,-0.9748454689979552,-0.5031415224075317,-0.1166454181075096,0.0946948006749153,-0.5069720149040222,0.675150454044342,0.4821428060531616,-0.5622348785400391,-0.2528059482574463,-0.3165469169616699,-0.0573950409889221,-0.0856062024831771,-0.5313248634338379,0.103178858757019,-0.0795996412634849,-0.0123421298339962,0.6556701064109802,0.5359843373298645,-0.4287244081497192,-0.0557401143014431,0.5663303732872009,0.3626473546028137,0.042487870901823,0.2001436948776245,-0.4511834979057312,-0.4796603918075561,0.0560747161507606,0.2924157381057739,-0.089206226170063,-0.1261716783046722,-0.2473555207252502,-0.5904003977775574,-0.5416514277458191,-0.3029631376266479,-1.245996356010437,0.4305896759033203,-0.0474571697413921,0.3658763170242309,-1.0936464071273804,0.2656297981739044,-0.1482317149639129,0.4529084265232086,-0.1175688505172729,0.5350407958030701,-0.0783148407936096,-0.8816331028938293,-0.0290599912405014,0.2554600834846496,-0.4953828155994415,1.0187796354293823,0.5998725891113281,-0.3338018357753753,-0.2952187061309814,0.2195363789796829,0.1347533464431762,-0.1538268029689788,0.1619288921356201,-0.2186457812786102,-0.3780580461025238,0.0816185697913169,-0.0991635993123054,0.3998847305774688,0.3499682545661926,0.0132835768163204,0.0784867256879806,0.7465474605560303,0.167585402727127,0.5677454471588135,0.3431079685688019,-0.6401307582855225,-0.0630431696772575,-0.4246980249881744,0.2371137887239456,0.1239999681711196,0.7866754531860352,-0.2244578599929809,0.34340900182724,0.6815798878669739,-0.2369484007358551,-0.1116271018981933,0.549222469329834,0.0797847285866737,0.3611436784267425,-0.1648872792720794,0.0869230479001998,-0.979767382144928,0.3181458711624145,0.2978108525276184,0.1512073874473571,0.0599983111023902,0.1215851306915283,0.0128585761412978,-0.8224067091941833,0.2650946974754333,0.0652206242084503,-0.265663743019104,0.2789573669433594,0.324606329202652,-0.0627619698643684,0.8225252628326416,0.3374103605747223,-0.2739810645580292,-0.0544343329966068,-0.1593586653470993,0.8004461526870728,0.8542128205299377,-0.137147456407547,0.4373861253261566,-0.4904538989067077,-0.8217084407806396,0.2437671273946762,0.1175533384084701,0.3254854381084442,0.608734130859375,-0.4999359846115112,-0.3563725054264068,0.648382842540741,0.2604873180389404,0.1238970682024955,-0.2658562362194061,-0.4231884777545929,0.3213720619678497,-0.0952896773815155,-0.0999052971601486,0.2133684456348419,0.2749728560447693,0.5598160028457642,0.474202036857605,0.1232558265328407,-0.3892777860164642,0.7708496451377869,0.0401249155402183,-0.4257298409938812,0.1605914384126663,-0.6243446469306946,0.1913665384054184,0.2539394497871399,0.3622981011867523,0.1147514209151268,-0.3004081547260284,0.2212794125080108,-0.3058556020259857,-0.1422671228647232,-0.3531127870082855,0.4561539590358734,0.1532309055328369,-0.0816366374492645,-0.2919953167438507,-0.506588339805603,-0.2151989787817001,-0.022124245762825,-0.8622197508811951,-0.062067974358797,0.0931381061673164,0.248438075184822,-0.2223546653985977,-0.0184063073247671,-0.7270002365112305,-0.3781671822071075,-0.3258433640003204,0.3780666291713714,-0.7069383859634399,-0.3961071372032165,0.5641794204711914,0.0921429172158241,-0.0190799348056316,-1.3055930137634275,0.5102050304412842,-0.0726425573229789,0.244777649641037,-0.1593020558357238,0.1414137631654739,-0.4171003997325897,0.0453599132597446,0.0863836333155632,-0.2981536984443664,0.0865919068455696,-10.187033653259276,0.2162238210439682,-0.5153321027755737,-0.4303008615970611,-0.500162661075592,-0.0747401714324951,0.8724194765090942,0.4472564160823822,-0.1867846846580505,0.6053003072738647,-0.1999603658914566,0.610309898853302,0.3539019823074341,0.026266511529684,-0.1964733153581619,0.0974662229418754,-0.2961273491382599,-0.0557382181286811,-0.2707590460777282,-0.0954452827572822,-0.4605646729469299,-0.3728103935718536,0.7333937287330627,0.4507887959480285,0.629659116268158,-0.1577025353908538,0.1320483535528183,0.413061648607254,-0.3313141167163849,0.3687202632427215,-1.037243366241455,0.5492420196533203,-0.3114286065101623,0.7603781819343567,0.1523233950138092,0.0801357626914978,0.0627902969717979,0.1707354187965393,-0.2683981657028198,0.4237218797206878,0.4935589134693146,-0.0309099871665239,-0.0772415921092033,0.0353514850139617,-0.298044204711914,0.0358415953814983,-0.1193246468901634,0.075347863137722,0.5912200212478638,-0.2721285223960876,-0.0493429005146026,-0.1865812689065933,0.133067637681961,-0.2255179733037948,0.2005201876163482,0.1497281491756439,0.8183289170265198,-0.664590060710907,-0.3175504505634308,0.0987665951251983,0.5905869603157043,-0.0658743679523468,0.4694211781024933,0.6204165816307068,0.104325532913208,0.5022666454315186,0.3527027368545532,0.2424290180206298,-1.142908215522766,-0.2231483608484268,0.3112803101539612,0.7615343332290649,-0.0210704356431961,0.0310787577182054,-0.168237954378128,0.2661822736263275,0.1296748220920562,0.1882065534591674,0.4320928156375885,-0.0768738389015197,0.1991636008024215,-0.185180589556694,-0.0695248767733573,0.5907264351844788,-0.708386242389679,0.1378110945224762,-0.0611194148659706,-0.3213564157485962,0.2627412974834442,-0.4816176295280456,0.314485490322113,-0.1782543659210205,-0.8476414680480957,0.5249963998794556,0.7515106797218323,-0.3503181636333465,-0.3775286376476288,-0.0929861590266227,0.2224091589450836,-0.2934626340866089,-0.45910683,0.030121496,0.8185472,0.42568588,-1.2449874,-1.0624853,-1.5748924,0.6749055,1.588255,0.43899778,0.31560788,-0.06804161,-0.73476,2.4683864,-0.6256185,0.5836788,0.09049748,-1.2450182,0.6665706,0.13700211,0.3569543,0.30481926,0.4899874,-1.091265,1.0994374,0.87315947,0.8483987,-0.22962268,-0.5483958,-1.1181362,0.15524748,-0.85460323,-1.0120658,-0.36434275,0.5274025,-0.8563236,-1.2488197,1.4986668,-0.25150862,-1.266617,-0.55713135,0.9307304,0.7439065,-0.21565259,-1.1212363,-0.06609791,1.6388209,-0.4541325,0.86853456,-0.76413924,-1.2889673,-0.67553145,1.0670477,0.52801067,0.70912135,-0.9460071,1.8203907,1.335537,0.18993846,-0.3700846,-0.06084352,0.47170216,-1.1708755,-0.5001007,-0.041176584,0.20718674,-0.44225445,-0.16286506,-0.39437625,0.07907721,-2.751106,-1.1359447,-0.6344606,1.4066623,-1.8390538,0.7106447,0.06628985,-0.90562725,0.39650732,-0.64808273,0.4339261,-0.10541051,-1.0767928,1.6471052,-1.2585863,-1.3754736,-0.067036554,-0.5591891,-0.75685304,-0.48824722,-0.67153484,-1.8040801,-1.1268051,-0.98000115,1.4591,-0.20298651,-1.0508243,-1.1396819,-0.88416916,0.032303233,0.494541,1.245445,0.4929864,-0.7605795,-0.52810353,-0.3464485,-0.35605308,-0.46916837,-0.60928446,0.6943509,0.14539532,0.200704,0.7706322,0.85029304,0.102097616,0.74698895,-1.509385,-0.49201107,-0.35275558,0.6260191,1.2943697,1.1617526,-0.63686293,0.022653768,0.14060584,0.7076481,0.55855227,-1.1164389,0.115075424,0.93250173,1.0190929,-0.11554216,2.248858,0.57191986,-0.9177546,-0.26655418,-0.022155302,0.06608537,0.8107028,-1.5553849,-0.95340914,0.46999386,-0.12030263,-0.24207897,0.4808499,-0.9412908,-0.40258524,0.6182479,1.3693067,0.005942049,-0.3565845,-0.06979998,-1.4707903,0.34392795,1.3865738,-0.5902936,0.18507726,0.6451287,-1.2312424,0.90781355,-0.8570266,1.7074468,-0.8750247,0.76911503,-0.38427338,0.57043654,-0.45396423,0.5535774,-0.774579,-1.970718,-0.34955713,-0.043802883,0.63355094,-0.22534905,0.22019641,-0.122281894,0.72859657,0.25609818,-1.0538149,-0.6079942,1.2605356,1.3027505,0.026312087,0.87456024,-0.48791867,0.7618036,1.1464902,0.48869872,1.0142314,0.15733472,1.5121106,-1.0620506,1.0037122,0.79513854,0.81203735,2.8284042,0.83054316,-1.7103615,-1.2751137,0.92458546,-2.5786388,-0.69057494,1.1699747,-1.3675474,0.26911813,-1.1825911,-0.8060523,1.9525282,0.8274564,0.18891513,-0.98355454,-1.165816,1.1512536,1.1312234,-0.4663067,-0.41008404,-1.0605221,-0.022317598,-0.17658809,-0.56144017,0.38392094,0.75079733,0.13511203,1.2400922,-1.0636117,0.6200611,0.39455125,-0.511892,-0.07600076,0.7616318,-0.5652789,0.53690267,0.45290962,-0.18512514,-0.19015218,0.5184253,-0.6995403,0.5285937,-0.61915034,0.73871213,0.45869705,-0.44736952,0.1847337,-0.6437464,0.90794843,0.8953849,1.8344271,-0.8024079,-1.9787203,-0.5586553,-0.0228569,1.7940556,-0.1908054,0.033464245,0.06400746,1.5791578,-0.29175204,0.39630374,-0.60148424,-0.8324901,-0.33334297,0.4931584,0.24428985,0.08772986,0.061415873,-0.27839652,-0.3441681,0.4838698,0.5720509,-0.9073292,-1.1707522,-0.98877144,-0.68716335,0.019750085,1.1233574,0.48968413,-0.8868371,-1.0659248,-0.3249374,1.1055981,0.20124117,-2.0012374,-0.079818524,-0.30810577,-1.1909344,0.50859594,0.664867,-0.5446295,-0.087310806,0.113892384,-1.3534757,0.8129137,-0.59098,0.27981386,2.0761917,0.07329965,0.86596566,-0.38629064,-0.7940636,0.060712364,0.28540638,1.1208313,-1.5070962,0.9051762,-0.34687617,-0.38755465,1.5165501,-1.4281499,-0.8714832,-1.1460192,0.11861064,-0.62265015,-1.2447637,2.4399726,-2.2989616,1.5530096,-1.6681116,-1.0663823,-1.001576,-0.5601848,-1.355817,0.3852821,0.03440786,-0.19617642,0.20097256,-0.36013457,0.664041,0.42406994,-0.38589954,1.5274426,-0.101177536,0.04070282,-0.62078255,-1.4796664,-0.25185922,1.1120443,-1.3522236,-0.72834593,-1.4367349,-0.27600172,-0.27303538,-0.6991611,-1.0752503,0.5033231,-0.20620206,0.63163346,-0.53714293,-0.54038566,-0.11174704,-0.9855871,1.2989473,0.16312888,1.2353815,-1.2334284,-0.2217609,0.8363033,-1.4896128,0.050491128,-0.21418087,1.8708707,0.56578535,0.71350807,0.53170526,0.50555754,0.18101563,-0.5951385,0.84031665,-0.075168364,1.3931779,0.13720389,-0.59664375,0.6618344,-0.1731818,0.55171126,0.0376262,-0.36345217,1.3871914,-0.4528353,-0.70379156,0.008213247,0.2632772,-0.22045092,0.12216462,0.22608602,0.25204304,0.07922673,0.44307098,0.4960289,-0.5760774,-1.2446204,-0.5946137,0.5136954,1.9803565,1.1590607,1.4259377,-0.15628453,-1.006327,-1.6013477,0.7877561,1.4202939,0.14922203,0.40410534,-1.9447021,0.40705281,0.34560448,0.14733768,-0.9365092,-1.2698648,1.5213896,0.29893067,0.68972886,2.378496,-1.2217467,-0.9562053,-0.63695794,-0.16443443,0.09038161,-1.5139773,-0.7593088,-0.16028956,-0.0044123787,0.9852709,0.8384968,0.5282342,-0.7862721,-0.55835897,0.51349926,0.11037391,-0.6830371,-0.46881455,-0.075180866,0.103302695,-1.1904172,-0.576054,0.8948491,-1.9654378,1.2923496,-0.38719624,0.38655773,-0.12939031,0.08401692,-0.41038677,0.21116456,-0.19812594,-1.2824277,-0.5352701,0.8669078,-1.8633003,-1.6560822,1.0351038,1.314477,-0.9795476,0.6632709,0.4830706,0.09098351,0.7114844,-0.3317301,-0.33862618,0.46657696,-0.30207413,-0.2674237,0.09219456,-1.0726798,-0.5781179,1.0391974,-1.5565348,-1.2326174,0.8646212,0.25719646,-1.4516898,-1.0913821,-0.53944,-0.30423155,0.6425554,0.9297403,-0.32248893,-0.56708485,-0.78245795,-0.040532835,0.14199315,0.18325827,-0.01002138,0.4081802,-0.27591828,-0.6588785,0.8267603,1.3906887,0.16841367,1.7704465,0.748088,0.61497396,0.049208608,0.278841,-0.37651807,-0.20073035,0.50224864,-1.2767736,-0.93045837,1.7067683,-0.18705924,-1.1780156,-0.23594053,0.72663105,0.013298861,-0.49045447,-0.13282749,0.4884722,1.8594811,0.81099594,1.5034698,-0.1987662,-0.08262699,-0.4041668,0.5377718,-1.1201859,-0.7611955,-0.20125845,0.4070356,2.2126677,-0.5492188,0.16261017,0.63164794,-1.0122857,-0.8391556,0.24574216,0.075599484,-0.06874091,0.06710696,0.6069494,-1.3608869,-0.08366797,-1.9386629,-0.37326172,0.9592747,1.0272366,-0.41180906,0.34759554,0.52887374,0.023104915,-0.8115185,-0.48322693,1.4462042,1.8402712,-0.41731808,-1.2887408,0.7009459,-0.23329814,-1.4852536,-0.07695423,-0.72950375,-0.4687046,0.15943289,-0.14539059,-0.27569523,-0.50284743,-0.24984618,1.3346729,0.43867132,0.26952967,0.52564746,-0.8524071,1.310379,0.46351156,-1.0513427,1.4026263,0.639471,-1.3012516,0.4425463,-0.8502074,1.161632,-0.23593235,0.8449893,1.355382,0.4636329,-0.6348931,1.2346195,-0.8351568,0.09423407,-0.8879821,0.008942761,-0.74396247,0.578715,-1.8959264,0.98499626,-1.4274987,-0.30146125,-0.23612656,0.84202486,-0.90765554,0.2585359,-0.49943098,1.2253096,-0.08020334,-1.0713303,0.29752928,1.4208869,-0.14288108,-1.5104564,0.5135434,0.33974028,-0.1775047,0.3010841,2.3377697,0.43483797,0.59276855,-1.0236652,-0.9596103,0.7431641,-0.38448152,-0.70251364,-0.38622776,-0.43762192,-0.27551976,0.017470744,-0.57047623,1.264975,-0.53740805,0.46968633,0.588807,-0.98417157,-0.5485049,-0.18514684,-0.7198432,-0.82653946,-1.3557327,0.55594766,0.50684845,-1.0262117,0.84297746,0.9496751,1.7068336,0.7431704,0.21822873,-0.59377223,0.9322547,0.8668696,0.7954975,-1.1934092,-1.0778116,0.40591964,0.6291973,-0.2170934,0.047050744,0.47385278,-0.8525394,-2.1079156,0.78041506,0.20756076,0.14581145,1.1332244,0.08923987,-0.115625605,0.38395378,-0.14269008,-0.06500129,-0.16701208,-0.5483207,0.5152783,0.051330693,-0.49786192,0.46585035,-0.9852186,0.59142596,-0.31848195,0.30715495,-1.4102346,0.9161779,0.15506768,0.5404475,-0.022477461,0.7060184,-1.532014,-0.2291898,0.2833499,1.2243088,1.4491711,-0.3813649,-0.8017901,0.25170135,1.8340191,0.95491403,0.15362561,0.17581603,-0.070937455,-0.12926784,-0.30729803,-0.89562875,-0.9303689,0.388009,0.04670016,-0.6111045,1.2935532,-1.7001923,1.6676438,-0.4402975,-1.3369935,0.26573417,0.7662457,-0.27425823,2.1902406,1.326552,-0.48395938,0.2650574,0.81639594,0.83373123,-0.7317954,0.37101603,-0.7623723,1.002777,1.84354,0.61255866,-0.8722964,-0.04956436,0.2841721,0.21717739,1.4305372,0.02760894,-0.46197802,-0.7231101,-0.26599368,-1.0915287,-0.34961596,-0.41625935,0.5794235,-1.6674967,0.44198284,-0.27471897,-1.2660116,0.6832751,-0.075445466,0.26938853,-0.48842308,0.62547654,0.35940033,0.20344827,0.29372162,-0.50507337,-0.38291222,-0.91731673,-0.18620776,0.21582018,-0.96973544,0.7572002,0.9158502,1.3920525,1.4022455,0.17748897,-1.3637781,0.3922479,0.31601682,0.7182841,-0.2767862,-0.64232063,-0.3432372,0.2104131,0.12704182,0.88023055,-1.2294344,-0.82810354,0.0012697151,-0.34977707,-0.18543503,0.7501635,-0.08673657,0.6158117,2.4266865,1.8855256,0.2690535,-0.9804648,-0.7242423,0.5062195,1.65476,-1.1705277,-0.38154477,-1.3107939,0.71071446,0.74617827,-0.23180827,0.40250516,0.4812962,-1.3477805,1.4247241,-0.74050725,0.12150793,0.546758,-0.5407823,0.38502514,-1.0938934,1.0564873,0.7440586,0.6917236,-0.75385165,0.3832004,0.51937973,0.6280381,-0.5633587,-0.022665143,-0.5948825,-0.37581676,-0.4123621,-0.21968117,-0.6334037,0.35485053,-1.1989508,-0.89458436,1.1386636,0.47420257,-0.63511384,-0.97505254,0.54675204,-0.8758764,0.5117504,-1.1759523,0.11663594,1.7158947,0.40619978,1.1386628,-0.5981443,-0.5097862,-0.62996465,0.6068556,0.71408844,1.0047119,-0.22116904,1.09045,1.147604,0.34371233,-0.36344272,0.6115872,0.9493748,-1.4320775,0.336383,0.8683094,1.4852489,-0.1402949,-0.7460901,-0.67461854,-0.5336202,-2.6673503,-0.16190453,-0.23188388,1.3780756,-1.4249555,1.4162881,0.34071717,-0.14685188,-0.5739703,0.37720254,0.066780806,0.5596751,-1.0809538,1.712011,-0.5134257,-0.5933216,-0.2613666,-0.102693975,-0.9420927,-0.18125132,0.47284588,-1.4733436,-1.7987766,-0.72840893,1.1140025,-0.15184055,-1.0276092,-0.53843457,-1.2988831,-0.24542984,0.10160778,0.7241989,-0.46465153,-0.051848285,-1.0562813,0.24222927,-0.88343966,-0.707885,-0.826577,0.5983767,-0.12751025,0.731063,0.8362726,0.92253506,0.4683036,1.3713298,-0.70931834,-0.9559563,-0.6758615,0.038191807,1.0705001,-0.04420619,-1.2786424,0.28873846,0.37385204,1.6488739,0.41040677,-0.65723073,0.42338705,-0.83012104,0.98307925,-0.48665556,1.3302326,0.79806197,-0.49542198,-0.34223878,-0.79966974,0.1523338,-0.3867764,-1.0130585,-0.18450394,-0.4067033,0.38799226,-0.16157909,-0.17226851,-1.0926536,0.26675445,0.7688516,0.7750727,0.025067318,-0.27134588,-0.31168443,-0.6944927,0.15503141,0.35265487,-0.061407298,-0.28183615,0.025694031,-1.3821036,1.5704135,0.71623135,1.3832556,-1.1374385,0.22610798,-0.3486778,0.2004689,-0.77985346,0.59190667,-0.3854623,-2.1435504,-0.19246972,0.3518951,-0.119535126,-0.23192771,0.3870634,0.28578907,0.64783204,0.24379203,-0.8357955,-0.23501131,0.36600772,1.4209356,0.13197072,1.392665,-0.6697783,0.69971204,0.5269488,0.37389153,0.29449707,0.6272248,0.7913626,-0.7536087,1.3435876,0.99520653,1.1417868,2.5452445,0.85674083,-1.3844247,-1.5250007,0.78391826,-1.6457609,-0.17529395,0.8795179,-0.90969765,2.0030084,-0.52171427,-1.1331235,2.0182316,0.36591107,-0.041349716,-1.3306949,-1.066788,0.7737466,0.66144884,-0.79370534,-0.04238017,-0.4806432,0.12596697,-1.2904489,-0.31089976,0.3568629,-0.0012839675,0.52705985,1.9380316,-0.9050325,0.94330674,0.7482529,0.21032667,0.35260144,0.08889668,-0.922437,0.4384304,0.7320615,-0.45253772,-0.22923625,0.21992967,-0.917052,0.56030047,-0.45260057,0.33190912,0.19023074,-0.036281608,-0.24017814,-0.4170664,0.42180642,0.21893334,1.7279876,0.28521505,-1.3194507,-0.084733404,0.6173201,1.0063264,0.8747114,0.19532257,0.9760586,0.47968465,-0.3765753,-0.15690038,0.24229674,-0.1549149,-0.12561785,1.3119669,-0.62875444,1.0796381,0.2642209,-0.914472,-0.7277682,0.051384307,0.081102416,-0.99924403,-1.2871635,-0.6939027,-1.496383,0.121106304,-0.4843526,0.56080896,-1.3227264,-0.24802724,-0.9653562,0.08695904,0.7800874,-0.6165849,-0.77414006,-0.018901538,-0.50075936,0.1858693,-0.35410395,-0.025767172,0.85840875,0.98413086,-2.1806662,0.7472279,0.27930886,0.7302543,0.82442033,0.18743685,1.554364,0.21479206,0.4376324,-1.0131382,0.66437495,0.8231567,-1.5380814,0.751967,-0.24784224,-0.07740618,0.58661544,-1.5074298,-0.40951023,-0.26099783,0.38308606,0.022650784,-1.2824876,1.7427238,-1.812352,1.3518378,-1.3407552,-0.49740696,-0.6524793,-0.97313607,-2.0390544,1.4425417,0.3832068,0.15256539,0.32258087,-0.16383958,0.05836124,0.58504707,0.5791098,0.9234172,-0.39264894,0.91840935,-0.29026526,-1.6902227,0.5878347,0.8394395,-1.4003694,-1.4814506,-1.403343,0.242268,0.961532,-0.38522714,-0.22809117,0.72497153,0.08170546,1.042645,-0.7042664,0.2575318,0.23565641,-0.24632482,1.0659002,0.22528358,1.9075336,-0.7451192,-0.6370858,0.8995738,-2.402619,-0.01935851,-1.0683712,1.6546423,0.6851495,-0.27339858,-0.0052791596,0.6165899,-0.8906232,-0.65657175,0.34989816,-0.1426728,1.3410039,0.69759333,-0.3168875,1.5768285,0.28487945,0.28375977,-0.75039166,-0.15587385,1.7885422,-0.13051099,-0.58577615,-0.52733546,-0.61565053,-0.344564,-0.09369076,-0.11885282,-0.2998884,0.31392545,0.9085266,1.1443902,-1.7694565,-0.674738,-0.5608955,0.11141068,1.2049187,1.7026443,1.4458439,0.28128195,-1.1152132,-1.9311798,0.48234168,0.90137595,-0.31482467,0.85173684,-1.1270835,0.1330029,0.45707297,-0.7049473,-0.35104558,-1.4087075,1.634486,0.69433784,0.6488502,1.7743213,-0.732161,-1.0779917,-0.2630783,0.9717401,0.28094468,-0.73771155,-0.4341387,0.7832672,-0.21737993,1.0804851,0.7168392,-0.023486685,-0.42303818,0.33831373,0.4312326,0.6164707,-0.8692506,-1.199181,0.16826952,0.54612434,-1.3913326,-0.671197,0.3684733,-2.0943608,0.2457706,-0.56514776,-0.07719297,0.0035193146,-0.45020947,-0.47994322,-0.6037396,-0.15044513,-1.6807553,-1.2243984,0.32298565,-0.88417375,-1.5712858,1.0559273,1.527902,-1.6341835,0.5401753,0.47240958,-0.23041825,1.0237068,-0.08803584,-0.77923334,0.4824861,-0.15827462,0.06604858,-0.64031667,-0.97498655,-0.67170227,-0.2539758,-1.1122504,-0.8700086,0.35051095,1.0065799,-1.548213,-0.56504506,-0.27439404,-0.46431112,0.62477076,0.6690555,-0.03222382,-0.10096719,-0.6494143,-0.46330205,-0.0012517929,0.6760692,-0.0070341765,0.37003207,0.416077,0.32808462,0.40434876,1.3883444,0.40459633,0.032883912,0.71179515,0.44727716,-1.068737,0.4832638,-0.37155375,-0.760749,0.72868156,-1.3686216,-0.94427615,1.9515909,0.0053147613,-1.3900607,-0.80796975,-0.12228644,0.46115923,0.24854438,0.5458852,0.50159305,1.3483322,0.5114018,1.9932129,-0.23887484,-1.2057116,-0.16134365,-0.16315563,-0.9518895,-0.86700267,0.54101944,0.91340077,2.8023765,-0.7438177,-0.06189381,1.1103536,-0.60825175,-1.2371789,0.5038696,-0.112320505,-0.8644581,-0.19406605,0.580855,-0.61184186,0.037141614,-1.5853198,-0.50965834,0.5619253,0.65243524,-0.28380594,-0.07538633,0.0867879,0.19654404,-0.77392024,0.69330996,1.6393245,0.70893323,0.0010348186,-0.9687788,-0.014693359,-0.71491855,-1.8021313,-0.13223669,-0.12964502,-0.51316994,0.005176246,-0.9762514,-0.31733036,-1.0570469,-0.39899078,1.320239,-0.22403868,-0.11175321,-0.4858412,-0.62434655,1.9007162,-0.622564,-0.07887153,0.658682,1.1971309,-1.6194912,0.2473369,-0.43088096,0.8939396,-0.31356564,0.41520748,0.39032704,0.74985343,-0.6334017,1.6546726,-0.3239965,-0.7268278,0.07372267,0.5628407,0.24008203,0.11036386,-2.4862652,0.6359567,-1.5700946,-1.5992055,-0.06725156,0.9354323,-0.73807985,0.3932818,-0.0574585,0.96702397,0.50121933,-0.7071568,0.7904737,2.1012912,-0.3320457,-0.46248,0.8962056,0.4709506,-1.0136302,0.20565557,2.5066688,0.45855325,1.5584137,-0.7335557,-0.39277956,-0.033038877,-0.43173724,-0.5852562,-0.3765275,-0.6101607,-0.35261744,0.80748975,-0.5300725,0.7960371,-1.3746743,-0.35639608,0.70965004,-0.9833255,-0.64558256,0.69580704,-0.40697044,-1.4320157,-1.5078974,0.51122653,1.369926,-0.3473673,-0.047966562,0.6647957,1.2165457,0.66958505,-0.5209322,-0.4390834,0.42245817,1.294515,0.8811223,-1.0451338,-1.1830782,0.5392387,1.5123488,-1.5500541,0.5195263,-0.69894636,-0.29463917,-1.5814726,1.212827,0.5417557,-0.14501771,1.1678197,0.5681915,0.111011386,0.40974617,-0.757624,-0.14569373,-0.36974502,-0.8154529,0.13429347,-0.24299042,-0.7487189,0.062334858,-1.1706522,-0.22266892,0.20166877,0.73277676,-1.3949589,-0.026907813,-0.62600887,0.45797578,0.0394035,-0.50966495,-0.22607493,0.24870172,-0.83881253,1.8855358,1.0758936,-0.24300024,-1.8138716,0.34387967,0.85116404,0.30910924,-0.66520005,0.7012288,0.4109373,-1.2027315,-0.6668381,-1.363087,-0.4521575,0.17488477,1.1938598,-0.7376116,0.40832692,-1.0613954,0.8819295,0.08382438,-0.52802324,0.7027572,-0.22840996,-1.0472867,2.0321033,1.020995,0.30867162,0.047855426,1.1228373,0.6831726,-0.17431906,-0.49937811,-1.2817147,0.8370488,1.383528,0.6302346,-1.2688903,0.26679924,0.1381602,-0.36705634,1.8594557,-0.280027,-0.57435256,-0.5937609,-0.21673329,-0.27511245,0.0048877,-0.84758186,-0.19308789,-1.6856655,-0.14027463,-0.53883994,-0.35294524,0.35750672,-0.7072115,0.5905277,0.3676951,0.99036235,1.0740209,1.0105699,0.9038755,-0.25595704,0.35255063,-0.99273074,-0.3621962,0.44864684,-0.74958295,0.4167723,0.77573603,0.9169828,1.5567329,0.22854242,-0.5298764,0.1299984,0.120088086,0.03586188,0.21429744,-0.55528104,-0.32790536,0.35760766,0.18516617,0.3619918,-1.2608664,-0.23409827,-0.04712247,0.9944954,0.1686767,0.28800786,0.33381277,0.12526841,1.7125804,0.15715662,-0.6528597,0.0
ワ,0.2413127571344375,0.1787703335285186,0.4631074070930481,-0.2309708595275879,0.2003732621669769,0.277688056230545,0.122989721596241,0.308803528547287,-0.009906692430377,-0.619081437587738,0.7028918266296387,-0.3670854270458221,-0.6940755248069763,0.2042390406131744,0.3712596893310547,-0.3850686252117157,0.0479442365467548,-0.0029694295953959,-0.0235241279006004,-0.6805608868598938,-0.7096894383430481,-0.3323213160037994,0.133449524641037,0.3075015842914581,-0.0579979717731475,-0.3176624774932861,0.2532162666320801,0.3636884987354278,-0.06850615888834,0.0407397486269474,-0.3937130868434906,-0.2223573923110962,0.1632612198591232,0.0832343325018882,-0.0201122909784317,0.4200762808322906,-0.0385860241949558,-0.0719058960676193,-0.1453847140073776,-0.0582923367619514,0.0135667948052287,-0.1084998920559883,-0.4628358781337738,-0.1235483288764953,0.0751526281237602,0.5497376322746277,0.2003061473369598,0.1607071906328201,0.6362603902816772,0.1629896461963653,-0.1024657636880874,0.2144966721534729,0.3965997397899627,-0.1590530276298523,0.2973221242427826,-0.1747583895921707,0.4911096692085266,-0.2990573942661285,-0.181793212890625,-0.0168553367257118,-0.1853495240211486,-0.18560691177845,0.1348696798086166,-0.1999842971563339,-0.0588796064257621,-0.5896822214126587,0.2047021836042404,-0.1098772808909416,-0.2945514619350433,-0.8377299904823303,-0.4084526896476745,0.0486794635653495,0.1980382204055786,-0.3737556040287018,0.6239222884178162,-0.4078696072101593,0.3511313796043396,0.1782393455505371,-0.0216964837163686,0.0487788133323192,0.0719891414046287,0.4078477323055267,0.0116257676854729,-0.4409614205360412,0.4782087206840515,-0.0275317933410406,-0.2514725029468536,-0.7447549104690552,0.2051654756069183,-0.3792103826999664,-0.1349472403526306,-0.0864250659942627,0.7027817964553833,0.0751868039369583,-0.0480694435536861,-0.092638686299324,0.0666812807321548,-0.296792209148407,-0.1828226745128631,0.4300658702850342,0.1845071017742157,0.2618727385997772,0.3073272109031677,-0.108279675245285,-0.1922115236520767,0.051080334931612,-0.2113365679979324,0.1311621814966201,0.1733545213937759,-0.1695635020732879,-0.0520379804074764,-0.4638365507125854,-0.7414183020591736,0.243459939956665,-0.2268925160169601,-0.0013846431393176,-0.0529135353863239,0.2848470211029053,-0.6557327508926392,0.5488384366035461,0.4753878116607666,0.4563406705856323,0.0971252173185348,-0.2150113582611084,-0.1586046665906906,0.3361483812332153,-0.1139255836606025,-0.1999377310276031,-0.1110959947109222,-0.1130072101950645,-0.624144971370697,0.1062829121947288,-0.1758894622325897,0.0410359315574169,-0.0410412959754467,0.6244069337844849,0.232682392001152,-0.3461590707302093,-0.2464451789855957,-0.4861814081668854,-0.039217859506607,-0.4130640625953674,0.2633273899555206,-0.3577988147735595,-0.2995397448539734,0.4134209454059601,-0.3359703719615936,-0.6493031978607178,0.5211266875267029,0.313008189201355,-0.2839158177375793,0.7572974562644958,-0.5182087421417236,-0.06156961992383,0.1027121022343635,0.017388368025422,-0.5008480548858643,0.0049629779532551,-0.2358529269695282,0.1593533754348755,0.0162526108324527,-0.3121871650218963,0.1381345838308334,0.7075648903846741,-0.035793200135231,0.2624489068984985,0.4848371744155884,0.3598402142524719,-0.1327529996633529,0.3693170547485351,0.173502579331398,0.3283210694789886,0.1605433970689773,-0.1474442332983017,0.2038976699113845,0.4113959968090057,0.1904880404472351,0.1232999190688133,0.1739604622125625,-0.6162610054016113,-0.1287829428911209,-0.5904178023338318,-0.2561262249946594,-0.4298394918441772,0.0668615847826004,-0.0496128797531127,0.1180369034409523,-0.0869859009981155,-0.009336482733488,-0.6274248361587524,0.1896704584360122,-0.3846854865550995,0.0583632625639438,-0.341237872838974,-0.0775578394532203,-0.1159388944506645,-0.1863009631633758,-0.1251313388347625,-0.1304588466882705,0.6321461200714111,0.0707256495952606,0.2466509938240051,-0.1562853902578354,-0.2597391903400421,-0.9400139451026917,-0.2574775516986847,0.3049747347831726,0.2313425093889236,0.5142185688018799,0.2665613889694214,-0.276700347661972,0.5655514597892761,0.2455798685550689,0.1894823908805847,0.1442545801401138,0.4631680250167846,-0.4667972028255462,-0.4875037968158722,0.3424248993396759,-0.045272622257471,0.2025156915187835,-0.1735217124223709,0.4550232887268066,0.1352211833000183,0.1277494728565216,0.3906180262565613,0.3952604830265045,-0.0449961349368095,-0.2838775217533111,0.581055760383606,-0.2730138301849365,-0.3001729249954223,-0.5723670125007629,-0.2318571507930755,-0.7001567482948303,-0.1541214883327484,-0.3089911937713623,0.3295716643333435,-0.3614890575408935,0.0553109087049961,0.2006274759769439,-0.2713775038719177,-0.0228559263050556,-0.3499003052711487,0.1026369631290435,0.018752571195364,-0.0759266689419746,0.0073384214192628,-0.1255257278680801,0.0043984237127006,-0.5807868242263794,-0.5806497931480408,0.0001522223901702,-0.5368183851242065,0.3955245316028595,0.3873147368431091,0.5032966732978821,-0.1842720657587051,0.1282427310943603,-0.6778523921966553,-0.097983032464981,-0.6286552548408508,-0.2052749395370483,-0.3768730163574219,0.0444958433508873,0.060356218367815,-0.1927465051412582,-0.4949775636196136,-0.3392795324325561,-0.273395836353302,-0.0742387548089027,-0.2183254659175872,-0.1790715306997299,0.2235536277294159,0.0046378392726182,0.0427511520683765,-0.5416058897972107,0.2387636601924896,-0.132682591676712,0.3067868947982788,-0.62679123878479,0.1875622719526291,-0.6922306418418884,0.41200852394104,0.1021604314446449,-0.2388453632593155,-0.2053805440664291,-0.6097872853279114,-0.1929580569267273,0.3759879171848297,0.1185566857457161,-0.3626678884029388,-0.5758072733879089,0.1323152780532837,-0.1763930320739746,-0.0173126719892025,0.0449931807816028,0.3379239737987518,0.3768601715564728,0.1699140965938568,0.1931411623954773,0.4403726756572723,0.0646395236253738,-0.2482482194900512,-0.2538265883922577,-0.3352954089641571,-0.3866178095340729,-0.1763036847114563,0.4713699221611023,-0.3018929064273834,-0.1224082186818122,0.684111475944519,-0.2768462002277374,0.3288931250572204,0.2130254954099655,0.2835222780704498,-1.904072999954224,0.1054731979966163,0.3875754475593567,0.0553796254098415,-0.1157830283045768,0.6769788265228271,0.193166971206665,0.2563250958919525,-0.5997396111488342,-0.5158461928367615,0.6794787645339966,0.4471501111984253,-0.1428871601819992,-0.031478077173233,0.4068558514118194,-0.15891133248806,-0.0096568493172526,-0.7697862982749939,0.1979604065418243,0.3812753856182098,0.1119302734732627,-0.1508769989013672,0.092798575758934,-0.2917239964008331,0.0856456458568573,0.0926432013511657,0.1707013547420501,0.5206187963485718,-0.743687093257904,-0.0502448417246341,0.0522429123520851,0.8600127696990967,0.8047516942024231,0.4540750682353973,0.0550342835485935,-0.2378327548503875,0.2510644495487213,0.7954850196838379,0.4641810953617096,-0.1454514563083648,0.0224768798798322,-0.1577703207731247,0.5330590605735779,0.2399826198816299,-0.1744367033243179,-0.0078560700640082,0.2891948521137237,0.2068371325731277,-0.1853278279304504,0.6378749012947083,0.7026211023330688,0.1643740087747573,0.2274199575185775,0.1122594624757766,1.0803776979446411,0.0167354959994554,-0.1720712631940841,-0.6439107656478882,-0.0693342164158821,-0.3772121667861938,0.0281704869121313,0.0341115146875381,0.1204939261078834,0.3888536691665649,-0.26344895362854,0.2356073856353759,0.1882521957159042,-0.141860157251358,0.3511867523193359,-0.5903806090354919,-0.4722960591316223,-0.1884626150131225,0.0787147358059883,-0.7799350619316101,0.4340822100639343,0.3551900088787079,0.4194347858428955,-0.1693917661905288,-0.418043315410614,0.0821450799703598,-0.1838152557611465,-0.1405083686113357,-0.1368604600429535,0.2683771848678589,0.0035926848649978,-0.3261288106441498,0.1754208654165268,-0.4795490205287933,-0.4578913748264313,-0.0307402648031711,-0.9618868231773376,-0.1040217950940132,-0.1706620752811432,0.563137412071228,-0.1736572682857513,-0.0861991345882415,0.1741252243518829,-0.0278803668916225,-0.1509958058595657,-0.1282553821802139,-0.5938723683357239,0.4089792668819427,0.0829112455248832,0.1023548021912574,0.3406684398651123,0.322893887758255,0.223098412156105,0.3688583970069885,-0.5460566282272339,0.0554232895374298,-0.6036502718925476,-0.3188444375991821,0.6694896221160889,-0.1693537682294845,0.2791080772876739,0.0025752088986337,-0.1787163913249969,0.542557954788208,-0.2638455331325531,-0.5683379173278809,-0.1815653145313263,0.6087106466293335,0.0767980962991714,0.6428160071372986,0.3767095804214477,0.7915942072868347,-0.1173194795846939,0.4403795003890991,-0.0117283333092927,-0.0706030502915382,0.4441592097282409,-0.6632746458053589,0.086125947535038,-0.0458831451833248,0.1410325169563293,0.4225548207759857,0.2312281280755996,0.1681516319513321,0.2723524868488312,0.204196348786354,-0.1137217283248901,0.2081228494644165,0.2457365095615387,0.4334879219532013,-0.3478754460811615,-0.6161081194877625,-0.3627859354019165,0.0360947698354721,-0.4686858057975769,-0.1440361589193344,0.6839170455932617,-0.0683362036943435,0.0923455953598022,-0.230743795633316,-0.726019024848938,-0.4816818833351135,-0.4784334897994995,-0.2105551660060882,0.0735890418291091,0.4203126728534698,0.572357177734375,0.0075897825881838,-0.9132795929908752,0.3101041913032532,0.1929487884044647,0.4606478214263916,0.1261327117681503,-0.2455170452594757,-0.1573473215103149,0.0669548138976097,-0.0716644003987312,-0.1940649151802063,0.1808452606201172,0.0132692204788327,-0.0506711341440677,-0.4842084348201751,0.1540281176567077,-0.2623700499534607,0.147505834698677,-0.2539973258972168,0.5185579657554626,0.1032202765345573,-0.7609311938285828,-0.3099862039089203,0.1274624466896057,-0.2596737444400787,-0.130606472492218,-0.6116222143173218,0.1900205761194229,-0.3813090324401855,-0.1310446858406067,0.289544016122818,0.5359349846839905,-0.292400449514389,-0.1346074938774109,0.3891332149505615,0.569875955581665,-0.0460829734802246,0.0397218838334083,-0.0701807290315628,-0.2849186658859253,-0.1758468896150589,0.042526826262474,-0.1490150094032287,-0.1989455670118332,-0.0196695402264595,-0.7796398997306824,-0.2522390782833099,0.0596350096166133,-0.8661103248596191,0.6774477958679199,0.1855203956365585,0.5301793217658997,-0.5003162026405334,-0.0892804190516471,-0.2446640431880951,-0.055185467004776,-0.0067036617547273,0.4187356233596802,-0.0389188192784786,-0.7822460532188416,-0.0678139701485633,-0.4740712940692901,-0.4957434237003326,0.4799340665340423,0.3959895372390747,-0.403847336769104,0.0971675738692283,0.3388460874557495,-0.2263126224279403,-0.14765365421772,0.0829782858490943,-0.1345392167568206,0.1110608279705047,0.2892637252807617,0.0348658375442028,0.2147877961397171,0.2842249870300293,-0.3344732522964477,0.1853161603212356,0.2598049938678741,0.6585676670074463,0.2961028516292572,-0.0005682099144905,0.0101207103580236,-0.0323925204575061,-0.557614266872406,0.4538787305355072,0.2717209458351135,0.5444968938827515,-0.3912653625011444,0.6192585825920105,0.6213282346725464,-0.4582399129867553,0.3543581068515777,0.6622916460037231,0.4146571457386017,0.3334271311759949,-0.0352933555841445,-0.0612291432917118,-0.7317131757736206,0.2767074108123779,-0.030510202050209,0.2554322183132171,-0.0355859622359275,-0.03243850171566,-0.1068602353334426,-0.2455630004405975,0.0175148211419582,0.3637334406375885,0.3277826011180877,0.1446813493967056,0.3021716773509979,-0.377583771944046,0.4751031100749969,0.4331249892711639,0.0210160855203866,-0.1459994614124298,0.2460961192846298,0.3802261054515838,0.6374589800834656,0.0314390994608402,0.3572412133216858,-0.2072588503360748,-1.0218791961669922,0.0856554731726646,0.0102315852418541,0.3644465208053589,0.5951054692268372,-0.5780338048934937,-0.2023299187421798,0.1860213130712509,0.5037203431129456,-0.2873859405517578,-0.0941149368882179,-0.4399446547031402,0.1732430458068847,0.2615323066711426,-0.1303068548440933,0.0727578476071357,0.1291072368621826,0.3212997913360595,-0.1634944677352905,0.1456749439239502,0.2130679488182068,0.7299164533615112,0.1362379342317581,0.0912676230072975,0.0425005368888378,-0.2699767649173736,-0.4450969099998474,0.0519218407571315,0.0658692419528961,-0.3387294709682464,-0.4071281552314758,0.0378243289887905,-0.3907216489315033,0.1473091691732406,-0.2990520000457763,0.2549092173576355,0.3078309893608093,0.057633202522993,-0.0366539470851421,-0.4790743589401245,-0.0632993876934051,-0.0242817495018243,-0.7737974524497986,0.0951301604509353,-0.2579847872257232,0.1720798462629318,-0.2192899286746978,0.0213155206292867,-0.4729840755462646,-0.2633458077907562,-0.367784172296524,0.5505667924880981,-0.1218723282217979,-0.4214291572570801,0.4173358082771301,0.3114523291587829,-0.1264443844556808,-0.9922773838043212,0.3278978765010834,0.3606756329536438,0.5684622526168823,-0.2312356829643249,0.509494423866272,-0.3745315074920654,0.2229006588459015,0.1008925884962081,-0.4160842299461365,0.5262504816055298,-10.464190483093262,-0.4213390946388244,-0.4990895688533783,-0.2991828024387359,-0.523726224899292,0.3393937647342682,0.6275897026062012,0.3310806453227997,-0.4008956253528595,0.1503154784440994,0.0772168710827827,0.4325231611728668,0.3527701199054718,0.3085150718688965,-0.5929360389709473,0.1288890391588211,-0.3219438791275024,-0.482525885105133,0.0016949117416515,-0.2160532176494598,0.1131066754460334,-0.6644826531410217,0.5310324430465698,0.5345878601074219,0.1479681879281997,-0.1676557660102844,-0.139973372220993,0.4004792869091034,-0.031229430809617,0.2987416684627533,-0.8072220683097839,0.4482598602771759,-0.1692170053720474,0.4520938098430633,-0.2333208620548248,0.0534967370331287,-0.2512939572334289,0.5023176074028015,0.0249905418604612,0.3453520238399505,0.3133562207221985,0.4285598397254944,0.0775187611579895,-0.117707647383213,-0.2019536346197128,0.3702673316001892,0.1418785601854324,0.3137893378734588,0.5656222105026245,-0.0047943969257175,0.0482669658958911,-0.1866386830806732,-0.2593395709991455,-0.3541021943092346,0.2779557704925537,-0.0045330733992159,0.7600528597831726,-0.7735229134559631,-0.0309431999921798,0.1052391529083252,0.3330523669719696,-0.145843043923378,0.9523369073867798,0.8970859050750732,0.2635754644870758,0.160239428281784,0.4378549754619598,0.3983334004878998,-0.3247032165527344,-0.1075038537383079,0.3310868144035339,0.5564315915107727,-0.0966658219695091,0.2015350461006164,0.1424711048603058,0.7568235397338867,0.0272642467170953,-0.2367813438177108,0.2114190310239792,-0.2960522174835205,0.4381178021430969,-0.1655402332544326,-0.2865816056728363,0.1388946920633316,-0.6065528392791748,0.2488703578710556,0.0686032027006149,0.3074870109558105,0.1111298725008964,-0.5870758891105652,0.4450457394123077,-0.1704249233007431,-0.2904482185840606,0.4092161357402801,0.2255211770534515,-0.2218035459518432,-0.1488069295883178,0.3035394251346588,0.3374594748020172,0.0487138368189334,-1.0255865,-0.77345884,0.68934315,1.9166224,-1.0059991,-0.58621037,-1.1005187,0.1447229,1.3605046,-0.65384257,0.18186805,0.20077455,-1.4447659,1.8354647,-0.71067345,0.24931183,0.5601046,-0.88019186,-0.10755558,-0.18890554,0.8344241,0.40175122,0.7588149,-0.46589872,0.57914424,0.701722,0.66889364,-0.8786152,-0.6101852,-0.82226574,-0.25913948,-0.9390757,-0.5705982,-1.1148438,0.047403984,-1.2200375,-1.0419796,1.4947513,0.12901023,-0.95078045,-0.8529304,0.33128577,-0.13197476,0.39043367,-1.1662141,-0.19783977,1.8752666,-0.6865303,0.7956362,-1.007346,-0.4536157,-0.69316757,-0.13120162,0.66788685,0.9805657,-0.60416025,1.0757947,0.6716062,-0.118937075,-0.6036493,0.50563484,1.0362595,-1.3277206,0.2475686,0.84579825,1.3000702,-0.0044171102,-0.5940845,-0.62144834,-0.3499862,-2.3926985,-0.43498954,0.1619779,1.0718484,-0.9307986,0.6603339,0.1109363,-0.08264187,0.0785635,0.02748428,-0.09706965,0.20664945,-1.1660172,1.5596638,-0.83588624,-0.29518446,-0.61297756,0.30868283,-1.5488905,0.17488499,0.1736779,-1.3723423,-1.7343104,-1.0954884,0.6627924,-0.0546378,-0.41707265,0.04843594,-1.342474,0.13191724,0.0074309297,0.65799195,-0.41823336,-0.2555516,-1.2820315,-0.009143356,-0.8957965,-0.6148448,-0.7430568,0.9275138,0.20201658,0.5530744,0.94332033,1.6380558,0.82502246,1.2682004,-0.6644514,-1.0110476,0.012480989,0.12613332,1.1586004,-0.3007732,-1.1094294,0.12798752,0.44192946,1.5377887,0.37183422,-0.78742033,0.9301431,-0.25336614,0.59611434,-0.7044866,1.3476108,0.8794951,-0.53209674,-0.5041899,-0.70857435,-0.09671855,-0.039456517,-0.72527236,-0.7911855,-0.2579122,-0.3830268,-0.22092403,0.35081214,-1.7256188,0.049987167,1.2688024,0.8070398,0.13119829,0.21947007,-0.7619973,-0.74138427,0.319802,0.71870625,-0.31530154,0.04095781,-0.18989797,-1.4390764,1.5275176,0.7575815,1.2829654,-0.80647105,0.44071388,0.04509858,0.33518758,-0.4810506,0.5355631,-0.4459461,-1.9117985,-0.4414898,-0.3246438,0.65645605,-0.28258288,0.42667967,-0.111022204,0.85406905,0.4414805,-0.512009,-0.110433064,1.1771886,1.184417,0.22453862,1.178312,-0.1013409,0.8582059,0.7122678,0.5252246,0.013753168,0.32217547,0.8180111,-0.24939989,0.8099721,1.2547202,1.2331209,2.2551966,0.43760467,-1.3434244,-1.1847547,0.41393077,-1.9275922,-0.043782562,0.43702525,-0.48512834,1.6369412,-0.849845,-1.0712031,1.7991977,0.36779925,0.26741958,-1.5527233,-1.1988539,0.6110892,0.6048933,-0.61120427,-0.27475968,-0.9599185,0.21646613,-0.5751996,-0.24715388,0.3372963,0.35742256,0.40670684,1.3051497,-0.99126387,0.52370244,0.55222636,0.5235468,0.892612,0.13925709,-1.1557262,0.18230528,0.41938743,-0.7400379,-0.10358316,0.5105431,-0.7952766,0.7788221,-0.31876397,0.20069501,-0.0025432557,-1.1422068,-0.10326172,-0.29684868,0.3659373,0.95720714,1.6949389,0.067446604,-1.0563202,-0.17204942,0.450615,0.8990149,0.3987339,0.12807389,0.9898745,0.5617031,-0.5614575,0.25508034,-0.45096523,-0.302138,-0.21063417,0.7333765,-0.71309924,0.92194533,0.7140887,-0.4512903,-0.22227375,0.007679659,-0.041987494,-1.026533,-1.1267949,-1.0260104,-1.083298,0.1568899,-0.30700126,0.22425446,-1.1161938,-0.81830806,-1.3285123,-0.45397782,0.702886,-0.9939477,-0.49491268,0.34247,-0.31608695,0.54603547,-0.31916803,-0.26295793,0.34545222,1.1649896,-1.3845156,0.75781125,0.41622066,0.5735567,1.1336663,-0.13733208,1.2329279,-0.093035035,0.1556527,-1.3130285,0.15199693,0.97130126,-1.4909229,0.68522114,-0.20043497,-0.22486745,0.9238562,-1.4891083,-0.53692967,-0.1052216,0.22679695,-0.2969893,-1.5870004,1.5008203,-1.7314626,1.1845933,-1.6821734,-0.85621023,-0.24784671,-0.1956488,-1.332465,1.392668,0.4509138,0.41662154,1.0084612,0.2173394,-0.225565,0.52918917,1.0258627,0.27803677,-0.41628462,0.8235987,-0.74621975,-1.2420821,1.0165073,1.0449867,-1.1474168,-1.3911436,-1.1700398,-0.024146704,0.55546856,-0.6440662,-0.14453782,0.9096758,-0.030822337,0.8137791,-1.2015574,0.1687577,-0.4305993,-1.0226628,1.5877231,0.2934774,1.7135572,-0.8648638,-0.02503167,1.06081,-2.0064857,-0.46188658,-0.51037204,1.7404901,0.49869406,0.3072403,0.6060721,-0.11865685,-0.47246078,-0.6617516,0.42660263,0.21248277,1.8846363,0.63227814,-0.45192927,1.3253642,0.23479262,0.66679525,-0.6920933,-0.2161221,1.4480935,-0.11111808,-0.6868611,-0.4550692,-0.2023073,-0.08145378,0.02133473,0.18619567,-0.12156915,-0.19475192,0.52520144,1.0577602,-1.360283,-0.96230257,-1.0257347,0.33074296,1.254012,1.4791054,1.5681385,-0.28049883,-1.1100777,-2.2387497,0.38686097,0.8389257,-0.02014224,0.36471748,-1.6841799,0.27274275,0.20417291,-0.17336848,-0.6547521,-2.0500653,1.8828437,0.46021834,0.26903072,1.8002709,-0.831534,-1.1256537,-0.29491067,0.8918818,0.6125493,-1.1000553,-0.617966,0.58035463,-1.1202588,1.0116565,0.1663821,0.14512035,0.5168878,0.022121351,1.0272408,0.3844785,-0.6094435,-0.92852306,-0.11901818,0.44012496,-1.0122226,-0.73238724,0.51994026,-1.605611,0.8835336,-0.56753504,-0.30559522,0.18546113,-0.3943895,-0.2576449,-0.8533633,-0.21972676,-1.3350909,-1.3351243,-0.13357998,-1.2862732,-1.667703,1.2717345,1.4520649,-1.134758,0.05846282,0.37101343,0.20818956,0.79246604,-0.18213207,-0.08492929,0.47637206,-0.27680278,-0.19780427,-0.5743406,-1.3207711,-0.8842148,0.054509223,-1.2267629,-1.1887628,1.0280125,1.0707943,-1.9342442,-0.6963923,-0.2362391,-0.4550053,0.6583571,0.48669338,0.3879155,-0.11834255,-0.48633382,-0.07979598,-0.13451286,0.8486011,-0.17375523,-0.19189012,0.6492451,0.04382488,-0.27138165,1.151854,0.44374952,0.37916207,0.835744,0.22724621,-1.0570563,0.37843847,-0.10430432,0.030079395,0.74560326,-1.7207091,-1.2172017,1.8729991,-0.73882025,-1.4175341,-0.39647838,-0.021032788,0.01893707,0.47355646,0.2079889,1.4243308,1.1899443,0.87457645,1.9438391,-0.80409616,-0.6983381,-0.42377144,0.16777073,-0.68984014,-0.65460837,0.3397443,0.7647808,2.1389556,-0.5445007,-0.02490899,0.8163676,-0.8486189,-0.7418967,0.44503495,-0.12083841,-0.4157006,-0.46590284,-0.195673,-0.5979019,-0.027009677,-1.6870509,-0.4640516,0.23327199,0.8691187,-0.51897335,0.16991839,0.41843665,0.24069956,-0.96054184,0.59640974,1.2098356,0.85942984,-0.13116762,-1.1878488,-0.0039252117,-0.9184313,-1.590415,-0.23483196,-0.5463991,-0.3614446,-0.20585622,-0.79281497,-0.18565813,-1.3384686,-0.17159453,1.4519295,0.2667382,-0.08175667,-0.016404983,-0.54749185,1.8154073,-1.0712745,-0.37999555,1.0712632,0.7611202,-1.265829,0.25085044,-0.8565723,-0.09795912,-0.68555987,0.6582152,0.7497753,0.4935772,-0.5337575,1.4910551,-0.2955143,-0.5727602,0.15680541,0.5451325,-0.04773004,0.5267195,-2.2174993,0.92829293,-1.1467601,-1.2186176,-0.3121846,0.78089505,-0.42904645,-0.33158672,-0.34581593,0.43028432,0.6892451,-0.77895373,0.53503656,1.5754424,-0.590477,-0.5832899,1.3847623,0.14061637,-0.6927889,0.26481533,2.4941254,0.59195095,1.5970675,-0.85847473,-0.34223408,0.22346142,-0.124524795,-0.529076,-0.3158596,-0.27135995,0.00192675,0.6499601,-0.38544133,0.6455986,-1.0622135,-0.5446688,1.0156733,-1.3266393,-0.056988988,0.54333735,-0.7264141,-1.5023291,-1.0149087,1.0597614,1.1402436,-0.3979175,0.13961057,0.90311444,1.7096813,0.7234142,-0.17584987,-0.19944838,0.58625567,1.266355,0.7450976,-0.602914,-1.0158359,0.6494637,1.3529649,-1.1475258,0.9272138,-0.69504493,-0.14255658,-1.3584497,0.9094674,0.31146434,-0.06261809,1.1181842,0.38995343,0.19116811,0.29287478,-0.1928567,-0.1235818,-0.51677376,-0.21058355,0.088396505,0.00027945638,-1.1017944,0.032278404,-1.1518861,0.12680247,0.17028797,1.031891,-0.6455735,0.541976,0.075996466,1.063485,0.34295756,-0.40745014,-0.5816027,-0.43964297,-0.6464708,1.4649488,1.0801387,-0.13558799,-1.9230934,0.26761603,0.89067245,0.6641906,-1.1282223,0.1440185,-0.114179574,-0.7755792,-0.07799181,-1.19026,-0.638279,0.43161488,1.253822,-0.53576666,0.61897993,-1.6643968,1.0277585,0.14997965,-0.87134564,0.3500957,0.1389368,-0.9026538,1.7302494,1.286463,-0.04012678,0.094517514,0.98207146,1.1917255,-0.24288519,-0.05076236,-1.3886765,1.1362451,1.3577398,0.39854223,-1.1059672,0.09167029,0.20881861,0.07202328,1.9837542,-0.4243935,-0.20314318,-0.42110488,-0.54695654,-1.1940124,0.036474522,-0.6790266,-0.3176164,-1.4909788,0.2944383,-0.8015195,0.052657917,0.63703066,-0.89367944,0.14679623,0.21765193,1.119547,0.88712716,0.36123154,0.38205785,-0.89787453,0.5568308,-0.40552688,-0.37819123,0.44130066,-0.68323386,0.16877145,0.32368952,1.064389,1.941406,0.85443074,-0.17884764,0.1931832,0.3851446,-0.13585141,0.7131423,-0.39067703,-0.5324379,0.32876623,0.31426302,0.47605208,-1.118118,0.11104561,-0.00096354634,0.7703573,0.5848375,0.6489323,0.092199326,0.56351,1.6325724,0.744302,-0.21630134,-0.6385568,-1.0023216,-0.052634977,0.6650677,-0.77047986,-0.95666504,-1.4294109,0.25210795,1.7380832,0.70732,0.19962093,-0.29831427,-0.92675555,2.4853,-0.40003967,0.1366575,0.24476817,-0.83594024,1.0219824,-0.16621889,0.14482765,0.50406355,0.60615015,-0.8608173,0.6505675,1.0078517,0.7464221,-0.51058424,-0.8041806,-1.2564957,-0.3414325,-0.4420156,-0.8599682,0.12958226,0.6380626,-1.3195212,-1.2142423,2.0309362,-0.015135145,-0.63760453,-0.7871975,0.9791004,0.31678954,-0.08199178,-0.6854116,-0.5443878,1.518927,-0.022254992,1.1392999,-0.42173776,-1.078117,-0.42996207,-0.119141914,0.46984568,0.35177588,-0.35554975,1.333962,1.1781167,0.35027838,-0.37640625,0.15653384,1.3179251,-0.6069089,-0.19922817,-0.08824293,0.59247637,-0.041110866,-0.2874654,0.06645393,0.27648002,-2.6864405,-1.1355441,-0.88218004,2.1726928,-1.8623575,0.8636053,-0.2641928,-1.4480059,0.18264604,-0.5771232,0.41941404,-0.35623783,-1.381231,1.8248444,-1.0677551,-1.1769459,-0.33604565,-0.6333832,-0.48489493,-0.12565538,-0.8363339,-1.8743565,-1.0917801,-1.2727503,1.2667558,0.89078206,-0.71191484,-1.1169173,-1.249326,0.11209066,-0.12415089,1.3506767,0.764849,-0.1557558,-0.6237029,-1.0599878,-0.76475084,-0.55496895,-0.8680275,0.7844981,0.23307976,0.27075976,0.6462749,1.2038848,0.73717105,0.61169285,-1.5286465,-0.1837295,-0.36168826,0.5352067,1.0533394,0.7492862,-0.107693754,1.0717919,-0.083341196,0.8609519,0.33524653,-0.6498526,0.26707426,0.4310665,0.6558107,1.0629013,2.2298417,0.2617943,-0.58613825,-0.67979443,-0.3387016,-0.05173651,0.6786695,-1.2903919,-1.1378754,0.3858026,-0.64290434,-0.14742926,0.06244561,-1.2055076,0.11969105,0.9423715,1.2286232,0.1226444,-0.2051501,-0.1383526,-1.8226881,0.366036,1.5370241,-0.15943632,-0.48716074,0.36858433,-1.6529732,1.1302083,-0.237873,1.1246971,-0.34307027,0.760624,-0.5396805,1.1698558,-0.40612617,0.07473234,-1.0290436,-2.6233134,-0.7830461,0.23977733,0.961463,-0.3019626,0.71016186,-0.15541926,0.47256023,-0.22980666,-0.8350708,-0.4136374,1.3415339,0.7739273,-0.4171833,0.8107451,-0.14880848,-0.015234579,0.8592588,0.8611482,1.4373759,0.2399905,1.9483769,-1.2213081,0.9309257,0.8949372,0.54420865,2.3778038,0.713514,-1.2951,-1.345782,1.0383655,-3.0087721,-0.5078891,0.84497625,-1.3501059,0.8184797,-1.3681788,-1.0079478,1.5103104,0.58821714,0.7361042,-1.51843,-0.9426466,0.84508485,0.7901269,-0.3490332,-0.02952671,-0.6496908,0.5073498,-0.23818585,-0.7605194,0.1842555,0.58378613,0.60492206,1.2301433,-0.2221292,0.73795164,0.1364575,-0.4397995,0.16175345,0.70079046,-0.84800947,0.51331526,0.96653974,-0.26605144,-0.3764962,-0.23639014,-0.6473564,0.9547564,-0.48097366,0.5755884,-0.037022956,-0.29976058,-0.028256964,-0.36776954,0.21004593,0.8397077,1.3353828,0.040560625,-2.183063,-0.18648279,0.14851385,1.1258372,0.8282174,0.047212083,0.44280678,1.0276392,-1.1096594,0.45738515,-0.91659564,-0.87451696,-0.42964643,0.027866673,0.30202985,0.11870438,0.2012144,-0.902785,-0.44055086,-0.29886314,0.92301625,-1.0969831,-1.0818753,-0.5522441,-0.74416095,-0.13574459,1.248392,0.12400029,-1.2502147,-0.8345768,-0.8261673,0.49457255,0.5760338,-1.749367,-0.45801902,-0.025111735,-0.3827837,0.275078,0.18203583,-0.2919099,-0.04408287,0.42135134,-1.3148832,1.2743062,0.5778323,0.18131036,2.0499406,0.5874955,0.83792895,-0.46511954,-0.58111155,-0.6451732,0.6977339,1.2511384,-1.4125881,1.2309244,-0.22518273,-0.22390346,0.8481792,-1.1182034,-0.18860477,-1.0666482,0.3537683,-0.76470906,-1.0795908,2.512893,-2.2309554,1.0397304,-2.021892,-1.0399271,-0.42065033,-0.85667926,-1.098274,0.34336042,0.48489293,-0.3042757,0.18613732,0.20575643,0.49788386,0.47850055,-0.1284056,1.6053097,-0.3048795,0.4427144,-1.1574646,-1.2571211,0.015673166,0.28212085,-1.4346707,-0.66331106,-1.5281584,-0.7480829,-0.033792783,-0.30238116,-0.12138331,0.19999869,0.30580705,0.5085541,-0.9523484,-0.499084,0.4272278,-1.2311866,1.7901529,0.09550546,1.7373142,-1.0575966,-0.512045,0.19120361,-1.1897354,-0.16758268,-0.7596995,1.3379443,0.55166095,1.1294916,0.5248507,0.65760803,-0.55299675,0.20318632,1.2634199,0.060714222,1.9671376,0.46083164,-0.7734995,1.2358685,0.142544,1.1993905,-0.24001372,0.11459341,1.529028,-0.47431293,-1.0025103,-0.34031215,0.45404562,-0.37806103,-0.14917174,0.5207516,0.6460966,0.0006732776,0.6810906,0.59892046,-0.29781932,-0.96995604,-0.9023423,0.71667445,1.7757164,1.2342123,1.5516139,-0.661306,-1.1277124,-2.0058906,0.12481506,0.7538227,0.24806523,0.7796761,-1.4273611,0.5685318,0.9322947,0.015446162,-1.0989279,-1.3587475,1.4767803,0.16543463,0.54955405,1.941096,-1.0333314,-1.444866,-0.52700675,0.13281703,-0.45352817,-0.9772264,-0.8147197,0.29375166,-0.37456685,1.3460305,1.2776101,0.6377807,-0.5463892,-0.28643236,0.49820948,0.34853646,-0.55468214,-0.17989156,-0.021238089,0.22663729,-1.625438,-0.8145752,0.69523674,-2.1533546,1.020403,-0.18313149,0.026199054,-0.25872993,-0.5173082,-0.7815653,0.55812204,0.066557944,-1.0338638,-0.33658537,1.1435168,-1.8878939,-1.1340109,1.0521667,0.8092356,-0.43157807,0.59410065,0.12595055,-0.09455676,0.7942379,-0.0021626889,-1.0221411,0.53979117,-0.48584205,-0.08448561,-0.4468337,-1.463083,-0.07335038,0.4858633,-1.1451976,-1.1421016,1.2775687,0.67198,-1.0280559,-0.77243984,0.1611622,-0.27692306,1.0135908,0.4331646,0.17778134,-0.458069,-0.8351919,-0.54241,-0.04069855,0.7382957,-0.111164644,-0.15933721,0.22364727,-0.3493275,0.5833508,1.8083916,0.18977916,1.9084142,0.8989972,0.056054167,-0.024499942,0.95382595,-0.037357472,-0.3972507,0.98993874,-1.016321,-0.7534711,1.8696814,-0.447548,-0.89213073,-0.3379252,0.8476814,-0.9992879,-0.58341014,-0.26700136,0.8591151,1.4424694,0.7800683,1.7298777,0.25558314,-0.07992117,-0.6932114,0.6346222,-0.98049164,-0.88139135,-0.7958033,0.27151936,2.0411675,-0.6304588,0.4380753,0.7621611,-1.0604539,-0.9888979,0.5087733,-0.016084671,-0.28581342,-0.34675723,0.4439107,-1.4943591,0.14495511,-1.8058827,-0.28276402,0.96853113,1.3003441,-0.079027005,-0.07308315,0.88688815,0.11811314,-1.1274369,-0.39177352,0.9810988,1.4036572,-0.5268668,-1.1600704,0.76351625,-0.43343934,-1.3508766,-0.39363426,-1.1837432,-1.1988845,0.3592339,-0.76435804,-0.10298189,-0.07747052,-0.6152693,1.302017,0.25968271,-0.17970152,0.51708686,-0.8545411,2.1216955,0.47251263,-0.1832155,1.5437181,-0.10942771,-1.7732847,1.0672187,-1.0448588,1.1790464,-0.34328064,0.83942807,1.2937815,0.8481432,-0.4994448,1.3740926,-0.65424025,-0.15523319,-0.60231614,0.43633175,0.061744582,0.9007734,-1.5266275,1.1828896,-1.4997036,-0.6099205,0.058424603,0.6751301,0.11350207,0.16927443,-0.48871034,0.69997233,0.8680003,-0.9982934,0.2407529,0.9814871,-0.5043716,-0.87981033,0.3641281,0.31214672,-0.61995876,0.085810736,2.1736944,0.49656957,0.6677739,-1.1331104,-0.732135,0.6305808,-0.48411998,-1.4707164,-0.49082917,-0.5860963,0.093584314,0.087705836,0.0015801669,0.85525113,-0.14209731,0.6100372,0.6176924,-0.75552666,-0.57991683,-0.17845456,-0.5958611,-1.1091646,-1.6259121,-0.16201818,0.5643976,-0.7163211,0.7177327,0.8217432,1.5447851,0.4559082,0.107057914,-0.65148234,0.2950458,0.69853455,0.50361764,-0.79727256,-1.1235203,0.46059743,0.64413375,-0.55107224,0.01166985,-0.07378997,-0.5130322,-1.5538985,1.2245703,0.24577315,0.01183672,0.6650756,0.754766,0.10832079,0.72389966,0.16238603,0.09674203,-0.42547774,-1.1713064,0.028077353,-0.27435127,-1.1469522,0.3949683,-1.0338838,0.30446464,-0.5645031,0.2525061,-1.6526318,0.58942163,-0.31653515,0.7279005,0.15099426,0.13556735,-1.1871372,-0.18283626,-0.502242,1.3275865,1.7037499,0.02112691,-0.53939545,0.3686253,1.3528867,0.6649803,-0.29527974,0.18975718,0.10512209,-0.40343943,-0.8277537,-1.2753861,-0.7130687,0.42882046,0.396622,-0.8590822,1.9660981,-1.8285818,0.89526546,-0.69021106,-0.97367316,-0.2996916,0.059364706,-0.6363654,2.2440348,1.4296342,-0.3712165,0.5992689,0.9191145,1.3117487,-0.48897552,0.10490171,-1.7616695,0.5908569,1.1722715,0.6781012,-1.6296101,-0.23742361,1.1394722,-0.3300874,1.040978,0.19441745,-0.25090474,-0.43177906,-0.3096894,-0.41500783,-0.3121032,-0.047190774,0.12950222,-1.2704762,0.57669955,-0.15702632,-1.170689,0.09231677,-0.4625492,0.3538058,-0.67900085,0.9310899,0.7332539,0.48021775,0.47852406,-0.4415465,-0.11083014,-0.7296331,-0.64908504,0.4460197,-1.2020208,1.1267128,0.6737518,1.2430723,1.7436714,-0.100990534,-0.83118075,0.27769476,-0.50053847,0.6286403,0.12903789,-0.7843155,-0.79764426,0.4033699,0.7531748,0.1077492,-1.5193851,-0.908069,-0.15696554,0.27583566,-0.31909317,0.44616738,0.08269809,0.38721395,2.2063096,1.4974498,0.20375934,0.0
ウ,0.7160406708717346,0.5496041178703308,1.0600578784942627,-0.4431724548339844,0.0448430813848972,0.3219568729400635,0.2715650498867035,0.0062799644656479,-0.6299976110458374,-0.2329137921333313,0.5505568981170654,-0.5564342141151428,-0.2968236804008484,-0.1863660514354705,0.32614865899086,0.0199595429003238,-0.1589935719966888,-0.4174444079399109,0.3077236413955688,-0.4441926181316376,-1.435692310333252,-0.5543021559715271,-0.1952914595603943,0.1669474244117736,-0.3150492012500763,-0.4724974632263183,0.2600679993629455,0.0922654122114181,0.3445742428302765,-0.343114972114563,-0.6205287575721741,-0.1694863736629486,0.0276246853172779,0.1345271468162536,-0.5564649701118469,0.5066118240356445,0.0104094464331865,-0.3863275647163391,0.7529186010360718,0.190581202507019,-0.0434430949389934,-0.0062533719465136,-0.1106757670640945,-0.0010885586962103,-0.2329510599374771,0.1116471886634826,0.1652374267578125,0.3185009360313415,-0.0247206445783376,-0.4215655922889709,-0.8240092396736145,0.5963747501373291,0.3773230612277984,-0.0269231144338846,0.1930460333824157,-0.2094836086034774,0.954737663269043,-1.0668796300888062,0.130802184343338,0.3891322314739227,-0.6298655867576599,-0.3246212005615234,0.4780248403549194,-0.1246212720870971,-0.186718076467514,0.2396682798862457,0.023499870672822,-0.0045924559235572,0.492657870054245,-0.536670446395874,0.445383220911026,0.137165293097496,-0.1062554866075515,-0.7000160217285156,0.588559627532959,-0.2727632224559784,0.112935334444046,0.3397274315357208,0.1951669007539749,0.0292498487979173,0.1833639442920684,0.1893945634365081,0.1850089281797409,-0.4678379893302917,-0.4566177427768707,0.1382855623960495,-0.7634050250053406,-1.0278390645980835,0.5832114815711975,-0.3624027371406555,0.033557940274477,0.273272693157196,0.3222914934158325,-0.1099065691232681,0.4741979241371155,0.2392270714044571,0.0166855566203594,-0.0043402756564319,-0.3339742422103882,0.031827837228775,-0.3185054659843445,0.0691365972161293,0.1393540650606155,-0.4681010246276855,0.1093716472387313,-0.1714517027139663,-0.3932948112487793,0.5831077694892883,0.3211843073368072,0.2408215552568435,-0.3932655453681946,-0.3886343240737915,-0.544151246547699,-0.2606160640716553,0.48261159658432,0.0443647839128971,-0.5017679333686829,0.6238043904304504,-0.3327780663967132,0.5301656126976013,0.1648320406675338,0.3450007140636444,-0.046100802719593,-0.4880585074424743,-0.1340521574020385,0.6939308643341064,0.2395305931568145,-0.0871166661381721,0.2279672026634216,-0.1759323179721832,-0.1812437176704406,-0.7236559987068176,-0.0606303624808788,-0.1284232586622238,-0.4148086905479431,0.7964227795600891,0.3081644177436828,0.0459326207637786,0.2721553444862366,-0.5111276507377625,-0.5176360011100769,-0.2339594066143036,0.4802360832691192,-0.6775243282318115,0.1863149553537368,0.4573135673999786,-0.3242950141429901,-0.2710474133491516,0.719058096408844,0.344485729932785,-0.0405073091387748,1.221623778343201,-0.5083168148994446,-0.0042150439694523,-0.1091043278574943,0.5945374369621277,-0.7333052158355713,0.3256069421768188,0.537666380405426,0.4378291070461273,0.7361007332801819,-0.0103426575660705,0.0524857640266418,0.4433907568454742,0.0224078278988599,0.2883355915546417,0.1595441699028015,-0.4797025620937347,-0.3036799728870392,0.4212587773799896,0.1494921743869781,0.548896074295044,0.3409509360790252,-0.0871381014585495,-0.3950188457965851,0.1619779616594314,0.8203318119049072,-0.1802835911512375,0.2675783336162567,-0.7529749870300293,-0.2787104547023773,0.1595818102359771,0.562970757484436,-0.6086323857307434,0.4922395646572113,-0.0607765987515449,0.0525845624506473,-0.1430233120918274,-0.1919663548469543,0.0997748300433158,-0.3555605113506317,-0.5002982020378113,0.5069612860679626,-0.5319347977638245,-0.3023192584514618,-0.4192430675029754,0.3326950073242187,0.1380854696035385,-0.4933838248252868,0.6112861037254333,0.3284007012844085,0.1616570353507995,-0.1621584892272949,-0.5787858963012695,-0.9845398664474488,-0.0654933899641037,-0.0381376333534717,0.2911118865013122,0.2583819925785064,0.3827478885650635,-0.5706953406333923,0.0709239393472671,0.0739507302641868,0.2867769598960876,0.6943717002868652,0.3660307824611664,-0.2548193037509918,-0.4564126431941986,-0.0378085523843765,-0.0454684756696224,0.1466283947229385,-0.2530595660209656,0.3082716763019562,0.1777791380882263,0.0423457957804203,0.1954853534698486,0.1800612956285476,-0.4829595685005188,-0.4469911456108093,0.4224537014961242,-0.5547980070114136,-0.6095532178878784,-0.2875030934810638,-0.0714776515960693,-0.6480852365493774,-0.5900214314460754,-0.388478547334671,-0.0270618125796318,-0.2967996299266815,0.5098548531532288,-0.22074955701828,-0.3468151390552521,0.4216444194316864,-0.3038881123065948,-0.2978987097740173,0.3927764594554901,-0.0596282370388507,0.0485152229666709,-0.271362692117691,-0.1802142113447189,-0.4851191937923431,-0.550102710723877,-0.1460640579462051,-0.0548247061669826,0.3206359446048736,0.4962250292301178,0.4854024350643158,-0.2992788553237915,0.3813333511352539,-0.3735303878784179,-0.4477134048938751,-0.5849761962890625,-0.1867894977331161,-0.1529820263385772,0.0660977810621261,0.1695452481508255,-0.0759079530835151,-0.3525299727916717,-0.7251498699188232,-0.4507409930229187,0.0721923410892486,-0.0167071856558322,-0.0582984127104282,-0.1752388924360275,0.1764365881681442,0.088075466454029,0.1377533078193664,0.4123290479183197,-0.4051860272884369,-0.0089038852602243,-0.2578047215938568,0.5319944024085999,-0.6913993954658508,0.1426066905260086,0.0091378083452582,0.4740738272666931,-0.6846185922622681,0.0018326811259612,-0.4535423517227173,0.7378843426704407,0.5011321902275085,-0.5561357140541077,0.0602494962513446,-0.1660566180944442,-0.9421035051345824,-0.2076736837625503,0.6045069694519043,-0.0015955511480569,0.4080990850925445,-0.1184548586606979,0.392930656671524,0.4433785676956177,0.8906248211860657,-0.0674004629254341,-0.0112778441980481,-0.3926476240158081,0.1577012240886688,0.18877674639225,0.5445039868354797,-0.1628527790307998,0.2813944816589355,0.5108756422996521,-0.6430280208587646,0.3158159852027893,0.840604305267334,0.4549330472946167,-1.77802836894989,-0.315490573644638,0.509924590587616,0.1881543546915054,-0.3583788871765136,-0.2123126238584518,0.2246962636709213,0.3304974436759949,-0.335794448852539,-0.4867393374443054,1.282496452331543,0.2578581869602203,0.1956936717033386,-0.4181706011295318,0.1126364842057228,-0.0562515445053577,-0.1417088061571121,-0.5214462280273438,0.3383252024650574,0.4104311168193817,-0.7612400054931641,-0.0065445792861282,-0.2192858457565307,-0.3208435773849487,-0.5579304099082947,0.3383762538433075,-0.6222559809684753,-0.0154126929119229,-0.3610038161277771,-0.1238558292388916,0.0644548162817955,1.1989210844039917,0.8737666010856628,0.1136054247617721,-0.7855727672576904,-0.187774196267128,-0.0542365722358226,-0.3299339711666107,0.1715893447399139,-0.0471077673137187,-0.1403587460517883,-0.1254177391529083,0.349879503250122,0.1097924038767814,0.1692365705966949,-0.0903558135032653,-0.6123674511909485,-0.1054280996322631,-0.1606510132551193,0.7271825075149536,0.9391486644744872,0.14202481508255,-0.0107327075675129,0.541143000125885,0.9442161917686462,0.3771333396434784,0.1176036745309829,-0.6484299302101135,-0.3322542309761047,-0.4627679288387298,0.0766859427094459,-0.2493514865636825,-0.4175941050052643,0.5562111735343933,-0.149287611246109,0.0368744879961013,0.1740822345018386,-0.8228632807731628,0.4122907519340515,-0.5090331435203552,-0.2347524166107177,-0.2065445333719253,-0.1703664511442184,-0.4299764633178711,0.7415841221809387,0.2431784123182296,0.3587514758110046,-0.3153972923755646,-0.9576084613800048,0.662799596786499,-0.1861715912818908,-0.1347865611314773,0.1952444016933441,0.1569215804338455,-0.0130145577713847,0.1553108692169189,-0.0591698288917541,-0.3216509222984314,-0.8687087297439575,-0.3008919656276703,-0.4204065799713135,-0.0636451244354248,-0.0857962518930435,0.6063085794448853,0.0167367029935121,0.1617683470249176,0.2566567361354828,0.3890993893146515,-0.1402439773082733,-0.2968016266822815,-0.5630148649215698,0.4061540067195892,0.3248182237148285,0.9648025631904602,0.4040554761886596,0.0078669795766472,0.523979902267456,0.0174883659929037,0.0857487842440605,0.1283589303493499,-0.6166248917579651,-0.4257988929748535,0.9454864859580994,-0.4247202277183532,-0.2155346870422363,0.3162325918674469,0.1190092638134956,0.5508721470832825,-0.3955748677253723,-1.002431869506836,0.5232201814651489,-0.32157102227211,0.2513957917690277,1.0220986604690552,0.245553657412529,0.1295281499624252,0.2352876216173172,0.0230562891811132,-0.4232050478458404,-0.2769336402416229,-0.3289223313331604,-0.509810745716095,0.4113638401031494,-0.1826494336128235,0.6000717282295227,0.4723854959011078,0.5991536378860474,-0.0493774935603141,0.3512018322944641,0.2943974733352661,-0.5445080995559692,0.4768691956996918,0.6148988604545593,0.3768306672573089,-0.2980268001556396,0.4510954320430755,-0.4618158936500549,0.0261024199426174,-0.2566526234149933,-0.2924006581306457,1.0113605260849,-0.0366128347814083,0.5851088762283325,-0.7223637104034424,-0.3120304346084595,-0.4959334135055542,-0.4941413402557373,-0.192767396569252,-0.2274348884820938,0.075365774333477,0.2839587926864624,-0.3671100735664367,-0.6587124466896057,0.2883949875831604,0.5989701747894287,0.4797096848487854,-0.0510609298944473,-0.306638240814209,-0.2423850893974304,0.1443103551864624,-0.7134082317352295,-0.5081197619438171,0.575716495513916,0.1336457133293151,-0.3493250012397766,-0.8854405879974365,-0.3180863857269287,-0.1379755288362503,0.1805661469697952,-0.4811800122261047,0.0465103425085544,-0.290102869272232,-0.7400475144386292,-0.273175984621048,-0.4847550988197326,-0.1200441569089889,-0.6421060562133789,-0.3723041415214538,-0.2524562776088714,-0.4793320596218109,0.0046251476742327,0.6948128938674927,0.7403450012207031,-0.4985497891902923,-0.2380929142236709,0.1256924271583557,0.1686508506536483,-0.2385175079107284,0.1640942096710205,-0.3254446983337402,-0.15774767100811,-0.5756934881210327,0.2040051966905594,-0.2761629521846771,-0.0652704909443855,-0.0876909717917442,-0.7345484495162964,-0.4659005403518677,0.0324366055428981,-0.8098662495613098,0.1941544115543365,-0.0571203343570232,0.9315574169158936,-0.5274169445037842,0.1283146440982818,-0.0506936982274055,-0.2374493926763534,-0.5599507689476013,0.5276247262954712,-0.3125468492507934,-1.1585813760757446,0.3610887229442596,0.1456747502088546,-0.4961353838443756,1.2421517372131348,0.209113210439682,-0.6299748420715332,-0.1049925908446312,0.1299864202737808,0.1624376773834228,-0.2304719090461731,0.148638442158699,0.0389331430196762,0.3440857827663421,0.4437224268913269,-0.4375099241733551,0.6193323135375977,-0.0035915866028517,-0.2298985421657562,-0.1354523450136184,0.3424294590950012,0.344156265258789,0.6829055547714233,0.12941475212574,-0.6262499690055847,-0.2232080549001693,-0.325437992811203,-0.0677823722362518,-0.0049347216263413,0.3359613120555877,-0.5255427360534668,0.8923746943473816,0.5958791375160217,-0.5636972188949585,0.3588937222957611,1.2114043235778809,-0.0423423871397972,1.0033893585205078,0.1732223331928253,0.0411442294716835,-0.6278747916221619,0.1510212868452072,0.0785162672400474,0.1135732382535934,-0.0704819783568382,0.0616788268089294,-0.2950425446033478,-0.2071893513202667,0.8606039881706238,-0.121087297797203,-0.3264497816562652,0.0848917290568351,0.2585770785808563,-0.2899852097034454,0.8567606806755066,0.3068051636219024,-0.0136516513302922,-0.1718943417072296,0.3325474560260772,0.6210667490959167,1.231739163398743,-0.4219981729984283,0.3740526735782623,-0.3315471112728119,-0.5471270680427551,0.1436841785907745,0.1501275300979614,-0.086452841758728,0.6012153625488281,-0.6972745656967163,-0.080488696694374,0.7731828093528748,0.2369479686021804,0.0300097912549972,-0.0737051516771316,-0.507893443107605,0.1773186177015304,-0.4614638090133667,-0.1801935732364654,0.0458078272640705,0.3561922907829284,0.7271630764007568,0.4086967706680298,-0.1531369239091873,-0.0661972314119339,0.8011471033096313,-0.0996110737323761,-0.4934886693954468,-0.0796970874071121,-0.1862915009260177,0.0393057391047477,-0.0520649850368499,0.3480192124843597,-0.0210816878825426,-0.2200969457626342,0.696488618850708,-0.226593941450119,0.0158699993044137,-0.2685171365737915,0.3712647557258606,0.1123125925660133,-0.1102825403213501,0.2151762098073959,-0.2132675051689148,0.2190783023834228,-0.0080466317012906,-0.8187978267669678,0.0576216056942939,0.149572268128395,0.0899965018033981,-0.5050914883613586,0.0059439134784042,-0.469350129365921,-0.3574584424495697,-0.1228241100907325,0.1757557243108749,-1.184923768043518,-0.7962396144866943,0.4043115377426147,-0.011384311132133,-0.2222319096326828,-1.394122838973999,0.6045659780502319,0.3704037368297577,-0.0332081988453865,-0.189859390258789,0.2785438597202301,-0.0624178387224674,-0.202721819281578,-0.1569465845823288,-0.201258510351181,0.3423085212707519,-9.881769180297852,0.1127707585692405,0.0250407438725233,-0.6226008534431458,-0.2768200933933258,-0.1419197618961334,1.0979472398757937,0.8698919415473938,-0.1874127089977264,0.4062471985816955,-0.2014871686697006,-0.032834593206644,0.4222115576267242,0.6477712392807007,0.0165358241647481,-0.0757811218500137,-0.2083810418844223,0.1534511595964431,0.1103512644767761,-0.0812371745705604,-0.6076298952102661,-0.3319518268108368,0.7044028043746948,0.2135204225778579,0.3321336805820465,-0.5609503388404846,-0.5385086536407471,0.7213151454925537,0.0239347964525222,0.2181130796670913,-1.00224506855011,0.2961472272872925,0.1261317133903503,0.414044439792633,-0.1122713387012481,0.3906683623790741,0.1047024503350257,0.8875852227210999,-0.0642447471618652,0.1892401129007339,0.1089766845107078,0.4443552494049072,0.0705834999680519,0.0431388765573501,0.3937809765338897,-0.0631690770387649,0.0285484418272972,0.4789966642856598,0.8089115023612976,-0.2491255849599838,-0.4232617020606994,-0.2744500041007995,0.4650739133358001,-0.2509323358535766,0.1578381657600402,-0.0456525050103664,0.6443071961402893,-0.9439181089401244,0.1452423185110092,0.1493725925683975,0.3029784858226776,0.556549608707428,0.6303580403327942,0.7066295146942139,-0.1501513719558715,0.4653829634189605,0.5707411170005798,0.0543890185654163,-1.228846788406372,-0.416785180568695,0.3502748012542724,0.3190977275371551,0.2799139320850372,0.202869564294815,0.1534282565116882,0.3137082159519195,-0.2311029434204101,0.1965452134609222,0.2695147693157196,0.1904399096965789,0.6270903944969177,-0.4208428859710693,0.1835490614175796,0.6611534357070923,-0.5122352838516235,0.3420845568180084,0.2134129106998443,-0.2768934667110443,0.2211164534091949,-0.5829900503158569,0.6009411811828613,0.1985925585031509,-0.5658319592475891,0.4262440502643585,0.4988217055797577,-0.1246670633554458,-0.0260311178863048,0.0708031207323074,0.206412062048912,-0.3707110583782196,-1.0178695,-0.74582005,0.8301153,1.8134568,-0.58927953,-0.58372796,-1.5279485,0.4038515,1.3708277,-0.76588327,0.52225477,0.313514,-1.2605512,2.1592398,-0.5122554,-0.024057955,0.86584246,-1.2764392,0.3527953,-0.2545006,0.20098086,0.119697906,0.93035525,-0.90376794,0.5352024,0.702257,0.6024597,-1.1676595,-0.9338911,-0.57103664,-0.1321382,-0.7705637,-0.8927191,-0.7413026,0.37195355,-1.3727186,-1.0630248,0.9865387,-0.3474354,-1.0035571,-0.594234,0.83814955,-0.39967442,0.29727855,-0.43857193,-0.1436444,1.7695343,-0.2675053,0.63273484,-0.5554801,-0.3163622,0.033958815,0.17806885,0.9310999,0.9612756,-0.46490192,0.7577953,0.9814022,-0.005254579,-0.62115705,0.6454808,1.5223373,-1.2576644,0.1155891,0.76285636,1.0140314,0.31095856,-0.5399617,-0.24916482,-0.54429317,-2.3147607,-0.6454758,0.14978924,1.39291,-1.7395818,1.0320748,-0.2196927,-0.7664153,0.44971785,0.04540332,0.0730127,0.52809083,-0.83937615,1.9334055,-0.44401297,-0.4476529,-0.57414514,-0.095679894,-0.9140953,-0.026010346,-0.042529784,-1.2618749,-1.1589605,-1.4615899,1.0334251,-0.13593124,-0.4482897,-0.4777946,-1.3424661,0.42742968,0.053275287,0.98289216,-0.44441947,0.40078807,-1.1630896,-0.34019512,-0.63502043,-0.29111353,-0.5886298,0.2868753,-0.159572,0.36373535,0.75136375,1.9747922,0.77936906,0.75706637,-1.1518469,-0.7166227,0.027140677,0.03339463,1.2858465,-0.0045453636,-0.65341437,0.29968342,0.51226443,0.72201025,0.087893896,-0.34245282,0.5167706,0.2561881,0.95822316,-0.5174826,1.4795513,0.73127764,-0.8830391,-0.15031663,-0.43711835,0.34484732,0.198278,-0.7765722,-0.6616073,0.07287599,-0.2572262,0.02877925,-0.07640147,-1.3841243,0.17914295,0.84997404,0.97844255,0.37808073,-0.1849976,-0.17598622,-0.80146873,0.92167646,0.5439528,0.27126282,0.3092447,-0.17380941,-1.2086382,1.801897,0.25766373,1.370313,-1.0042188,0.4160153,0.11366429,0.4983321,-0.557905,0.7765306,-0.83454216,-2.1027007,-0.69452226,0.29464996,0.34302872,-0.5543331,0.5571809,0.16546555,0.31064278,0.2260524,-0.95713645,-0.1389713,0.48441982,0.81383574,-0.08012415,1.3908628,-0.35176668,0.56440777,0.79306924,0.44234332,0.018106114,0.43403348,0.8784772,-0.40762052,0.77355605,1.0090758,1.3591559,3.0841832,0.98997605,-1.44214,-1.0232148,0.93129855,-1.7030798,0.009871876,1.0349071,-0.87955475,1.361215,-0.62976736,-0.9588925,1.9834095,0.5874934,0.684986,-1.370086,-1.0122824,0.9934246,0.6171548,-0.5428411,0.2375767,-0.6105383,0.06600157,-0.658674,-0.1649554,0.51840794,-0.16434807,0.30511838,1.319946,-0.9023329,0.29796326,0.695619,-0.14419565,0.32422286,0.58900434,-0.9005419,-0.054866392,0.6610137,-0.17847118,-0.42895913,0.2858929,-0.5951785,0.92315257,-0.7582277,0.04535404,0.18687606,-0.51658815,0.22401842,-0.19796163,0.60060775,0.94485694,1.535279,0.5517867,-1.7551582,-0.4301074,0.50333846,1.329365,0.3938797,0.31644863,0.83593976,0.55824775,-0.32296094,-0.12366841,-0.43133622,-0.21525025,-0.16637331,0.93435794,0.021422446,0.68306315,0.016335,-0.45057422,-0.7030347,0.0010242105,0.012682122,-1.0019991,-0.803408,-0.8773092,-1.1207852,0.3608307,0.12807249,0.45690012,-1.4091532,-0.4686675,-0.6349077,0.20476155,0.8414787,-1.4341666,-1.0561973,-0.15552086,-0.16456756,-0.13612342,-0.6430412,0.0071998164,0.09321543,0.69477594,-2.0355134,0.91869056,0.21036422,0.7647132,1.3117431,0.27861685,1.5891056,-0.40350232,0.5019104,-0.7422554,0.5189003,0.75339174,-1.4122474,0.59207493,-0.43268985,-0.33722115,0.88554084,-1.1141975,0.014829516,-0.89010084,0.30752426,0.21221204,-1.1183,1.6770306,-1.8590473,1.6567271,-1.5266068,-0.95301676,-0.8001362,-0.8260864,-1.5637496,1.366971,0.58143395,0.36816666,0.72851795,-0.35814124,0.17349713,-0.06323214,-0.12959488,0.93756974,-0.5534483,1.0193695,-1.0305092,-1.5412467,0.31122863,0.562458,-1.7474905,-0.9141098,-1.8375286,-0.40424886,0.36482367,-0.3931623,0.016859341,0.31235778,-0.2457062,0.75403404,-0.5803429,-0.6227418,0.30646986,-0.87418807,1.9519923,-0.06394384,1.5308214,-1.059943,-0.4494694,0.56390905,-1.9935325,-0.43151227,-0.68004256,1.5088803,0.40658998,0.2373467,0.0137981,0.8586057,-0.9749646,-0.3097477,0.6847755,-0.13613066,1.6658465,0.042546593,0.15903583,1.5865567,0.096296065,0.56787014,-0.8315209,-0.25899833,1.5712705,0.05986742,-0.73509645,-0.2996803,-0.22398198,0.09537387,-0.0033251762,0.24546707,0.26045945,-0.13671926,0.28003186,0.69127095,-1.1801924,-0.8309399,-0.6532415,1.0864928,1.1871259,1.3638538,1.4531424,-0.56812835,-1.2241514,-2.0935788,0.05736977,1.2037952,-0.027464783,0.43337065,-1.103725,0.27746052,0.2855848,-0.021997008,-1.388971,-2.020116,2.1408575,0.488581,0.53005654,1.5734763,-0.9577265,-1.5791199,-0.40775046,0.5915812,0.009074134,-1.0488677,-0.71183205,0.24311748,-0.60464567,0.98076236,0.5043942,0.33529893,0.048468005,0.36673632,0.9110425,0.30635217,-0.77992874,-0.9133673,0.18874744,0.39726245,-2.056392,-0.51798403,0.26893088,-2.25046,0.853776,-0.2810219,-0.36552817,-0.29922488,-0.37505057,-0.2818606,-0.59851724,-0.28319994,-1.0679076,-0.6478799,0.83657503,-0.8997593,-1.9371799,1.1290128,1.496181,-1.0308168,0.13447306,0.25008684,-0.03745994,0.6965863,-0.0974284,-0.63118017,0.19537108,-0.59258926,-0.14671521,-0.7402094,-0.9909328,-1.1372805,-0.23683867,-0.90449536,-0.7699042,0.95441675,1.0858364,-1.7632961,-0.5232071,-0.8365728,-1.1286771,0.7110103,0.25215942,0.019772053,-0.25595075,-0.4730913,-0.508856,0.44568023,0.62077534,-0.21976264,-0.39026567,0.47879553,-0.46580824,0.22748008,1.5321794,0.2068058,0.6712936,1.046743,0.04938469,-0.6678321,0.37230596,-0.24493563,-0.21055548,0.49033743,-1.7025827,-1.3481681,1.3625376,-0.2548648,-1.2717407,-0.07530248,0.5342039,0.066468485,0.704086,0.20971218,0.9087017,0.7670751,1.010672,2.087625,-0.37729335,-0.59560794,-0.5841193,0.3685945,-0.72716695,-0.5601314,0.12241636,0.8052515,2.2982047,-0.22780557,-0.06211251,0.33995962,-0.8881178,-0.94708097,0.55596656,0.41259804,-0.06208242,-0.37442517,0.3660734,-0.83606815,0.24816713,-1.7616291,-0.2091837,0.5460142,0.54059887,-0.58972865,0.00070581434,0.7531649,0.49532557,-1.5070403,0.3167128,1.0649285,1.4106143,0.24336898,-0.84517,0.4633966,-0.48701373,-1.7029736,-0.5285419,-1.0728146,-0.4628989,0.23786683,-0.14091504,0.0034727813,-1.0336986,-0.6850921,1.14448,0.12512228,0.09364997,0.78458226,-1.2146436,2.4498525,-0.30429634,-0.81321335,1.0691426,0.6206919,-1.9261738,0.42869788,-1.1173539,0.31375957,-0.99660146,0.22269073,0.69065845,0.6356957,-0.3579312,1.4704242,-0.019322546,-0.19167522,0.16725603,1.014977,0.20185792,0.41419435,-1.936064,1.2481717,-1.5499661,-1.2923343,-0.1212103,0.8113157,-0.25689676,-0.31396902,-0.59628797,0.5449027,0.9155467,-0.9372983,0.90171957,1.9441907,-0.5486645,-1.1683207,1.0380919,0.8228294,-0.50575817,0.50295377,2.0721836,0.61220163,1.2579749,-1.0841439,-0.388515,-0.044488978,-0.4990378,-0.741165,-0.18002924,-0.37208086,0.065863885,0.5884141,-0.5466444,0.42725867,-0.7862898,0.41588497,1.4533656,-0.83410853,-0.22213855,-0.09041683,-0.32351327,-0.98042125,-1.6538484,0.48386472,1.0995202,-0.59799224,0.19547777,0.090596035,1.3490208,0.34524044,-0.5543316,-0.37390074,0.16080509,1.270004,0.8950578,-0.63408786,-1.2926397,0.564621,1.3648605,-0.9692379,0.5828007,-0.8526883,-0.21844773,-1.3784418,1.0728372,0.48202127,0.02660492,1.1669459,0.8712109,0.3876223,0.72869414,-0.25611907,-0.08847892,-0.26458707,-0.30733404,-0.47838497,-0.24970245,-0.8796196,0.0511931,-0.71767014,-0.43545443,-0.06320475,0.76043683,-1.2513399,0.20761986,0.12903997,0.291187,0.18329036,-0.32578415,-0.8965265,-0.70785904,-0.53558457,1.6795622,1.1665237,0.09535839,-1.8434519,0.31262547,0.7993813,0.6731486,-0.9812191,0.3951899,0.26757044,-0.73792225,-0.2777403,-1.2876238,-0.4208544,0.22193928,1.2500962,-0.7690946,1.0556418,-1.2166779,0.6275492,-0.84141606,-1.0616786,0.5368331,0.34397244,-0.6980251,2.0383794,1.556503,0.19467047,-0.23233218,0.7330929,0.6751138,-0.5549183,-0.038631607,-1.1888738,0.8597953,0.99442947,0.33014047,-0.8057207,-0.4598628,0.5668785,-0.38403654,1.8093264,-0.46833667,-0.3447369,-0.64669794,-0.29360566,-0.9782316,-0.3272883,-0.6218851,-0.15651196,-1.3558323,0.4579928,-0.22383913,0.02743811,0.62675273,-0.5952503,0.101482965,0.008653393,1.0256579,0.97532034,0.86883295,0.5083246,-0.5506288,0.0119318245,-1.0794879,-1.0918404,0.8808714,-1.232606,0.13998333,0.19200096,1.3911995,2.1334171,0.8426914,-0.9106053,0.06648187,0.48865741,0.6191215,0.060042657,-0.8535163,-0.28654608,0.26164964,0.3234764,-0.005082369,-1.2012432,-0.6066032,0.16075853,0.72891706,0.35065144,0.35522866,0.4635342,0.90969867,1.3123367,0.8045007,-0.040233582,-1.5736094,-0.97568244,0.9735489,0.84219205,-0.65914416,0.08429015,-1.3005215,0.19591233,0.8980198,-0.106245,0.389367,0.1652728,-1.0412452,2.0054066,-0.7101424,0.17598279,0.5373636,-0.6476219,0.96666276,-0.8191465,1.2560346,0.6722716,0.6426846,-0.9695877,0.93430567,0.56333566,0.33612555,-0.714205,-0.005614328,-0.22735544,-0.058136165,-0.43019223,-1.0802276,-1.4801526,-0.09879251,-0.8059393,-0.862323,0.8641386,-0.0154757025,-0.27255386,-0.6941575,0.62417793,-0.1469187,0.13113321,-1.1107591,-0.27462485,1.3652898,-0.3018077,0.9607252,-0.5327789,-0.15928572,-0.39667368,0.37071446,0.81011426,1.2638838,0.036021315,0.37910092,1.0970278,0.5967375,-0.6940381,0.9721802,0.8036561,-0.84673226,0.6530124,0.6941004,1.2352031,-0.5945767,0.21909544,-0.61423826,-0.6858162,-2.8672066,-0.5240222,0.26431653,1.1337255,-1.0867491,0.6618737,0.16870943,-0.13728102,0.05176145,-0.1245206,0.4591319,-0.03716163,-1.0985367,1.1410072,-1.0386809,-1.2961687,-0.032342494,-0.5840134,-1.0539055,-0.16609314,0.3409461,-1.5659006,-1.6896389,-1.08542,0.9567752,0.11141248,-0.8478406,-0.49015933,-0.95496005,0.1529514,-0.08968575,0.93237436,0.018874923,-0.0748286,-1.4748812,0.20314884,-0.80080193,-0.7505653,-0.71552765,1.4734881,-0.598512,1.0762075,0.39514756,1.6070541,0.719082,1.0675005,-0.6263864,-0.73510015,-0.6772479,-0.13694002,1.1657388,-0.3715917,-1.3546939,0.013500238,0.09302073,1.146462,0.43250665,-0.39973518,0.76254404,-0.40442485,0.521282,-0.29263443,1.93209,0.6132452,-1.0329865,-0.6384164,-0.72008777,0.3942655,0.40408674,-0.9797112,0.034546334,0.014240486,-0.26772588,-0.66810334,-0.28826264,-1.3507409,0.26976424,1.1098106,1.2461,0.19306138,-0.15482792,-0.11367373,-0.9725564,0.4752601,1.1342827,-0.12617142,0.24296007,0.21425727,-1.7297513,1.4082654,0.57804644,1.1844275,-1.2760167,0.35602283,0.33409163,0.4235238,-1.0783638,0.4826077,-0.8567344,-2.1483784,-0.4512906,-0.26714808,0.21223891,-0.64818925,0.52349246,-0.17576721,0.63623655,0.46743852,-1.1188762,-0.38580853,0.54688954,0.780293,-0.1421065,1.5483607,-0.6575073,0.4606846,0.6506659,0.4517603,-0.48823947,0.234097,0.7579113,-0.74115545,1.6271498,1.2041031,1.2160699,2.272388,0.60516155,-1.6024662,-1.3192253,0.121526405,-2.2247539,-0.7985857,0.34627756,-1.1095906,1.6500328,-1.204059,-0.81228554,1.358086,0.22665758,0.057763726,-1.2759559,-1.2862884,0.82768935,0.93140715,-0.84617984,-0.72401106,-0.67813003,0.059143342,-0.2800069,-0.9364883,0.64157665,0.83757764,0.41843873,2.2435768,-1.2968856,1.0183836,0.92207175,0.67765456,0.90938836,0.1459522,-0.70890474,-0.21125595,0.8525106,-0.55179626,-1.2321011,0.19686806,-0.6805226,0.6016274,-0.13589449,0.048047595,0.05782526,-0.66631836,0.21445456,-0.07549017,0.59430796,0.58612907,1.2674992,0.22384658,-0.9462919,-0.25565583,0.8772,0.785967,0.23448198,-0.093293265,1.2529274,0.73100215,-0.7504283,0.19527277,-0.26143542,0.071681455,-0.123655066,0.29345807,-0.61030835,0.9296423,0.54471785,-1.0035247,-0.6508146,0.3389859,-0.006458807,-0.5414435,-0.6102545,-0.95168704,-1.0197384,0.21568632,-0.15367238,0.24743915,-0.95556575,-0.8042401,-0.7515677,-0.109534904,0.21913147,-0.9179187,-1.0213338,0.14916602,-0.4326199,0.10354121,-0.5053028,0.11889689,0.59584814,0.8774746,-1.4614975,0.89960796,0.35238194,1.0460421,1.4755344,0.15340027,1.4415057,-0.664773,-0.034767278,-1.3148746,0.4279662,1.1560761,-1.674559,1.0819583,0.13239935,-0.67535913,1.1063417,-0.7270529,-0.96634835,-0.47867256,0.29601482,-0.48516935,-1.1394778,2.4357,-1.925945,1.283982,-1.3617208,-0.47231936,-0.96666205,-0.7645818,-1.2915941,0.9222191,0.1829237,0.6402737,0.47962648,0.028900718,-0.07654266,0.55510426,0.70161194,0.50161684,-0.6302128,1.336594,-0.9541955,-1.5974169,0.7353509,0.9119781,-0.730719,-1.461721,-1.1098931,-0.6515888,0.60923827,-0.007782805,0.16170149,0.90524197,0.35593113,0.98775846,-0.51533663,-0.41839972,0.063246444,-0.9666929,1.4092605,0.14370932,1.636947,-0.5932608,-0.5013999,0.8384684,-1.2828381,-0.087491795,-0.9681574,1.9093336,0.054606132,0.0030494542,0.3961447,0.27926576,-0.6015741,-0.25755215,0.610054,0.27628267,1.3496017,0.6039728,-0.6583322,1.5446947,0.16796745,0.33877537,0.034795176,-0.8171938,1.3965365,-0.30035704,-0.3060939,-0.15146986,-0.26317936,-0.073557734,0.2765752,-0.18750085,-0.023475384,0.13419393,1.3246315,1.33395,-1.465555,-0.87723,-0.51516306,0.6909801,1.347372,1.8671944,1.6554186,-0.004945159,-0.8371767,-2.2912333,0.1098633,0.85142374,-0.048246726,0.85683125,-1.0493541,-0.09251308,0.6880068,-0.09151292,-0.8711208,-1.842441,1.659955,0.47358426,0.13109162,1.8947201,-0.0032077967,-1.3555033,-0.39515305,0.9509489,-0.23225036,-0.8461834,-0.4906969,0.89266443,-0.87892306,0.7199141,0.65645105,0.0042060018,-0.06458326,-0.15156095,0.56378716,0.288773,-0.6366579,-0.08709368,-0.11143079,0.612654,-1.6364748,-0.7623676,0.19296181,-1.8084686,0.6154893,-0.18990937,-0.5698481,0.5501363,-0.69007516,-0.64580566,-0.94028676,-0.16792312,-1.0652184,-1.2591054,0.6499728,-0.9260246,-1.0801194,1.3922229,1.4146028,-1.3618858,0.72858214,0.20846197,-0.65321034,0.84299326,0.118597016,-0.62216765,0.5789815,-0.75906193,0.04597204,-0.1488416,-1.0112839,-0.89300793,0.21499494,-1.5346782,-1.33979,0.54674673,0.9230259,-1.7468666,-0.48002905,0.20799474,-0.42027798,0.86549586,0.31654343,-0.4009038,-0.13717094,-0.80207956,-0.31163198,-0.16964552,0.8774806,-0.26965514,0.34422594,0.67453974,0.15267348,0.089892425,1.7901516,-0.08575192,0.8772415,1.5409096,1.2857838,-0.68287325,0.91240835,0.30285734,-0.50147325,1.1143451,-1.6256578,-0.6273844,1.9890362,-0.4699501,-0.8079532,-0.96195257,0.388923,0.12920904,-0.3220381,-0.45297748,0.7922988,1.4534764,1.0674598,2.3663242,0.053041916,-0.6074573,-0.56633645,0.5371498,-0.73529035,-0.69620216,0.49975824,0.7716211,2.5733507,-0.2594161,0.2194231,0.73429364,-0.9481465,-0.9794903,0.33818847,0.3264386,-0.7146311,-0.62322766,0.7578331,-1.3507433,0.1670557,-1.9631279,-0.28401563,0.5990322,0.62603325,-0.76314104,-0.028603697,0.7972319,-0.07366018,-0.37821144,0.8434559,1.5028743,1.1620076,-0.8379469,-1.4317188,0.80825293,-0.52086556,-1.4000164,0.43570465,-0.63031113,-0.59402025,0.19495979,-0.7972703,0.25776297,-0.15742569,-0.33698973,1.5159795,0.46812296,-0.5052594,-0.29551294,-0.8146105,1.8935896,-0.5796113,-0.36794075,1.2086749,0.62188053,-1.1539555,0.80729103,-0.98635846,0.21496546,-0.6627799,0.6089774,0.6619184,0.637039,-0.40432954,1.3616897,-0.8043068,-0.30913383,0.34600902,0.86846465,-0.38498777,0.23364139,-2.0149884,0.7973064,-0.8229453,-1.1761124,-0.4064936,0.008141679,-0.5921731,0.16310373,-0.29102874,0.5090676,0.2120069,-0.927137,0.20177391,2.4162254,-0.93931735,-0.78926826,0.6044671,0.47321233,-0.8067483,0.086977765,1.8241031,0.5515379,1.2791331,-0.9874765,-0.57431996,-0.46780497,-0.23823735,-0.5791086,-0.1582394,-1.0368298,-0.43377146,0.839112,-0.04701662,0.46051878,-0.87566966,0.20714548,0.71051013,-1.1618732,-0.30769166,0.24685721,-0.40261525,-1.2494041,-1.4506186,0.6568107,1.2128738,-0.6697947,0.22354881,0.5392776,1.2889122,0.9079393,0.07777025,-0.7734376,0.35220698,1.0204842,0.5978683,-0.9450321,-1.1938789,0.6401011,1.3096992,-1.1980895,0.35026953,-0.27846193,-0.36534482,-1.5068214,1.0659263,0.5029892,-0.068072334,1.244011,0.2551033,0.24596289,0.3753676,-0.5082177,-0.13660964,-0.18233617,-0.39944273,-0.33963883,-0.33713058,-0.8484701,0.28063232,-1.1770756,0.4085943,-0.0226582,0.8299446,-1.2017386,0.236057,-0.49257773,0.3308,0.27808368,-0.2112569,-0.8918632,-0.50838965,-1.0318317,1.268844,0.5426642,-0.3487177,-1.3630674,0.5868279,1.1831509,0.24405117,-0.40856665,0.29058832,0.6680459,-0.9218036,-0.12583205,-1.6173872,-0.51168156,0.18910296,1.3507519,-0.6532322,0.71075743,-1.3884009,0.9459607,-0.04586668,-0.8971712,0.35624072,-0.32635802,-0.43046054,1.9666197,0.9479235,0.31183726,0.51724964,0.5141284,0.9397165,0.026537651,-0.2058374,-1.3655188,0.49918175,1.556286,0.36589754,-0.5479642,0.024026703,0.60336715,-0.48971215,1.3974737,-0.2536891,-0.4027875,-0.9624936,-0.15283158,-0.15559138,-0.0037285448,-0.41480106,0.2011979,-1.1029274,0.26405203,-0.8800082,-0.609998,0.2474242,-0.84581107,0.15744296,0.38058883,1.3160187,0.4628665,0.55678874,0.78374636,-0.74800736,-0.1547012,-1.1551399,-0.45538944,0.56530756,-1.048661,0.3218232,0.8330647,0.7744292,1.5198742,0.29297113,-0.5852811,-0.011060178,0.09916183,0.06714941,0.17532961,-0.3475837,-0.36734805,0.39328068,0.091078095,-0.3030921,-1.1815056,-0.151785,-0.16017048,0.77123106,0.19956693,0.6613836,-0.54046166,0.038670152,1.8463554,0.47597066,-0.23597941,0.0
ツ,0.5930546522140503,0.6319737434387207,1.0374304056167605,-0.3383469581604004,-0.3173145055770874,0.1539123505353927,0.3153692781925201,0.1515471637248993,-0.4578653573989868,-0.2202220112085342,0.5763997435569763,-0.3914760649204254,-0.1334523111581802,0.279024213552475,0.3356066644191742,0.1374870091676712,0.261563777923584,-0.228357583284378,0.0492620840668678,-0.7415341734886169,-0.9501937627792358,-0.612515389919281,-0.4344922602176666,0.4547875821590423,0.0751314908266067,-0.2520163059234619,-0.4934850931167602,0.6057757139205933,-0.1709099560976028,-0.6646323800086975,-0.3495495319366455,-0.1441269516944885,-0.0062627103179693,-0.2704456448554992,-0.4186931848526001,0.3660819232463836,-0.0908106416463851,-0.167567566037178,0.2112042009830474,-0.3609657287597656,-0.0011444424744695,-0.2149135321378708,-0.4878867268562317,0.2321127206087112,-0.4773766100406647,0.6705694198608398,-0.0940615907311439,0.1549710631370544,0.2920421063899994,0.0608545802533626,-0.301110178232193,0.6008332967758179,-0.1358134150505066,0.0839150249958038,0.4559266269207001,-0.4414195418357849,0.2604157924652099,-0.4718002080917358,-0.1638858616352081,0.1065220534801483,-0.1598249673843383,-0.117468774318695,0.4507288932800293,0.1673110127449035,-0.1664277017116546,-0.2495895326137542,0.2202233672142028,-0.1808768361806869,0.1080668717622757,-0.9672194123268129,-0.1319510638713836,-0.0258802082389593,-0.1504610329866409,-0.4684182703495025,0.4988673627376556,0.0243514459580183,0.0468619428575038,0.281541645526886,0.3764991760253906,0.0390359312295913,-0.0303812641650438,0.5560542941093445,0.2749850749969482,-0.651585042476654,-0.1586238443851471,0.2885416150093078,-0.5720490217208862,-0.9294161200523376,0.2649970650672912,-0.2499710768461227,0.1539921909570694,0.0467643775045871,0.1222413778305053,0.1437198668718338,-0.0880763903260231,0.0817514434456825,-0.0137730427086353,0.0303064100444316,-0.1829750686883926,0.2707027494907379,-0.1065154671669006,0.1084117665886879,0.2143130898475647,-0.4609081149101257,-0.1057035401463508,0.4346997737884521,-0.3124888837337494,0.1877999454736709,0.2352217584848404,0.0921714007854461,-0.1803275495767593,-0.1840845793485641,-0.7123745679855347,0.1502789556980133,0.276150643825531,0.174813911318779,0.0092162927612662,0.3546351790428161,-0.4534464478492737,0.4601621031761169,0.0543807819485664,0.4500854909420013,0.1634600013494491,-0.5355239510536194,-0.2583604454994201,0.4782887399196625,0.1057405769824981,-0.0972614884376525,-0.3854002952575683,-0.0368733704090118,-0.514321506023407,-0.1660285741090774,-0.2616156935691833,-0.2344823181629181,-0.1488438099622726,0.975131094455719,0.0155135244131088,0.0206181351095438,-0.0267561897635459,-0.0891184881329536,-0.6971913576126099,0.3064770698547363,0.1040750816464424,-0.3078424334526062,0.2364470064640045,0.0845491215586662,-0.6164693236351013,-0.0115081584081053,-0.0982868075370788,0.4136125445365906,-0.235832080245018,0.9884220361709596,-0.7586669921875,0.4721824824810028,0.3416218757629394,0.2273471504449844,-0.4137569367885589,0.0671729147434234,0.2239904552698135,0.2378989607095718,0.3375002145767212,-0.3559703230857849,0.247457280755043,0.5228894948959351,0.1553430408239364,0.3290236294269562,0.676953911781311,0.103399820625782,0.1686213165521621,0.62786465883255,0.2534085512161255,0.4748419821262359,0.4065767228603363,-0.2254323065280914,0.1255124062299728,0.1808753758668899,0.3665626943111419,0.0411012805998325,0.0633999481797218,-0.3038116693496704,0.4024868905544281,0.2254656553268432,0.3915956318378448,-0.3898278176784515,0.1647123843431472,-0.0910687670111656,-0.0617955885827541,0.0792720392346382,0.0214447602629661,-0.0055477647110819,-0.1618338823318481,-0.1388651579618454,0.3173314034938812,-0.3409028053283691,-0.1761266440153122,-0.6223565340042114,0.0821443051099777,0.0842387229204177,-0.567101240158081,0.241387128829956,0.0837173238396644,0.0320969186723232,-0.0850063040852546,-0.6650980710983276,-0.9847548604011536,0.0360095836222171,0.2418181151151657,0.608451783657074,0.8069567680358887,0.2817661762237549,-0.0929860472679138,0.0025327710900455,0.4189474284648895,0.1991522014141082,0.485445111989975,0.1928444653749466,-0.3371909856796264,-0.4526413679122925,0.0030248225666582,-0.2514255344867706,0.3635325133800506,-0.0099133113399147,0.2246678471565246,0.0934928953647613,0.3120204508304596,0.5910230278968811,0.2896163165569305,-0.3115378618240356,-0.1828919202089309,0.1783300340175628,-0.4448637664318084,-0.4783354699611664,-0.6947966814041138,-0.2774333655834198,-1.0658609867095947,-0.0827516540884971,-0.1445768922567367,0.4428964853286743,-0.3884681761264801,0.1798025071620941,0.0841944590210914,-0.2345711141824722,0.1725807636976242,-0.6224339008331299,-0.0922546982765197,0.2920223474502563,-0.2571264207363128,0.0242164116352796,-0.225935161113739,0.0769189149141311,-0.1192925572395324,-0.6405526399612427,0.4774881899356842,-0.2450895309448242,0.589251697063446,0.2126409113407135,0.4180489480495453,-0.5161406397819519,0.4680569469928741,-0.6232519149780273,0.1649843901395797,-0.4072391092777252,-0.2560926079750061,-0.1045086085796356,0.0366087295114994,-0.0440852269530296,-0.0167182590812444,-0.7414343357086182,-0.7632670402526855,-0.6710200309753418,0.4081059396266937,-0.377534419298172,-0.1795195043087005,-0.2686818540096283,0.0910318791866302,0.1884925812482834,-0.3949028551578522,0.3077177703380584,-0.4483177959918976,0.0859495624899864,-0.3695685863494873,0.0150235658511519,-0.4445623755455017,-0.0799343436956405,-0.2071684449911117,-0.120681457221508,-0.3154639303684234,-0.2612346708774566,-0.4708123803138733,0.5485602617263794,0.3390340507030487,-0.5005316138267517,-0.1777542978525161,0.2373637408018112,-0.6711920499801636,0.5024250745773315,0.4335138201713562,0.5079692602157593,0.0920075923204422,-0.2375938147306442,0.1147491335868835,0.4105258882045746,0.1949232220649719,-0.5020098090171814,-0.0919230952858924,-0.2798886001110077,0.165445014834404,-0.1503764688968658,0.30274698138237,-0.0891336649656295,0.0801515132188797,0.800420343875885,-0.7201858758926392,0.3820748329162597,0.4184666275978088,0.6245318055152893,-1.5815598964691162,-0.1632732599973678,0.3239909410476684,0.1566168069839477,-0.2857618629932403,0.2133903056383133,0.6225133538246155,0.1327646970748901,-0.507827639579773,-0.6074549555778503,0.7863492965698242,-0.1371297836303711,-0.0402927659451961,0.1294665932655334,0.4333170354366302,0.0955873802304267,-0.0722486898303031,-0.239398568868637,0.2700161635875702,0.3449332118034363,-0.4141068756580353,-0.1102446392178535,0.1782326102256775,-0.4787282347679138,-0.5979381203651428,0.5346753001213074,-0.2813994288444519,0.0462422184646129,-0.5265087485313416,-0.2266714721918106,0.2631429135799408,1.2355531454086304,0.9064568877220154,0.4722028374671936,-0.4690961837768554,0.0397255606949329,0.2951527535915375,0.092758722603321,0.4366799890995025,-0.4568349719047546,-0.0590069852769374,-0.2201783955097198,0.2607977390289306,-0.0003320178657304,-0.206950381398201,-0.2997709512710571,0.0006510087405331,-0.2240550220012664,0.1381222307682037,0.1757456362247467,0.6392369270324707,0.5888489484786987,0.0719190686941146,0.2771028578281402,0.5820664763450623,0.2163119614124298,-0.1702637523412704,-0.640766441822052,-0.2304135411977768,-0.5685872435569763,0.0290704946964979,-0.3389539420604706,0.0312527008354663,0.1812687963247299,-0.0644818320870399,-0.2559150457382202,-0.190084308385849,-0.7557110786437988,-0.0313365347683429,-0.6441577672958374,-0.1468411535024643,-0.4338350892066955,-0.1419647932052612,-0.5825140476226807,0.5226696133613586,0.2565320134162903,0.4118370413780212,-0.2655712366104126,-0.6843339800834656,0.3323074281215668,-0.4003994166851043,0.2062298655509948,-0.1335920840501785,0.2605097889900207,-0.4813299477100372,0.0242689289152622,-0.0752809643745422,-0.4781084060668945,-0.5651113986968994,-0.088708259165287,-1.045231580734253,-0.0479845367372036,-0.2665314972400665,0.8264502882957458,-0.0327674336731433,0.285120278596878,0.0431138947606086,0.2529205977916717,-0.152341291308403,-0.3423779010772705,-0.2893217504024505,0.3020348250865936,0.6612731218338013,0.5661771297454834,0.5040283203125,0.3274131119251251,0.3739674389362335,0.2123314440250396,0.3675148487091064,-0.077611893415451,-0.7367231249809265,-0.1211641952395439,0.4992361962795257,-0.1675801277160644,0.1143235266208648,0.1704015135765075,0.1820055246353149,0.7767773270606995,-0.4027236700057983,-1.3625963926315308,-0.036233089864254,0.2313139140605926,-0.0061171520501375,0.395618587732315,0.6893584728240967,0.6493796110153198,0.1688758134841919,0.3078279197216034,0.1799433827400207,0.0588066093623638,0.348358154296875,-0.1077641621232032,0.4429264068603515,0.1758044362068176,0.4120401740074157,0.5611658096313477,0.2704443037509918,0.3965398371219635,0.7224353551864624,0.5814869999885559,-0.3756316006183624,0.3890821933746338,0.2342062145471573,-0.0645181462168693,-0.4640446305274963,0.3887246251106262,-0.532438337802887,-0.1560401171445846,-0.4403444826602936,0.1383714377880096,0.8855701088905334,-0.3944266736507416,0.4827744364738464,-0.3917814791202545,-0.3315642774105072,-0.5335702896118164,-0.6436577439308167,0.225389301776886,-0.3714775443077087,0.004747531376779,0.4039610922336578,0.0167642422020435,-0.6071538329124451,0.1637975424528122,0.3150565326213836,0.5812759399414062,0.1684347242116928,-0.3420390486717224,-0.0363199412822723,0.5715809464454651,-0.2086262553930282,-0.0129445828497409,0.173548474907875,-0.0556816048920154,-0.2279419898986816,-0.9748454689979552,-0.5031415224075317,-0.1166454181075096,0.0946948006749153,-0.5069720149040222,0.675150454044342,0.4821428060531616,-0.5622348785400391,-0.2528059482574463,-0.3165469169616699,-0.0573950409889221,-0.0856062024831771,-0.5313248634338379,0.103178858757019,-0.0795996412634849,-0.0123421298339962,0.6556701064109802,0.5359843373298645,-0.4287244081497192,-0.0557401143014431,0.5663303732872009,0.3626473546028137,0.042487870901823,0.2001436948776245,-0.4511834979057312,-0.4796603918075561,0.0560747161507606,0.2924157381057739,-0.089206226170063,-0.1261716783046722,-0.2473555207252502,-0.5904003977775574,-0.5416514277458191,-0.3029631376266479,-1.245996356010437,0.4305896759033203,-0.0474571697413921,0.3658763170242309,-1.0936464071273804,0.2656297981739044,-0.1482317149639129,0.4529084265232086,-0.1175688505172729,0.5350407958030701,-0.0783148407936096,-0.8816331028938293,-0.0290599912405014,0.2554600834846496,-0.4953828155994415,1.0187796354293823,0.5998725891113281,-0.3338018357753753,-0.2952187061309814,0.2195363789796829,0.1347533464431762,-0.1538268029689788,0.1619288921356201,-0.2186457812786102,-0.3780580461025238,0.0816185697913169,-0.0991635993123054,0.3998847305774688,0.3499682545661926,0.0132835768163204,0.0784867256879806,0.7465474605560303,0.167585402727127,0.5677454471588135,0.3431079685688019,-0.6401307582855225,-0.0630431696772575,-0.4246980249881744,0.2371137887239456,0.1239999681711196,0.7866754531860352,-0.2244578599929809,0.34340900182724,0.6815798878669739,-0.2369484007358551,-0.1116271018981933,0.549222469329834,0.0797847285866737,0.3611436784267425,-0.1648872792720794,0.0869230479001998,-0.979767382144928,0.3181458711624145,0.2978108525276184,0.1512073874473571,0.0599983111023902,0.1215851306915283,0.0128585761412978,-0.8224067091941833,0.2650946974754333,0.0652206242084503,-0.265663743019104,0.2789573669433594,0.324606329202652,-0.0627619698643684,0.8225252628326416,0.3374103605747223,-0.2739810645580292,-0.0544343329966068,-0.1593586653470993,0.8004461526870728,0.8542128205299377,-0.137147456407547,0.4373861253261566,-0.4904538989067077,-0.8217084407806396,0.2437671273946762,0.1175533384084701,0.3254854381084442,0.608734130859375,-0.4999359846115112,-0.3563725054264068,0.648382842540741,0.2604873180389404,0.1238970682024955,-0.2658562362194061,-0.4231884777545929,0.3213720619678497,-0.0952896773815155,-0.0999052971601486,0.2133684456348419,0.2749728560447693,0.5598160028457642,0.474202036857605,0.1232558265328407,-0.3892777860164642,0.7708496451377869,0.0401249155402183,-0.4257298409938812,0.1605914384126663,-0.6243446469306946,0.1913665384054184,0.2539394497871399,0.3622981011867523,0.1147514209151268,-0.3004081547260284,0.2212794125080108,-0.3058556020259857,-0.1422671228647232,-0.3531127870082855,0.4561539590358734,0.1532309055328369,-0.0816366374492645,-0.2919953167438507,-0.506588339805603,-0.2151989787817001,-0.022124245762825,-0.8622197508811951,-0.062067974358797,0.0931381061673164,0.248438075184822,-0.2223546653985977,-0.0184063073247671,-0.7270002365112305,-0.3781671822071075,-0.3258433640003204,0.3780666291713714,-0.7069383859634399,-0.3961071372032165,0.5641794204711914,0.0921429172158241,-0.0190799348056316,-1.3055930137634275,0.5102050304412842,-0.0726425573229789,0.244777649641037,-0.1593020558357238,0.1414137631654739,-0.4171003997325897,0.0453599132597446,0.0863836333155632,-0.2981536984443664,0.0865919068455696,-10.187033653259276,0.2162238210439682,-0.5153321027755737,-0.4303008615970611,-0.500162661075592,-0.0747401714324951,0.8724194765090942,0.4472564160823822,-0.1867846846580505,0.6053003072738647,-0.1999603658914566,0.610309898853302,0.3539019823074341,0.026266511529684,-0.1964733153581619,0.0974662229418754,-0.2961273491382599,-0.0557382181286811,-0.2707590460777282,-0.0954452827572822,-0.4605646729469299,-0.3728103935718536,0.7333937287330627,0.4507887959480285,0.629659116268158,-0.1577025353908538,0.1320483535528183,0.413061648607254,-0.3313141167163849,0.3687202632427215,-1.037243366241455,0.5492420196533203,-0.3114286065101623,0.7603781819343567,0.1523233950138092,0.0801357626914978,0.0627902969717979,0.1707354187965393,-0.2683981657028198,0.4237218797206878,0.4935589134693146,-0.0309099871665239,-0.0772415921092033,0.0353514850139617,-0.298044204711914,0.0358415953814983,-0.1193246468901634,0.075347863137722,0.5912200212478638,-0.2721285223960876,-0.0493429005146026,-0.1865812689065933,0.133067637681961,-0.2255179733037948,0.2005201876163482,0.1497281491756439,0.8183289170265198,-0.664590060710907,-0.3175504505634308,0.0987665951251983,0.5905869603157043,-0.0658743679523468,0.4694211781024933,0.6204165816307068,0.104325532913208,0.5022666454315186,0.3527027368545532,0.2424290180206298,-1.142908215522766,-0.2231483608484268,0.3112803101539612,0.7615343332290649,-0.0210704356431961,0.0310787577182054,-0.168237954378128,0.2661822736263275,0.1296748220920562,0.1882065534591674,0.4320928156375885,-0.0768738389015197,0.1991636008024215,-0.185180589556694,-0.0695248767733573,0.5907264351844788,-0.708386242389679,0.1378110945224762,-0.0611194148659706,-0.3213564157485962,0.2627412974834442,-0.4816176295280456,0.314485490322113,-0.1782543659210205,-0.8476414680480957,0.5249963998794556,0.7515106797218323,-0.3503181636333465,-0.3775286376476288,-0.0929861590266227,0.2224091589450836,-0.2934626340866089,-0.6896365,-0.17312808,1.0877174,0.6202361,-1.090518,-0.27663866,-0.984719,1.3191646,1.8889227,0.11539031,0.50082636,-0.9709225,-1.0577425,2.1015217,-0.8262332,-0.5738544,0.3097573,-0.9215796,0.28319353,0.35466835,0.48591542,0.9342292,0.71609706,-1.0636709,1.4212419,0.17708124,1.1893212,-0.5330309,-0.23214304,-1.4052385,0.044701308,-0.732991,-1.1704788,-0.43968877,-0.13088413,-0.49710622,-1.4981966,0.84339064,-0.027673712,-0.83788747,-0.50301963,0.893614,0.32921812,-0.32080472,-0.7312067,0.20661859,1.7335778,-0.29139718,0.8250239,-0.5508361,-1.250671,-0.6362782,0.57298046,0.65939814,0.73681575,-1.1714516,1.0071646,0.87895113,0.04891761,-0.16349831,0.4298263,0.22210734,-0.7606917,-0.68546456,-0.017568246,-0.046102446,-0.5965258,0.3525701,0.09579527,-0.023825163,-2.406404,-1.4177829,-0.74714154,1.0030365,-1.456232,0.7408698,0.23249936,-1.1304386,-0.0250039,-0.42490232,0.18817359,-0.9544808,-1.063362,1.4452854,-1.1900853,-1.3044072,0.08178398,-0.30479464,-0.98034674,-0.4692235,-1.1261641,-1.8847647,-0.80699986,-1.3853636,1.832729,0.07746753,-0.92240506,-1.0212275,-1.0808086,-0.1779087,-0.044017892,0.9111586,0.57176167,-1.0994495,-0.9913184,-0.41792998,-0.16418658,-0.4106411,-0.3272538,0.9356189,0.3270072,0.35547742,0.7644003,1.9104948,0.010838658,0.6744461,-1.7576448,-0.64895684,-0.07412068,0.4226172,1.7485181,0.7323298,-0.050101455,0.48406434,-0.094138496,0.6210128,0.42655978,-0.72263485,0.3081843,0.57259804,0.5785585,-0.52031016,2.6569452,0.35555112,-0.75124884,-0.64538723,-0.14389938,0.28444633,1.2577082,-1.2399274,-0.19381134,0.7221048,-0.38946548,0.08701653,0.7475712,-0.5900935,-0.06988797,0.9403271,1.2972974,-0.109344386,-0.7250487,-0.18027842,-1.7237835,0.21201949,1.2496718,-0.2001277,0.14017777,0.9422519,-1.4401778,1.167415,-1.235247,1.2262905,-0.5960968,0.8555076,0.10368688,0.659131,-0.38822994,0.5270034,-0.6306288,-1.779954,-0.8666473,-0.67550606,0.8889144,-0.17530434,0.059583362,0.13613582,0.22012894,0.08067898,-1.2677175,-0.07109302,1.2799841,0.8937904,0.5375592,1.3300735,0.17180823,0.23784506,0.6220712,0.6947977,0.77526504,0.39062247,2.1046145,-0.108365715,1.0828937,0.9441021,0.4374086,2.6310084,0.5056242,-1.5970625,-1.7946037,1.2283746,-2.1781363,-0.355953,1.053363,-1.5214554,0.74996644,-1.4647738,-0.83671284,1.4315878,0.73594666,-0.16039324,-1.4040956,-1.705742,0.86954075,0.3942255,-0.509198,-0.5863666,-0.89352083,0.12372748,-0.32383493,-0.9279216,1.3181459,0.6882258,0.23126514,1.0875021,-0.58305955,0.7726684,0.43915847,0.10356065,0.44218516,0.40142336,-0.8443041,0.556516,0.28382447,0.12579189,-0.6726834,1.1620017,-0.6169257,0.47663555,0.15447243,0.8762322,0.9262302,0.26770642,0.24927115,0.08118498,0.038348276,0.5837361,1.1708255,0.2512499,-1.1644238,-0.23865636,-0.05768129,1.3173904,-0.384981,0.75171906,0.29694688,1.4404097,-0.44481227,0.41985747,-0.41589698,-1.079542,-0.1946026,0.67641544,0.3211769,0.084509455,0.38579142,-0.6312291,-0.51875556,-0.08562851,-0.13497517,-0.71711755,-0.7900737,-0.7732828,-0.5155968,0.49221253,0.7785948,0.66131604,-0.45924535,-0.8910232,-0.6822884,0.8661421,0.76046085,-1.5812508,-0.49524322,0.13999651,-1.246028,0.27721283,0.5412428,0.0102780415,0.09723268,0.23146634,-1.1855116,0.523463,0.94650155,1.117822,2.0474184,0.51744354,0.40691373,-0.5228245,-0.32201827,-0.63145906,0.1489797,0.5985195,-2.1843894,1.4552631,-0.78446245,-0.80813605,1.6295466,-0.9227817,-1.0386132,-0.78389263,0.29989704,-0.2592182,-0.9613727,1.2317375,-2.636055,1.7833681,-1.6685699,-0.17791598,-0.7814996,-0.1909126,-0.8258675,0.214684,0.3060204,0.5136356,0.5758457,0.04198815,0.48235703,0.28013095,-0.16346264,1.605313,0.18114638,0.68677384,-1.3908615,-1.810927,-0.49222162,0.5370689,-1.4397025,-1.20432,-0.36150336,-1.2039882,-0.1916744,-0.40883324,-0.51414776,0.82801396,-0.045541216,0.5343117,-0.938878,-0.7840137,0.3174269,-0.8576301,1.5378226,-0.08563843,1.0374799,-0.97772074,0.040887624,0.93796396,-1.006889,0.15428093,-0.67899305,1.8755366,0.38483825,0.3941367,0.57216436,0.5839586,-0.021080913,-0.98412436,0.9881547,0.6801799,1.6221415,-0.44979596,-0.4349375,0.7235969,0.10664562,1.0025192,-0.17712075,-0.41413197,1.3201264,-0.04790063,-0.35098413,0.19345509,0.12852955,-0.8090818,0.14581664,0.36904243,0.64765114,-0.2016448,0.76244694,0.3198819,0.65313596,-1.3613181,0.14524274,1.3960878,1.527145,1.02394,0.8464232,-0.54796463,-0.65431017,-1.95301,1.0451298,0.738837,1.0290598,0.45215258,-2.355871,0.7131736,0.29662305,0.8626637,-2.3732486,-2.0062017,2.024154,0.7568485,-0.034709733,1.2790312,-0.8293579,-1.5923542,-0.3105697,-0.19490744,-0.57308364,-1.4224844,-0.85818857,0.3886979,-0.43613756,0.96407825,0.8409737,0.9792838,-0.27064922,-0.67859286,-0.14641045,0.28273115,-0.6887097,-0.23654078,-0.3492831,1.2244835,-0.9944596,-1.0402657,0.48694095,-2.0261018,1.2546538,-0.25221148,-0.4143078,-0.41527435,-0.1332555,-0.8606942,0.3084435,0.04762833,-1.4440206,-0.20103545,0.9708586,-1.2307571,-1.6729221,0.6665588,0.8685932,-0.40235242,0.4655355,0.22695617,0.18515106,1.1956095,0.0373968,-0.54238945,0.369718,-0.81569237,-0.16643536,-0.4696109,-1.6111503,-0.27750096,0.6877119,-0.8834827,-0.8903063,0.7470849,0.29747313,-1.0431284,-0.6015139,-0.09124983,-0.12293405,1.4109503,0.67484766,-0.023700453,-0.9661022,-1.2137259,-0.20774937,0.54273945,-0.17445944,-0.5421381,0.45221087,0.23203027,-0.62005156,0.20798254,1.0062896,0.16067563,1.8453622,0.8357379,0.5359046,-0.6879878,0.5449741,-0.5559728,-0.7804821,0.3234096,-0.8625236,-0.70878196,1.6626064,0.24532078,-1.6376948,0.58442503,1.0605062,-0.48290345,-0.17309634,0.4709104,0.9474146,1.4174877,1.0490608,2.2495203,-0.3920547,0.0452825,-0.1700995,1.0549854,-0.87101775,-0.9741752,-0.0668522,0.48442984,2.455515,-0.41369176,-0.067114264,0.7115347,-0.4009335,-0.9743476,0.2734232,0.41851774,0.11398593,-0.391371,0.33984432,-1.2896434,-0.0143057285,-1.5121369,0.25523093,1.4831446,1.4575953,-0.37350544,0.32978815,0.8609264,0.44452175,-1.029739,-0.29674152,0.15166895,2.0719492,0.038145617,-0.74358195,1.1361828,-0.25600448,-1.6725498,0.18079448,-1.2327648,-0.7058112,0.3585483,-0.6146063,-0.3141183,0.012671005,-0.1930025,1.554872,0.2862681,-0.38802943,0.4864494,-0.91860366,1.1411395,0.3008347,-0.95496583,2.1491554,0.4485478,-1.152266,1.0870005,-1.5211449,0.94826335,-0.55063444,0.7795939,1.1958245,0.5068134,-0.87080127,1.3135122,-0.75452536,-0.7272708,-0.911073,0.85998774,-0.41821113,0.4518974,-2.0153341,1.2399503,-1.4656101,-0.7533342,-0.73067826,0.3589109,-0.42797086,0.35298076,0.009855352,0.07105238,0.1853494,-0.824635,1.1080047,2.0277376,-0.48128542,-0.9495011,0.43800008,0.6278005,-0.8169,0.1782505,2.7793167,0.05328238,0.5740772,-1.3718516,-1.0093846,0.5229737,-0.26737645,-1.8450346,-0.6937892,-0.27772057,0.3465732,0.44215894,-0.5060044,0.8995624,-0.881437,0.45607385,0.6973553,-1.0863394,-0.10729292,0.25629142,-0.5826838,-0.93959594,-1.2396278,0.7656336,0.9087887,-0.63000625,0.76222676,0.79858404,1.7448454,0.29528823,-0.57117915,-1.1518989,0.4989283,0.8221104,0.5719516,-1.2944694,-0.754255,0.19013953,1.065998,-0.4307659,0.16271254,-0.043861497,-0.29117924,-1.1668028,0.78511184,-0.14721946,-0.53490406,0.8986816,0.34949324,0.034715146,0.4447495,0.06500303,-0.080569826,-0.04900234,-0.60801315,-0.4447365,0.01137647,-0.7113134,-0.003162168,-0.2875708,0.6686061,-0.6794347,0.500498,-0.9147275,0.46175286,0.2270801,-0.12673299,0.6560783,0.5462699,-1.2726759,-1.2651864,0.017620638,1.6045746,0.7322879,-0.15617216,-0.4956754,-0.03576337,1.5761633,0.63207006,-0.39968434,0.06464623,0.5751638,-0.00019207348,-0.39913747,-1.3906151,-0.9276697,0.046344664,-0.06062885,-0.98965853,1.5083379,-1.6017095,1.4622384,-0.6333843,-1.3210238,-0.5810756,0.549788,-0.68203497,2.3135865,1.2755712,-1.0793617,-0.17782427,0.69860584,0.37182835,-0.9900191,0.093191706,-1.093582,0.61690646,2.1876185,0.29365554,-0.86559194,-0.0972986,0.2093331,-0.97250223,0.97914004,0.12942527,-0.39230213,-1.2622939,-0.50323915,-1.5001746,-0.58525217,-0.9144688,0.4550564,-1.3776659,0.9286118,-0.6500518,-0.9609533,0.1694531,-0.6646232,-0.11239081,-0.43311453,1.0349821,0.8217433,0.5624345,0.36104438,-0.8662738,-0.22478639,-1.0550052,-0.8202815,0.29429182,-0.8434312,0.7982239,0.40468213,0.9959643,1.6019167,0.23781615,-0.89472246,0.97038865,0.011544625,0.41087577,-0.79028726,-0.83264285,-0.5803465,0.39244914,0.5481794,1.0781126,-1.758174,-0.11021927,-0.37961963,0.21481074,-0.19533747,0.4558477,0.39661875,0.020066475,1.9997916,1.277623,-0.20563455,-0.76596403,-0.73028547,0.7095662,0.76688457,-1.2768594,-0.8813167,-1.4235961,0.9435861,1.1039691,0.35779065,0.85136956,-0.24339709,-0.94916224,2.1126964,-0.84863186,-0.14295298,0.7403567,-1.4869852,0.44136077,-0.123417795,0.32304087,0.29032415,0.4072948,-0.9353629,0.57449675,0.40327913,0.75901,-0.49596685,-0.6907426,-1.4697137,0.15743342,-0.400379,-0.9508295,-0.3211434,0.18258181,-1.1723818,-1.3880708,1.387701,-0.20393363,-0.78244454,-0.9055924,1.2137135,0.29166597,0.053950373,-0.6913488,0.06067086,1.7549919,-0.37550694,1.3353282,-0.26261604,-0.8405253,-0.6551249,0.32972234,0.9835283,0.48283625,-0.4544825,1.0749855,1.0056045,0.38003084,-0.4238196,0.11297872,0.5629741,-0.5741358,-0.53021634,0.26603305,0.37446997,0.03501817,0.17292663,0.054100405,0.17781624,-2.4407246,-1.6293314,-0.5215415,1.1791182,-1.7857906,0.50558764,0.10697582,-1.1969298,0.19829148,-0.25437298,0.22449134,-0.5624713,-0.94196564,1.8304297,-1.1991669,-1.729563,-0.18866837,-0.15088803,-1.0624636,0.27917677,-0.66965556,-1.9511063,-1.5049286,-1.3605052,1.3136257,0.31876862,-1.1397531,-1.0968271,-1.5383775,0.110478155,-0.09446245,1.089516,0.61457336,-0.8586428,-0.99232686,-0.48022687,-0.5777704,-0.4680472,-0.5866574,0.51765835,-0.33851516,0.6833081,0.5053244,1.5305324,0.65047777,0.94052505,-1.4619929,-0.67995846,-0.5040626,0.29313082,1.4749949,0.7274214,-0.24580911,0.40860242,0.148344,1.4107919,0.42167717,-0.7837953,0.25474796,0.03512095,1.1085227,0.03305973,2.6769001,0.5450667,-0.49128157,-0.15489472,-0.15122196,0.47217858,0.80051917,-1.0113328,-0.5405269,0.13387673,-0.62036884,-0.13224073,0.35718518,-0.66927636,0.47325295,1.1436206,1.4450188,0.5077207,-0.2611848,0.16935647,-1.3034949,0.0867467,1.5587882,-0.31774676,0.01592276,0.5279715,-1.457404,1.4927984,-0.39915517,0.67669874,-1.1160892,0.8932411,0.016026504,0.1478852,-0.9263232,0.7630643,-0.5715331,-2.4484975,-0.47711876,-0.53213286,0.968036,-0.2227835,0.17743556,-0.20560095,0.23273908,0.15506214,-1.2807064,-0.15687807,1.637397,0.9177283,-0.10612873,1.1360883,-0.32227585,0.69734204,0.75812286,0.7020571,1.129488,0.19551177,1.3440429,-0.631662,1.1296226,1.0365524,0.8747538,2.7510848,0.64338636,-1.4852777,-1.3162482,0.77322733,-2.5359485,-0.5703713,0.5020718,-1.6714759,1.0936767,-1.6141396,-0.927137,1.6727252,0.553394,0.27379838,-1.4203303,-1.6918709,0.7663616,1.1279955,-0.36137834,-0.1719187,-0.97061944,0.63688856,-0.76515853,-1.1161191,0.9279802,1.3282828,0.38713667,1.4871428,-0.63709027,0.46075487,0.25498524,0.49844515,0.68871903,0.94105446,-0.9785923,0.7661886,0.7351989,-0.10264126,0.042329594,0.41932237,-0.64109904,0.49244744,-0.19011118,0.68799865,0.5171987,-0.003296055,0.120590925,-0.5017067,0.43798232,0.544076,1.2080784,-0.30988294,-1.4568443,-0.18454532,0.36067432,1.2184194,0.20230578,0.60954666,0.14492404,1.2304848,-0.63413936,0.18513605,-0.326442,-0.94696444,-0.5268718,0.61978585,0.2884035,0.34348157,0.32406238,-0.7796212,-1.147969,-0.07188484,0.33561775,-0.731775,-1.2394205,-0.82065475,-0.6570136,0.08203267,0.49629003,0.4600653,-0.98952055,-0.65218633,-0.120728016,0.6984234,0.79467,-1.3962659,-0.19760543,-0.095032215,-0.9660976,0.3652434,0.19380437,0.17090808,0.113650754,0.56338817,-1.09689,0.6757469,0.09478194,0.77823085,1.795464,-0.08494179,0.9890382,-0.59407645,-0.39625314,-0.5363008,0.32370743,0.33325586,-1.571769,0.80014026,-0.5839591,-0.62460965,1.2257475,-1.1077735,-0.2153113,-1.3805765,0.30966857,-0.70651394,-0.54892516,2.0886374,-2.5944185,1.8336859,-1.8510876,-0.49375832,-0.7732716,-0.92348987,-1.2277788,0.48791465,0.27604505,0.1734042,0.3621336,0.2103841,0.2552476,0.32260975,-0.16257924,1.636655,-0.25472277,0.30202982,-0.8624573,-1.6253358,0.03502445,0.65480524,-1.1465933,-1.0902836,-0.78685164,-0.65605384,0.00052534044,-0.060863167,-0.4098752,0.73876595,0.14131692,0.4705593,-0.69325924,-0.26058528,-0.26572472,-0.40261972,1.7105832,-0.09489958,1.6782861,-1.2703992,-0.363459,0.3411779,-1.4027175,-0.03495329,-0.41274378,1.7333221,0.4630453,0.39323434,0.304448,0.6482335,-0.060662106,-0.2263316,0.87657475,0.6148677,1.7980924,0.49933225,-0.1002872,1.4153177,-0.3815629,0.7953259,-0.357952,-0.39013356,1.6386158,-0.105937555,-0.46133018,0.16294517,-0.28123277,-0.9615869,0.09722969,0.65649116,-0.07239595,0.23896383,0.66128564,0.372747,-0.47483167,-1.1977994,-0.38971034,0.90376604,1.2315688,1.1437299,1.4134488,-0.5434759,-0.616139,-2.1101782,0.20037425,0.78024566,0.7594608,0.54763323,-1.73488,1.1094748,0.75196296,0.41853288,-1.6403157,-1.6716257,1.6721795,0.10444402,-0.010194051,1.8751354,-0.49868408,-1.2426891,-0.5459771,-0.19535792,-0.15737289,-1.2088139,-0.55495584,0.12251577,-0.27257758,1.2872804,0.90585864,0.5761051,-0.30869782,-0.6601446,0.5360595,-0.15226094,-0.9845566,-0.12800667,-0.10076577,0.17478245,-1.5839318,-0.8781801,0.64566946,-2.0035267,1.2683446,-0.05426114,0.0022538006,0.34974906,-0.2919054,-1.0501953,-0.07374607,-0.17458193,-1.2020746,-0.5261626,0.754572,-1.316639,-1.0549576,1.1009998,1.1232753,-0.5628014,0.8972777,0.53835106,-0.34288397,1.0672797,-0.1118488,-0.52825296,0.26781437,-0.23941739,0.07862508,-0.49924237,-1.4177037,-0.37725645,0.5530933,-1.1034918,-1.3422772,0.4778258,0.482233,-1.0910517,-0.89588875,-0.0309294,-0.51201975,0.51601297,0.73968214,-0.4681177,-0.47825432,-0.7943086,0.043750793,0.113170184,0.2420453,-0.62203956,0.35385928,0.20479803,-0.4608496,0.33831194,1.3080779,0.030792281,1.805641,1.492959,0.5180633,-0.35656685,1.1068008,-0.28283745,-0.49481666,0.7941787,-1.1570917,-0.6156191,1.227707,0.036413144,-1.0182135,-0.31199032,0.50017893,-0.47491795,-0.4840203,-0.24189988,0.63924533,1.5701678,1.292457,1.8056241,-0.126337,0.10268654,-0.45306385,0.71914333,-1.2736322,-0.5577016,-0.50999856,0.7468454,2.582086,-0.62419915,0.064899236,0.6524995,-0.9319941,-1.2758123,0.16888379,0.25606596,-0.035931613,-0.54556936,0.5655228,-1.4211203,-0.052703165,-1.5607417,-0.16747873,0.9862268,1.3246928,-0.81958973,0.35055825,0.9047962,0.053315774,-1.2486724,-0.429844,0.67757416,1.8185362,-0.09925396,-0.88967496,0.7489855,-0.18274473,-1.6359825,0.13842675,-1.2815045,-0.72590065,0.4276982,-0.5156469,-0.29956824,-0.06478329,-0.47836462,1.1239897,0.15499543,-0.13213226,0.7802092,-0.39798042,1.2291663,-0.013655543,-0.6868779,0.998666,0.6070274,-1.4949774,0.47808254,-1.4794943,0.8629911,-0.46617872,0.7390682,1.0735391,0.2879579,-1.0042015,1.4532337,-1.1292664,-0.0024649203,-0.38995534,0.38397956,-0.19668458,0.40973848,-1.6107297,0.7799434,-1.5518777,-0.9761793,-0.25337794,0.6067857,-0.30893248,0.24009404,-0.59884775,0.81051534,0.304626,-0.89339477,0.20005009,1.7411256,-0.2865408,-1.2924111,0.31189162,0.40237367,-0.76402813,-0.28891578,2.4349225,0.15137205,0.5463409,-1.3992255,-0.9865804,0.55133456,-0.2301471,-0.772023,-0.38315022,-0.3488838,0.016864337,-0.119311854,-0.22630839,0.88574433,-0.62435573,0.24610847,0.7230531,-0.67811894,-0.5400075,0.32183957,-0.9062376,-0.85766816,-1.3634847,0.53916395,0.75188726,-0.7183534,0.9618079,0.76793784,1.6265832,0.8636593,-0.20577344,-0.90064025,0.46210486,1.3867915,0.6763836,-1.2074213,-1.2375965,0.40444636,0.66520464,-0.72861755,-0.1818882,0.1121973,-0.51504284,-1.488683,1.1401592,0.62174714,0.0056551546,1.2689726,0.5968984,0.1268298,0.64820576,0.18553546,0.25241444,-0.13313499,-0.7834415,0.1637667,-0.09508477,-0.9037012,0.3836873,-0.41248155,0.4655155,-0.7168188,0.4461343,-1.5982357,0.45992887,0.033306606,0.38068897,0.7757309,-0.017159611,-0.9650253,-0.63593405,-0.052837323,1.5116183,1.0303628,-0.41406304,-0.4766165,0.06465313,1.2715918,0.9143335,0.37193403,0.46321654,0.10503015,-0.25266185,-0.51299036,-1.2219372,-0.68717635,0.22333694,0.17977855,-0.6083027,1.3127106,-1.5590743,0.9578109,-0.30674812,-1.2362942,0.12798458,0.0756552,-0.93656325,2.2446737,1.3580205,-0.48192278,-0.15052018,1.0606428,0.90592444,-0.79785866,-0.09479215,-1.5908685,0.8092233,1.5757053,0.60077125,-1.3033904,0.18270628,0.1604239,-0.6591443,1.3209969,0.1594995,-0.6776986,-1.417434,-0.2499935,-0.8482034,0.20962569,-0.30469885,0.45245048,-1.2087562,0.6362748,-0.2003635,-1.0201173,0.44099802,-0.5975754,-0.24004796,-0.8433686,1.3937085,0.71169776,0.6071396,0.736041,-0.2184663,-0.16149412,-1.2373896,-0.7057443,0.44408423,-0.95326996,1.1084344,0.47535026,1.0113038,1.6187508,0.256258,-1.1382008,0.4353947,-0.3833858,0.6018625,-0.51418173,-1.0961318,0.19184475,0.4009328,0.63212436,0.7559371,-1.3122451,-0.4743651,-0.11860773,-0.13959874,-0.18388532,0.8662954,-0.24577773,-0.05053957,2.2169874,1.2113779,0.28327134,0.0
ク,0.2601964771747589,0.7716675400733948,1.1591545343399048,-0.2490427196025848,0.6242895722389221,0.5124413371086121,0.2772069573402405,0.0134479375556111,-0.6325500011444092,-0.3895764648914337,0.5369018912315369,-0.404379665851593,-0.396104484796524,-0.0910567492246627,0.0537040866911411,-0.2777827978134155,-0.3012771606445312,-0.4784837365150451,0.0834780931472778,-0.1909854412078857,-0.834200382232666,-0.4679176807403564,-0.5020633339881897,0.9456928372383118,0.210563376545906,-0.6258668899536133,-0.1731959581375122,0.2517300546169281,0.5088326334953308,-0.4245054423809051,-0.1459442377090454,-0.0404359847307205,0.167103886604309,0.1442810446023941,-0.6581206917762756,0.2515282332897186,-0.078828826546669,-0.1900695413351059,0.4837754368782043,0.5080987215042114,0.2041688114404678,-0.4527918398380279,-0.1881830841302871,0.2095185965299606,-0.2644474804401397,0.6208105087280273,0.2297912985086441,0.1752271950244903,-0.0829321965575218,-0.6430364847183228,0.0122299417853355,0.3860097825527191,0.2557885944843292,0.3050517439842224,0.1449098736047744,-0.4554262459278106,0.76121985912323,-1.0294541120529177,-0.4803099632263183,0.7949559688568115,-0.7316218018531799,0.0513282716274261,-0.211315244436264,0.1320650577545166,-0.6685051918029785,0.2892091274261474,-0.0587130486965179,-0.5324853658676147,-0.0773560255765914,-0.4111736416816711,0.7183042764663696,-0.196817085146904,-0.096265472471714,-0.5998209118843079,0.93379145860672,-0.5390411019325256,0.182269811630249,0.3392490744590759,0.1852248162031173,0.0401392988860607,0.0288879070430994,0.3593163788318634,0.4713896214962005,-0.3885548114776611,-0.1484255343675613,0.1462392359972,-0.8089075684547424,-0.9694101810455322,0.6656703352928162,-0.0196126922965049,0.0164390243589878,0.0429009683430194,-0.4784901738166809,0.0878115370869636,1.0273886919021606,0.1293212920427322,0.3397265076637268,-0.3997782170772552,0.1173193231225013,0.4924879968166351,-0.2667233347892761,0.141569048166275,-0.3211722671985626,-0.3361550867557525,-0.0384912230074405,-0.0882785022258758,-0.5779410600662231,0.1522940099239349,0.2696743011474609,0.3354161381721496,-0.3325579464435577,-1.02678644657135,-0.5031058192253113,-0.2538363933563232,0.7983214259147644,0.064379945397377,-0.8851882815361023,0.3565098345279693,-0.8110129237174988,0.2155167758464813,-0.101303294301033,0.1714270114898681,-0.3548565506935119,-0.6919399499893188,-0.0187597312033176,0.1371993273496627,0.3809421360492706,-0.4754588901996612,-0.1685718446969986,-0.7141278386116028,-0.7252212166786194,-0.4962208867073059,-0.6804234385490417,0.3396865129470825,-0.6469278335571289,0.9907531142234802,-0.012185076251626,0.1518786996603012,0.0980211049318313,-0.4145057201385498,-0.8676518201828003,0.028614692389965,0.415253221988678,-0.6418198347091675,-0.0138866323977708,0.2562667727470398,0.0787621960043907,-0.1174865067005157,0.4666122198104858,0.1274997740983963,-0.0092818271368741,1.069156527519226,-0.7106303572654724,0.1170868948101997,0.5021846294403076,0.2519029676914215,-0.4767220020294189,0.4217033684253692,0.3188081383705139,0.416269987821579,0.325423926115036,-0.0251908022910356,-0.3737809658050537,0.6916077733039856,0.3371544182300567,0.4900538027286529,0.5342527627944946,-0.029758570715785,-0.0911524444818496,0.3343603610992431,0.327062726020813,-0.0391871556639671,0.2242729663848877,0.0260772313922643,-0.2710334062576294,0.0689779445528984,0.5183835625648499,-0.0916298180818557,0.0555247515439987,-1.153109073638916,-0.2775963246822357,0.1017253473401069,0.664962887763977,-0.6389026641845703,0.8360575437545776,0.0876204371452331,0.1322063654661178,0.3170809745788574,0.3774223029613495,-0.1905486434698104,-0.3846108913421631,-0.4603400230407715,0.6857805848121643,-0.5970818400382996,-0.4961616396903991,-0.1134495660662651,0.519355297088623,0.3193412125110626,-0.531963586807251,0.4343504309654236,0.4539114236831665,0.417395144701004,0.1000203788280487,-0.7704975008964539,-0.5926470756530762,-0.32489213347435,-0.1046395525336265,0.3545795977115631,0.4358235597610473,0.1672981679439544,-0.1975950747728347,0.1507244557142257,0.2212463915348053,0.3735207319259643,1.1885721683502195,0.2576204836368561,-1.0946272611618042,-0.3113104104995727,0.6799831390380859,-0.4022638201713562,0.4393674731254577,-0.6532114148139954,-0.4152394831180572,-0.1701459884643554,-0.0568780861794948,0.7398430705070496,0.4843018651008606,-0.7103230357170105,-0.1642018556594848,0.4482544660568237,-0.73977130651474,-0.7217811346054077,-0.3261362016201019,0.4184364974498749,-0.3652968108654022,-0.1917474865913391,-0.5450551509857178,0.0588369071483612,-1.1698850393295288,0.5660350322723389,-0.6710236668586731,-0.489876389503479,0.3795583844184875,-0.455694168806076,0.047511987388134,-0.1226101741194725,-0.4226889610290527,-0.4262320697307586,-0.574466347694397,-0.0452838689088821,-0.1623226404190063,-0.30068039894104,0.1425822079181671,-0.4819738268852234,0.6339452862739563,0.8741349577903748,0.4001090228557586,-0.0672254413366317,0.2557882070541382,-0.5253933072090149,-0.1784392446279525,-0.7809383869171143,-0.2096228152513504,-0.1427619755268097,0.1988403350114822,0.8017328977584839,0.1154204383492469,-0.1523918956518173,-1.1573235988616943,-0.3845580220222473,0.5947550535202026,-0.1391258686780929,-0.1822718828916549,0.2094863057136535,-0.2732803225517273,0.3066556751728058,-0.3466778099536896,1.1702228784561155,-0.1488174498081207,0.5596212148666382,-0.4773547649383545,0.8751404285430908,-1.0252439975738523,-0.2382192015647888,-0.2597119510173797,0.5175034999847412,-0.3037024140357971,-0.5819077491760254,-0.29946368932724,0.6067160964012146,0.9384274482727052,-0.5277605056762695,0.1936603337526321,-0.4492890238761902,-0.0376345366239547,0.2783607840538025,0.5022274851799011,0.0447737276554107,0.0464513227343559,0.0630439296364784,0.5367921590805054,0.3566792905330658,0.3203383386135101,-0.5047087073326111,0.209250271320343,-0.542144775390625,0.0340330973267555,0.3846865594387054,-0.2016554027795791,-0.3671661019325256,0.2500276267528534,0.6098120808601379,-0.6008380055427551,0.0378953218460083,1.3185583353042605,0.1704170256853103,-1.2425636053085327,0.1166798397898674,0.2197559624910354,0.6595691442489624,-0.7384922504425049,0.244466170668602,0.1448394656181335,0.6157307028770447,-0.6255227327346802,-0.6871852278709412,1.2810161113739014,0.4095411598682403,0.1444949656724929,0.1718177646398544,0.3210488855838775,-0.4711584746837616,0.156625211238861,-0.5008877515792847,0.3024103343486786,0.2653266191482544,-0.8699522614479065,-0.0663931593298912,-0.0814085379242897,-0.9160877466201782,-0.8883458375930786,0.4669428765773773,-0.2875518500804901,0.4959858059883117,-0.7722448110580444,-0.1440795511007309,0.6313294768333435,1.44879150390625,0.7459650039672852,0.6294519305229187,-1.0806553363800049,-0.3688786327838897,0.1754558384418487,-0.0657195597887039,-0.0338567830622196,-0.1755558550357818,0.2047699391841888,-0.2757882475852966,0.0618297010660171,-0.1674783378839492,0.3578948676586151,0.0502398274838924,-0.118345245718956,0.216492161154747,-0.2382357120513916,0.2444372624158859,0.355245977640152,-0.0294780675321817,0.2637642025947571,0.5592740774154663,1.1165114641189575,0.1100249662995338,-0.0190357360988855,-0.6459223628044128,-0.0345478244125843,-0.8436300158500671,0.3676209449768066,0.0651250481605529,-0.3253545463085174,0.478100061416626,0.0718282461166381,-0.3297016620635986,-0.04544423148036,-0.5062267780303955,0.0844847708940506,-0.401085615158081,-0.5096754431724548,0.3127480447292328,0.210587739944458,-0.0452464520931243,0.4976827800273895,0.4919727146625519,0.4291309118270874,-0.523398756980896,-0.943262815475464,0.3379921615123749,-0.242254227399826,0.0142103694379329,0.1511914730072021,0.3454184830188751,-0.5329079627990723,-0.1078366115689277,-0.5055347084999084,-0.4694585800170898,-0.5396525859832764,0.0290536303073167,-0.6770147681236267,0.0359861105680465,0.1319330632686615,0.7239803075790405,-0.6603553295135498,0.2532439529895782,-0.1373676359653473,0.1345330476760864,-0.3997921645641327,-0.7690853476524353,-0.2519575655460357,0.5198513865470886,0.231317862868309,0.5032919645309448,0.4875179529190063,-0.1256764382123947,0.5173438191413879,-0.1470139920711517,0.4803507328033447,0.6586858630180359,-0.3879271447658539,-0.3438239395618438,0.7232455611228943,-0.0787359699606895,0.4007488787174225,0.1852861642837524,0.2032687216997146,0.6855928301811218,-0.3868885636329651,-0.717055082321167,0.074904941022396,-0.2598093152046203,-0.4254417717456817,0.8187243938446045,0.823091447353363,0.4549587666988373,-0.3322716951370239,0.5208785533905029,0.1171120405197143,-0.2200700491666793,-0.1446550190448761,-0.7647825479507446,0.4552333652973175,0.1714992374181747,1.0670262575149536,0.8117987513542175,0.2606683373451233,-0.1066507846117019,0.2760120332241058,0.2933485507965088,-0.6363772749900818,0.3159745931625366,0.5018146634101868,-0.2125376611948013,-0.4411213994026184,0.4284920394420624,-0.4842215180397033,0.0177771355956792,0.4306398034095764,0.0011792115401476,0.5701517462730408,0.1190207153558731,0.2978163957595825,-0.9600476622581482,-0.5824791789054871,-0.8003200888633728,-0.7151087522506714,0.3547765910625458,-0.3095428347587585,-0.0058747273869812,0.5378076434135437,0.1719048023223877,-0.609015703201294,0.7108872532844543,0.0142351780086755,0.2613120675086975,0.1113084927201271,-1.254183292388916,-0.0623344928026199,0.4328422546386719,-0.5138615369796753,-0.5947858095169067,-0.1979426592588424,0.0750741437077522,-0.5794800519943237,-0.4515449702739715,0.502276599407196,-0.4556305408477783,0.1864230185747146,-0.3650542199611664,0.4559695422649383,-0.1440150737762451,-0.8318368792533875,-0.1599677205085754,-0.1752644330263137,-0.0415147617459297,-0.6440781950950623,-0.3740312457084656,-0.174108475446701,-0.1471574902534485,0.2328444868326187,0.5378982424736023,0.5309615731239319,-0.2830321788787842,0.5263422727584839,0.1691173166036605,0.6709350347518921,-0.5538651347160339,0.0076780337840318,-0.4527483284473419,-0.3908379077911377,-0.1000224575400352,0.8300713300704956,-0.0619895234704017,0.1634740829467773,0.1637341827154159,-1.0156677961349487,-0.6258406639099121,-0.096090592443943,-0.7745623588562012,0.5637669563293457,0.2982174456119537,1.096544623374939,-1.023145079612732,0.2118412405252456,-0.3168109655380249,0.3215086162090301,0.3137198090553283,0.2706270217895508,0.3078014254570007,-1.2697547674179075,-0.3488260209560394,-0.1986478269100189,-0.9023205637931824,1.3746393918991089,-0.0114572457969188,-0.6701784133911133,0.8007376790046692,0.9206933975219728,0.4087737500667572,-0.3795710206031799,-0.0217764172703027,-0.0964465960860252,0.0828632116317749,0.1047423258423805,-0.084023505449295,0.39506995677948,0.3740825951099396,-0.113686978816986,0.2499356269836425,0.1856027096509933,0.9281864166259766,0.5368247628211975,-0.1605207473039627,-0.1507079154253006,-0.3414604663848877,-0.4615748822689056,0.0012386603048071,-0.0776219367980957,0.3673667907714844,-1.0136717557907104,1.1397279500961304,0.5711464881896973,-0.2257633060216903,0.6361523270606995,0.8225521445274353,0.1151933073997497,0.8864908218383789,0.0629400238394737,-0.461571455001831,-0.4161486029624939,0.3115420043468475,0.370331734418869,0.5370334982872009,-0.3267718851566314,0.036059733480215,-0.5360196828842163,0.1437736898660659,0.7080637812614441,-0.2596994340419769,-0.057965625077486,0.0479259341955184,0.465667575597763,-0.329204112291336,0.6097540855407715,0.1795294284820556,-0.3872417509555816,0.0016755922697484,0.3521803319454193,0.9326184988021852,1.3803850412368774,0.1614990830421447,0.5338764786720276,-0.1915417611598968,-0.4733914136886596,0.0701276957988739,0.0329782329499721,0.1643308848142624,0.8213740587234497,-0.0189902111887931,-0.6164161562919617,0.7617213726043701,0.1765824258327484,0.1814892888069152,-0.3075031042098999,-0.7292532324790955,-0.1656290143728256,-0.1366206407546997,-0.6081900000572205,0.2079646438360214,0.5843433737754822,0.4702260494232178,-0.1506119072437286,-0.6722562909126282,-0.2116758525371551,0.5799766182899475,-0.0292512588202953,0.0126929972320795,0.2700232565402984,-0.4339153468608856,-0.0051264641806483,0.0901865363121032,0.3135825991630554,-0.3707472383975982,0.0541979558765888,0.1986272931098938,-0.6521261930465698,0.1681795269250869,-0.1146176382899284,0.7386447191238403,0.2633908689022064,-0.0481293015182018,0.2828205227851867,-0.8681786060333252,-0.4640745222568512,0.0413243658840656,-0.5055402517318726,0.1559618413448333,-0.2029827088117599,-0.6607381701469421,-0.5911625027656555,-0.3492030203342438,-0.8141156435012817,-0.3056051135063171,-0.1342716962099075,0.4944316446781158,-0.8597952723503113,-0.1580573618412017,0.1369164437055587,-0.0223080180585384,-0.4806141555309295,-1.4932730197906494,0.1740379333496093,0.2448061853647232,0.0447381138801574,0.610779345035553,-0.0147978896275162,0.1628817170858383,-0.1633743792772293,0.2247444838285446,-0.3936573565006256,-0.535556972026825,-9.42827606201172,0.0191608816385269,-0.4048793613910675,-0.6887878775596619,-0.2456473708152771,-1.073501706123352,1.009339690208435,1.07252037525177,-0.4291646778583526,0.3822269141674042,-0.034221276640892,0.0063276458531618,0.7398654222488403,0.3311055302619934,-0.066605195403099,-0.1160739436745643,-0.2623418867588043,0.0428433120250701,-0.4008525311946869,0.1412759572267532,-0.965386927127838,-0.2797446250915527,0.3088605403900146,-0.1534778475761413,0.2844469845294952,-0.4537075757980346,0.3943725228309631,0.1089145839214325,-0.0997073873877525,0.2902457416057586,-0.6193747520446777,0.3798222839832306,-0.1247166991233825,-0.036256406456232,-0.6955757737159729,0.6298542618751526,0.6800215244293213,-0.0690756812691688,-0.2167994678020477,0.5422770977020264,0.3447732031345367,0.6133348345756531,0.0427318476140499,-0.098197616636753,0.0867847725749015,-0.3296495676040649,0.4413673281669616,0.4500584602355957,0.6732885837554932,0.0353333428502082,0.0105393771082162,-0.63661128282547,0.1806047856807708,-0.435551255941391,0.291910707950592,-0.3821401596069336,0.4180054664611816,-0.495882511138916,0.2797812819480896,0.1087309792637825,0.4244888722896576,0.1696864366531372,0.8885639309883118,0.4118261337280273,-0.3509717881679535,1.145036697387695,-0.1696304827928543,-0.1659910678863525,-0.0380303487181663,-0.1433157920837402,0.0141743309795856,0.1369375139474868,-0.0312920100986957,0.3232018053531647,-0.291940301656723,0.3646182715892792,-0.0224745664745569,0.3830815553665161,0.2656103670597076,0.1135009080171585,0.503313422203064,-0.5484411120414734,0.1841158717870712,0.1809925884008407,-0.6599748730659485,0.286986231803894,0.5200598835945129,-0.4629605710506439,0.0247530192136764,-0.1957879662513733,0.847390353679657,-0.1782170534133911,-0.2313891351222992,-0.0086311353370547,0.0618851855397224,-0.5654031038284302,0.2221276611089706,0.6006233096122742,-0.1652425974607467,-0.5081158876419067,-0.42891335,-0.032657526,0.30530995,0.050294004,-0.80082816,-0.47539955,-1.3993576,0.9011345,1.6562678,0.18851493,0.68670106,-0.42438596,-1.8943485,2.2588513,-0.9630747,0.22756156,0.64309597,-1.2767186,0.97902185,0.25955245,0.3773027,0.7450129,1.1188186,-0.92299664,1.5748837,0.53917134,1.089961,-0.41965,-0.6010318,-0.9450122,0.38069513,-0.4367301,-1.3171865,0.23150477,-0.39882025,-0.97245675,-2.002767,1.2772875,0.31416017,-0.76254034,-0.38556632,0.4802513,-0.6467757,0.45598745,-0.76640165,-0.4730969,1.5561018,-0.0010258317,1.4119618,-0.70583105,-1.2711104,0.059893996,0.17507382,1.3240414,0.9742697,-0.620025,0.9896175,0.8666256,-0.17880552,-0.19248523,0.45855084,-0.0077414275,-0.97436446,-0.3393349,0.11724417,0.3674631,-0.40598583,-0.05581374,-0.21241012,-0.017662317,-2.3373852,-1.9171579,-0.44027558,0.94597864,-1.7080857,0.84446,-0.25308332,-0.791229,0.16436276,0.3374629,0.7734765,-0.35783413,-0.94959056,1.7376862,-0.9903839,-1.4027617,-0.26379266,-1.1756727,-0.67308533,-0.64409,-0.37956935,-2.020354,-0.9536413,-1.4899833,2.0309482,0.20967314,-0.9111368,-1.2192767,-0.88295156,0.027852291,-0.19031814,1.1659114,0.46358538,-0.7919357,-0.70410687,-0.72478235,-0.27128735,-0.1047651,0.07433543,1.1725485,0.09690876,-0.0020318865,0.15912922,1.2247694,0.30333525,0.45789567,-1.1856896,-0.8521837,-0.5852734,0.31139046,1.5622458,0.77576655,-0.32221222,0.7332953,-0.2200214,0.7302604,0.79577124,-0.7120298,-0.16052055,0.05925858,0.44547892,0.46969327,1.7321501,0.9181485,-0.8405981,-0.7152512,-0.008249653,0.6262182,0.27454647,-1.793642,-0.6427781,0.58322346,-0.39594486,-0.15241933,-0.09586764,-1.0782163,-0.26023158,0.5784565,1.0172722,0.2819554,-0.43225917,-0.07309965,-1.5854164,0.049348056,0.67698175,-0.582065,-0.0009728313,0.9681667,-1.5892608,0.9718586,-0.4377016,1.3263035,-0.9187419,0.9109958,0.0913742,0.94038737,-0.93357563,0.3729294,-0.985123,-2.06966,-0.7516254,-0.6832511,0.32770154,-0.04788488,0.16664639,0.03282138,0.5790345,0.16011758,-1.7159033,-0.61383975,0.88697827,0.77478653,0.04786753,1.4938749,0.1250292,0.09001152,0.4567731,0.72840804,0.5267483,0.8835236,1.1118767,-0.93777263,0.67735976,1.5728278,0.6503402,2.8490617,0.65732497,-1.4286321,-1.1869042,1.4108258,-1.9282805,-0.9550708,0.8201598,-2.0680623,0.85746,-1.2142186,-0.9079176,1.5600884,0.6208052,-0.23074026,-1.6264703,-1.1461091,1.2281559,0.7162304,-0.32524267,-0.64566433,-0.13060458,0.68194664,-0.3699735,-0.25968146,0.98114175,0.53617734,-0.16298692,1.4955686,-1.0377352,0.68346536,-0.12713659,0.3265969,-0.07745372,1.0927677,-0.5077815,0.8855313,0.39612097,0.108150914,-0.4938082,0.43836564,-0.39386955,0.27012902,-0.02392931,0.8058077,0.38676876,0.34031677,0.256739,-0.115000464,0.33810526,0.6837219,1.4383156,0.2693345,-1.1739926,-1.047682,-0.15357271,0.89248645,-0.083404645,0.5374247,0.19210844,1.0974605,-0.5851315,0.29964614,-0.42574653,-0.7366584,0.10593562,0.5909974,0.62406296,0.30450198,-0.14977625,-0.99874955,-1.1129216,0.35588646,0.14708853,-0.7085377,-1.1676908,-0.43327457,-0.5716076,1.0179882,0.15056565,0.2530796,-0.61703,-0.7791066,-0.8519968,0.48890895,0.7395934,-1.6438335,-0.20527013,0.05630827,-0.95183766,0.7593575,0.32422388,-0.010557788,0.09552381,0.69298804,-0.77206373,0.6621902,0.58732766,0.8347765,2.2450337,0.45404267,0.82576907,-1.3671817,-0.2501207,-0.5194767,0.65531194,0.55224144,-2.0720007,0.9609888,-0.50665545,-0.35290578,1.5361782,-1.3529046,-0.51395005,-1.0350611,-0.35486674,-0.3637746,-0.83251035,2.2070332,-1.525183,1.9251244,-2.0736635,-0.74293065,-1.0571529,-0.79782385,-1.4801443,-0.22147086,0.29321024,0.17953081,0.7907582,-0.0005985588,0.35089645,-0.047103763,-0.046460204,2.2519424,-0.28849813,0.3875509,-1.4110014,-1.1966748,-0.4435958,1.514469,-1.6929705,-1.0984666,-1.2450104,-1.0806422,-0.345885,-0.1927141,-0.6883228,0.7557824,-0.059191715,0.31570524,-0.48232755,-0.716571,0.46302694,-0.84122926,1.0021294,-0.2345243,1.8448503,-1.3242553,-0.93755424,0.17829722,-1.3322808,-0.029974196,-0.48266238,2.1761434,0.65637654,0.5968745,0.39240927,0.25780162,-0.5232252,-0.37453967,0.69242895,0.5579852,1.2405891,-0.7763209,0.26196197,1.5160679,-0.001576893,0.06480357,-0.34356794,-0.71475506,1.6534452,-0.534334,-0.82253456,-0.54012066,-0.0051858695,-0.45072588,0.3016986,0.5486499,0.40381655,0.21876876,0.59176594,0.5523437,-0.44756967,-1.1573815,-0.5444493,0.94194853,1.2376733,1.887735,0.9611381,-0.9053375,-0.7062351,-1.9792064,0.3232383,1.545532,0.5323705,0.7775282,-2.2462957,0.113829754,0.35424414,0.52164376,-1.6282647,-1.447127,2.0220447,-0.03752451,0.30230206,1.5195837,-0.66791975,-1.065575,-0.20913017,0.36301696,-0.11819687,-1.1437247,-0.3178618,0.02478714,-0.05687032,0.86768055,0.5088986,0.90087014,0.23331335,-0.8370062,1.1386431,0.2731232,-1.133558,-0.5024669,-0.19826241,0.1753196,-1.6839068,-0.7110238,0.48068342,-1.8065462,0.6953087,-0.2341967,0.27276686,-0.30400458,0.28093296,-1.017184,-0.34014907,-0.51922655,-1.9375185,-0.6395318,1.4599655,-1.3920511,-1.30287,0.3807734,1.5318005,-0.97772884,0.77789116,0.109791264,0.17719777,0.5091622,0.27502602,-0.57915676,-0.09920571,-0.44221908,0.2306078,-0.2242293,-1.0795143,-0.22740236,0.5512353,-0.6774282,-1.5527973,0.21994066,0.59886676,-1.7736765,-0.6402608,-0.030062223,-0.3515355,0.6081883,0.72991717,-0.1471792,-0.19420081,-1.4489062,-0.090034075,0.35240838,0.34466022,0.085156806,0.3364431,0.72688484,-0.040220372,0.16787398,0.93889016,0.20728116,1.2733686,1.1663263,0.64922553,-0.07773943,0.6139726,-0.6629457,-0.25619096,0.2976263,-0.7774619,-0.65621555,1.4095885,0.03148055,-0.8826186,-0.14189902,0.64847326,-0.18098119,0.024742011,-0.29400054,0.6283851,1.4673927,1.1898339,1.9364653,0.4030487,-0.10129051,-1.0378375,0.36178112,-1.2073886,-0.27020028,-0.37247297,0.32428172,2.465513,-0.040522896,0.30018842,0.21734154,-1.1335477,-0.98443985,0.14827047,0.4048183,-0.22490244,-0.5150453,0.398139,-0.86958474,0.31596312,-1.7566811,0.17935738,0.7249398,1.585541,-0.70542973,-0.48818097,0.4718197,0.7063403,-0.752191,0.16862758,0.8788164,1.7996094,0.004052204,-0.8835961,0.7441422,0.063681856,-1.3369879,-0.19121031,-1.4550921,-0.5236435,0.21961674,-0.33565056,-0.29697847,-0.35605898,-0.665416,1.1616448,0.61664164,0.02246059,0.83866566,-0.5926063,1.2790815,-0.0042405995,-0.30861863,1.7415712,0.29214448,-1.8103997,0.7167937,-0.9413233,1.3312594,-0.60591173,0.98287314,1.9221205,0.16860011,-0.2965459,0.9607606,-0.8155632,0.4313895,0.0053476095,0.5800642,-1.0533116,0.24646612,-1.7952093,1.4233692,-1.3033748,-0.88276196,0.11203687,0.42828432,-0.67139906,0.36404917,-0.22610176,0.7744565,-0.3341466,-0.7241848,0.5003476,2.2051165,-0.5476969,-1.0210489,0.72047645,0.8615228,-0.24427202,-0.17795691,2.1860619,0.12131627,0.4736928,-1.4256948,-0.39785457,0.69104284,-0.36115044,-0.8739214,-0.6409184,0.11595235,-0.13399546,0.3986811,-0.64266473,0.39895153,-0.5492011,0.5285714,0.86239195,-0.73695946,0.09771413,-0.41590628,-0.3161407,-0.34687322,-1.3963588,0.6208042,0.85740215,-0.98411524,0.3549725,1.0257962,1.2584224,0.892825,-0.55993474,-0.6897999,0.7927995,0.60254705,0.5774508,-1.4997791,-1.1909075,0.035161804,0.949831,-0.89264184,0.07330285,0.18946847,-0.31076595,-0.7177174,1.2348194,-0.22711201,-0.023290634,1.1908668,0.14314985,-0.12635328,0.70989096,-0.18461485,-0.16325238,0.81057054,-0.50874984,-0.16832738,-0.42334852,-1.16625,0.6917164,-0.1409313,0.13684186,-0.8178908,0.47917262,-1.1951153,0.5524539,0.20118876,0.76144266,0.80778015,1.0882196,-1.2394825,-0.3703646,-0.19897923,1.6965611,0.933692,-0.5443161,-0.7761495,0.055796027,1.585134,0.6926118,0.12596881,0.023191284,0.6193974,-0.6242633,0.17849639,-1.0151516,-1.0793831,-0.148585,0.41813055,-1.1369127,0.95196927,-1.9804828,0.67751074,-0.40594372,-1.5337042,-0.16185541,0.67477417,-0.39059684,1.7697523,1.5274305,-0.8842939,0.054599147,0.8723197,1.1467054,-0.26240474,-0.7769872,-0.92053574,0.53781587,2.1996164,0.27537277,-0.9928201,0.24466506,0.7047957,-0.448038,1.6390207,-0.0052138963,-0.71093637,-0.2985621,0.32883307,-1.0715086,-0.6200983,-0.8216956,-0.24337265,-1.3900594,0.49671134,-0.83477134,-0.35976717,0.5686457,-1.254357,0.94127524,-0.2784502,0.9241749,0.22974868,0.3549212,0.4203418,-0.48733768,-0.3579127,-1.0755333,-0.54400057,1.0771741,-0.92165536,0.7754744,0.19867632,1.0624307,1.877911,0.739879,-1.4809765,0.7855357,0.09728799,0.11553226,-0.4459497,-1.2547624,-0.28953224,0.2829878,0.7001705,0.72370523,-1.5497191,-0.3817039,0.6322619,0.25472447,-0.3980518,0.71001697,-0.023653012,0.46028376,2.2387729,0.6579863,0.04380996,-1.0563344,-0.8475241,0.78120106,2.002421,-0.8166577,-0.43496087,-1.6754335,0.16982801,1.0689508,-0.502115,0.026958883,0.31106207,-1.2595618,1.9142272,-0.8025424,-0.2223843,1.0601342,-0.6404684,0.71477705,-0.30762294,0.72916967,0.5228552,1.1611198,-0.6896057,0.4605475,0.8011551,0.5644866,-0.519229,-0.34366754,-0.6622749,0.10243229,-1.0181206,-0.70220757,-1.076905,0.17547418,-0.82921356,-1.2299904,1.129161,0.3334519,-0.51280725,-0.94559944,0.57564205,-0.57772654,0.05851823,-0.4887155,0.014464557,1.2657166,-0.30908248,0.52133167,-0.60217285,-0.8207607,-0.37636575,0.44496486,0.645616,0.8036997,-0.011197416,0.7984081,0.7052746,0.23330215,-0.5694436,0.49549058,1.0764892,-0.8131889,0.37423387,0.7882401,1.380778,0.18314569,-0.26740485,-0.63364166,-0.83350235,-2.5805,-0.15337412,0.4477984,0.8443982,-1.2317542,0.5505344,0.39495358,-0.015108481,0.0327918,0.5615598,-0.07421039,0.1403821,-0.92047447,1.4290265,-0.5919141,-0.73876363,-0.52097523,0.31968912,-1.5140785,0.33475015,0.3528799,-1.4677263,-2.0755074,-1.0381769,0.340539,0.019844452,-0.628357,-0.43538588,-1.1235468,-0.3108193,0.23095348,1.0951004,0.12926523,-0.42695412,-1.3225428,-0.0914673,-0.7902463,-0.5888054,-0.7246499,0.68081415,-0.13917497,0.89809036,0.40216097,1.3287381,0.60589164,0.8098298,-0.44288322,-0.70572317,-0.45190448,-0.16628161,1.3879699,-0.29356688,-1.0877752,0.23220655,0.694194,1.1802117,0.14457914,-0.72111356,0.53803295,-0.5322296,0.75849515,-0.7982894,2.1395566,1.1684818,-0.6952458,-0.55429894,-0.7350481,0.15467222,0.18296573,-0.7170809,-0.70748836,-0.025110569,-0.44480988,0.05962308,0.4201383,-1.4168876,0.05107937,1.0556915,1.0858357,0.38202634,0.20259336,-0.46561432,-0.94125944,0.6346096,1.1122833,-0.060336318,0.044597823,-0.064778216,-1.7566675,1.3839514,0.42284414,0.987292,-0.9656514,0.037414074,-0.000837226,0.5869822,-0.34553036,0.8507137,-0.43771002,-2.3114612,-0.46787328,0.19517662,0.67815834,0.071913734,0.06958385,-0.20440602,0.56653976,-0.16215618,-0.82186323,0.47374246,0.37208074,0.8507256,0.51213247,0.96617496,-0.5321701,1.0995094,0.75023115,0.4647045,-0.17927276,0.41652966,1.0448109,-0.81781,1.3268929,0.9326181,1.3885202,2.7063286,0.579268,-1.4551489,-1.3949178,1.02236,-1.8338387,-0.33055043,0.35649967,-0.79580194,1.7739521,-0.67476845,-0.71409595,1.8878194,0.058806565,0.08255712,-1.5746237,-1.3518455,0.7981016,0.34219244,-0.63343674,-0.32525656,-0.93940747,0.2683266,-0.42476696,-0.90660465,0.36914754,0.14736949,1.03845,1.7977724,-1.2261341,0.5194489,0.5878871,0.39664707,0.52881795,0.43458202,-1.2738339,0.4320858,0.6676216,-0.58126605,-0.6630338,0.3791926,-0.5876574,0.8923005,-0.33462432,-0.046571366,0.08724161,-0.8269596,0.18263224,-0.5749735,0.74732536,0.88025916,1.9170548,0.3778844,-1.1530321,0.07566458,0.71315485,0.80685866,0.7360806,-0.08371829,1.2713367,0.23148979,-0.7172052,-0.06923735,-0.33731624,-0.2594855,-0.4649422,0.878251,-0.31107092,1.0811337,0.44578865,-1.0777557,-0.7011156,-0.28607824,0.00026684575,-1.3473264,-0.70778894,-0.60594404,-1.2148554,-0.08537944,0.1251411,0.18054768,-0.94582313,-0.12750413,-0.9239562,-0.36755154,1.0388478,-1.170463,-0.6144602,0.47525233,-0.41909954,0.7058788,-0.80986065,0.19084942,0.26093096,0.5259871,-1.5959432,1.0621827,0.30227974,0.8547755,0.87389666,0.43913075,1.0443976,-0.23490116,0.33430976,-1.3137411,0.54073447,0.7969119,-1.6290941,0.19412735,-0.22258438,-0.50053304,0.42204046,-1.657692,-0.21552633,0.06417961,0.6820845,0.0368852,-1.3253795,1.5407016,-1.462634,1.3253392,-1.7676458,0.11460147,-0.38657206,-0.41634175,-1.4923388,1.1623663,0.35276827,0.70720863,0.49378347,0.36461332,-0.03683337,0.42756316,0.5050378,0.99053395,-0.38635084,1.1923386,-0.6556678,-1.5726767,0.64024395,0.8011384,-1.0934178,-1.6251906,-1.5194454,-0.47901616,0.8397222,0.122225024,0.1947471,0.9405099,-0.21405296,0.67515457,-0.8604828,0.28742525,-0.01526595,-0.5739309,1.572159,-0.034352686,1.5350206,-0.84239006,-0.66654634,0.92492807,-2.0457585,-0.45196766,-0.8087372,1.5483539,0.8800854,-0.18418409,0.021876505,0.43578622,-0.86598474,0.0072666877,0.63094294,-0.05865729,1.5310402,0.98880774,-0.12888727,1.7626235,0.14069526,0.84019774,-0.9955236,-0.68576306,1.8473598,-0.16415896,-0.2516267,-0.5696277,-0.3640654,-0.37150407,0.5051834,0.57904214,-0.15329969,-0.10424832,1.1509525,0.7467025,-1.5108044,-1.0758765,-0.7673668,0.18813078,0.9581356,1.5430266,1.4379224,-0.100129195,-0.676939,-2.1464932,-0.11349251,0.51259416,-0.17921805,0.47940865,-1.5278318,0.17150834,0.073866114,-0.37399116,-1.1879711,-1.933206,1.4925278,0.25888008,-0.21439965,1.5250505,-0.32760733,-1.2688787,-0.18988721,1.3036216,0.23792079,-1.356309,-0.81327295,0.90719354,-0.56158406,0.9716897,0.36671147,0.6185723,0.024768727,-0.020780457,0.8146831,0.35876575,-1.0475335,-0.7862697,-0.23000287,0.5528378,-1.4267409,-0.600072,0.5949421,-2.4087033,0.78909653,-0.5444771,-0.65083164,-0.026462516,-0.4811085,-0.58293265,-0.86812454,-0.16771118,-1.0684007,-1.4723593,-0.058996655,-1.0413474,-1.7036775,1.389269,1.652239,-1.1441544,0.29031315,0.6191236,0.3714292,0.56312597,-0.48178124,-0.52020967,0.42912826,-0.68945915,0.0070984727,-0.33685985,-1.3939122,-0.901813,-0.1444139,-1.3617877,-1.3245361,1.009001,1.6266448,-1.840988,-0.715115,0.30376706,-0.7712898,0.6461726,0.5047805,-0.15221135,-0.008964335,-0.5765077,-0.20473883,-0.026007997,0.90544266,0.22541544,-0.325229,0.7315308,0.4221873,0.09563457,1.5405095,0.53698057,0.6152105,0.8954506,0.44833398,-0.26900798,0.707912,0.05415458,-0.24909635,0.85473883,-2.0233562,-0.4640739,1.5451611,-0.7330326,-1.2370577,-0.23590922,0.062134903,-0.18511836,0.096022,0.47986454,1.5122995,1.4537886,0.73139435,1.8650948,-0.7335586,-0.6091997,-0.15241234,-0.08382338,-0.8426105,-0.8836869,0.4963402,1.0468167,2.8012927,-0.5421642,-0.19536684,0.8809051,-0.7272256,-1.0651513,0.7561883,0.39127213,-0.5437962,-0.24143781,0.29737487,-0.9740759,0.45961124,-1.9769324,-0.12651813,0.68096846,0.6782605,-0.808072,0.41362053,-0.02367374,0.40491298,-1.0442545,0.8758171,1.8374472,1.3698896,-0.4994844,-1.2882081,0.74238867,-0.36804006,-1.4795324,0.36357197,-0.4461085,-0.45513386,0.1441864,-0.72347313,-0.008037099,-0.8422375,0.08825863,1.2482382,-0.0890099,-0.21986817,0.15870103,-0.77066904,1.7737113,-1.0186837,-0.31949037,0.90203583,0.92015034,-1.6371267,0.30425456,-1.2107198,-0.29266855,-0.79204834,0.18083072,0.97977793,0.51785034,-0.683401,1.4203707,-0.14327121,-0.7821992,0.32884094,0.6301158,0.18605486,0.52051646,-2.2713637,0.7924954,-1.1606312,-1.5739869,0.0047967606,1.0727594,-0.38336274,-0.17067325,-0.12881744,0.6596512,0.417875,-0.8088743,1.1920372,1.8920797,-1.035819,-0.56484956,1.1882441,0.5883016,-0.3446857,-0.23229839,2.4216962,0.4803656,1.2543558,-1.0152644,-0.50336903,-0.37597606,-0.023340791,-0.5437509,-0.38092533,-1.2410604,-0.11587913,0.82468826,-0.47032788,0.3571197,-1.3170136,-0.22108679,0.82507855,-1.0411671,0.062794216,0.85095745,-0.5594132,-1.6213969,-1.475392,0.5500058,0.8221346,-0.22581784,-0.23073433,0.8795654,1.3921216,1.1916076,-0.62003887,-0.6303147,0.3677914,0.6769336,1.0824181,-0.915079,-0.9180028,1.1559218,1.0190845,-1.3919765,0.9067516,-0.7289342,-0.60180855,-1.5073534,1.4519904,0.62455606,-0.26629934,0.98785913,0.52539515,-0.12752055,0.66290146,-0.4244523,0.0029413847,-0.3299465,-0.5575647,0.11966809,-0.28680563,-0.865032,0.09371494,-1.0837772,0.2566067,-0.4457409,1.1818724,-1.4301487,-0.06073371,0.31320015,0.40807635,0.4151902,-0.39033487,0.19902284,-0.30062702,-0.82295763,1.8753873,0.67430913,-0.68984187,-1.36114,0.30517468,0.5191801,0.52032214,-0.3690269,0.12054896,0.40253264,-1.0274074,-0.08731513,-1.1446644,-0.72365767,0.12910298,1.283289,-0.812875,1.1617472,-0.98062915,0.91189235,0.03590778,-1.2283775,0.12064,-0.058627535,-0.766117,1.754377,1.0520533,0.27959746,-0.2014519,1.1835606,0.79756343,-0.25246003,-0.59141153,-1.7177254,0.5354381,1.2762955,0.28040925,-1.1557611,-0.07327501,0.6939479,0.10265744,1.5853299,-0.6184297,-0.47101384,-0.6315796,-0.41616374,-0.50212604,-0.09674015,-0.83379644,0.17382567,-0.9743341,0.054051578,-0.29495743,-0.28712505,0.53739053,-0.8752012,0.09813074,0.23433603,1.1623801,0.98758096,0.9435573,0.6943034,-0.8575544,0.29090697,-0.8150054,-0.86052245,0.7802744,-0.6879233,0.6308795,0.1821543,0.66466826,1.7373246,0.72632086,-0.39134064,0.2408612,0.069352455,-0.08140313,0.29867724,-0.81446,-0.13648513,0.5147476,0.23602568,0.022462947,-1.2863659,-0.43822953,-0.20463948,0.3442264,0.49640507,0.543391,-0.13027667,0.26973137,1.5664394,0.3161916,-0.79879093,1.0
シ,0.1636033356189727,0.561111569404602,0.963577687740326,-0.2531377375125885,0.2561720609664917,0.0037769393529742,0.6681210398674011,-0.2369826585054397,-0.4657158851623535,-0.1556741744279861,0.4122114777565002,-0.2101794779300689,-0.4992119073867798,0.2613545060157776,0.3428426682949066,0.2632754743099212,-0.1777097433805465,-0.5320543050765991,0.0649681985378265,-0.0062607061117887,-1.2514986991882324,-0.8283905982971191,-0.1893840730190277,0.6716632843017578,0.2074388265609741,-0.978362500667572,0.3778003454208374,-0.0211091451346874,0.0104807252064347,-0.4039858877658844,-0.5493969321250916,-0.0247840136289596,-0.1916356235742569,0.588911771774292,-0.7297840118408203,0.2907217144966125,0.2353024929761886,-0.5326734781265259,0.0372516028583049,-0.2326942980289459,0.2697002291679382,-0.3141800463199615,0.1987658143043518,0.4804547727108001,0.052745945751667,0.3140006065368652,0.2158393412828445,0.0833956524729728,-0.2613480985164642,0.2624966502189636,-0.6328907012939453,0.3625494837760925,0.6217379570007324,0.2134969681501388,0.106652446091175,-0.3822693824768066,0.2382412701845169,-0.3022715151309967,0.3150130808353424,0.5371038317680359,-0.4602276980876922,-0.0521640889346599,0.2732818126678467,0.233560174703598,0.0440126992762088,0.459627628326416,-0.310776799917221,-0.2558731734752655,0.1844891607761383,-0.9530168175697328,-0.0116699924692511,-0.0267543606460094,0.0759125724434852,-0.8652083277702332,0.6292843818664551,-0.1135312318801879,0.174959048628807,0.2808574736118316,0.0798219963908195,0.0707317367196083,-0.0850631669163703,0.2571819424629211,0.0551892518997192,-0.4449317455291748,-0.8189011216163635,0.0933475047349929,-0.6966170072555542,-0.6231308579444885,0.3715043663978576,0.0411418043076992,-0.195469856262207,-0.4279313087463379,-0.414786547422409,0.3399111330509186,0.486581027507782,0.6072031855583191,0.1653328835964203,-0.3066744804382324,-0.1960984468460083,0.2707450687885284,0.3154460787773132,-0.198801577091217,0.4089021980762481,-0.161339059472084,0.1772884130477905,0.1859771162271499,-0.3706162571907043,0.1487167775630951,0.4087929427623749,0.2127573937177658,-0.5675005912780762,-0.1415347009897232,-0.8027466535568237,-0.3715340495109558,0.1985450088977813,0.3180364966392517,-0.5262210369110107,0.1496967673301696,-0.2264241576194763,-0.026380781084299,0.0683838203549385,0.5679335594177246,0.1338820457458496,-0.8038051128387451,0.1470245718955993,0.5012581944465637,0.2987092435359955,-0.1029233187437057,-0.4276900589466095,-0.2983180582523346,-0.5082040429115295,-0.3896224796772003,0.0146926427260041,0.4399013817310333,-0.6635875701904297,0.5561978816986084,0.2441409528255462,0.1976242661476135,0.0307847503572702,-0.310484915971756,-0.4377128481864929,-0.0702986568212509,-0.0670259818434715,-0.5504514575004578,0.2806242704391479,-0.2523664236068725,-0.773504912853241,-0.3963729739189148,-0.3380880355834961,-0.2598858773708343,0.0316100306808948,1.265968918800354,-0.536586582660675,-0.3845497965812683,0.3121085166931152,0.2265555113554,-0.7506274580955505,0.0407783314585685,-0.0086836935952305,-0.0120559930801391,0.1465072035789489,-0.434125006198883,0.3764253854751587,0.4527550935745239,0.6107216477394104,-0.1433086544275283,0.1215642541646957,-0.2170065641403198,0.0892624035477638,0.3414625227451324,0.8294426202774048,-0.0434506572782993,0.6894717216491699,0.1754560470581054,-0.0819169133901596,0.3937259316444397,0.8955094218254089,-0.3234723806381225,-0.0285314228385686,-0.3221807777881622,-0.2763329446315765,-0.3619387447834015,0.2554941177368164,-0.4938167631626129,0.6150464415550232,-0.714162290096283,0.3507383465766907,-0.2791033685207367,-0.3053508698940277,-0.1471838653087616,0.0965518578886985,-0.3451727628707886,0.885943591594696,-0.3478475213050842,-0.5721448063850403,-0.3344023823738098,0.2664563357830047,0.1634293645620346,-0.5658764839172363,0.2493746131658554,0.216334730386734,0.1262945681810379,-0.0611438192427158,-0.6547394394874573,-0.5595773458480835,0.4156877100467682,0.2593433856964111,0.0345921441912651,0.1855775564908981,0.81205153465271,-0.3644900321960449,0.2777253687381744,0.5671217441558838,0.1164997667074203,0.113798089325428,0.2314918637275695,-0.1077049225568771,-0.4002515375614166,-0.0844152346253395,-0.193388819694519,0.6975213289260864,-0.3220672607421875,-0.5721579194068909,0.2380638718605041,0.0907755270600318,0.4227487742900848,0.1942300051450729,-0.1469082236289978,-0.111429713666439,0.128377765417099,-0.9451138973236084,-0.3792916238307953,-0.8438268303871155,-0.3373114466667175,-0.4898469150066376,-0.6033492684364319,-0.3420318067073822,-0.187918871641159,-0.6267412900924683,-0.0337494574487209,-0.1445643603801727,-0.4070040583610534,0.1445918083190918,-0.30048468708992,-0.1697904616594314,0.0613060146570205,0.0031667852308601,-0.3228898644447326,-0.4277336895465851,-0.0362180210649967,-0.0487673319876194,-0.4170413613319397,0.2107020020484924,-0.2122837454080581,1.036943435668945,0.6474319100379944,0.7517209649085999,-0.5991201400756836,0.4855745434761047,-0.4265500009059906,-0.3094269335269928,-0.3621403276920318,0.3366130590438843,0.3464748859405517,0.1144846230745315,-0.0778585597872734,-0.3501761853694916,-0.6980296969413757,-0.8475037813186646,-0.5567967295646667,0.5965973138809204,-0.1506955921649933,0.0554423034191131,-0.4012850522994995,0.1516161412000656,0.336203932762146,-0.6128433346748352,0.8596689105033875,-0.4064784049987793,0.4373247325420379,-0.8021085262298584,0.965873658657074,-0.0592792965471744,-0.088930606842041,-0.1726148575544357,0.4760210514068603,-0.8327115178108215,-0.0510946847498416,-0.7541890740394592,0.9489638805389404,0.3522171080112457,-0.4529930353164673,0.0723286345601081,0.2321283519268036,0.0494474358856678,0.4085912108421325,0.4257994890213012,0.2895153760910034,0.4385920464992523,0.1574307978153228,0.2889306247234344,0.1980244368314743,-0.1148607358336448,-0.3205969631671905,0.2449423521757125,-0.1758522689342498,-0.2829836010932922,0.5001189112663269,0.2650056481361389,-0.1706274151802063,0.6266308426856995,0.4882124364376068,-0.5540398359298706,0.4731266796588897,0.814007580280304,0.3709324300289154,-1.265225172042847,-0.462719976902008,0.385998785495758,0.2014256119728088,0.143208771944046,-0.2415150851011276,0.4116595089435577,0.5126283764839172,-0.345255583524704,-0.3808121681213379,1.2418192625045776,-0.267702966928482,-0.3135873973369598,0.1961263418197631,0.3140738904476166,-0.2268038988113403,0.1979412734508514,-0.6149446964263916,0.1073549911379814,0.6053560376167297,-0.4457778632640838,0.0998661443591117,-0.0748908668756485,0.0216349977999925,-0.3337031006813049,0.2572374045848846,-0.7124850153923035,-0.1461291909217834,-0.0859092250466346,-0.1520982533693313,-0.2600413262844085,1.1074728965759275,0.4221033155918121,0.8085469603538513,-1.0174399614334106,-0.5566771030426025,0.0952742025256156,0.1530475616455078,0.2620362937450409,-0.6846132874488831,-0.5069632530212402,-0.4785407781600952,0.1731855422258377,-0.4431758224964142,0.2968694269657135,-0.24700728058815,0.2778592407703399,0.1827481389045715,-0.44000905752182,0.3026061058044433,0.6951167583465576,0.1920225322246551,0.3094635009765625,0.4287703335285187,0.2227772921323776,0.5444815158843994,0.1397334635257721,-0.4710715711116791,-0.0470793843269348,-0.2889629602432251,0.6266775727272034,-0.0203951112926006,-0.6440169811248779,0.426964521408081,0.3350685834884643,-0.0775960758328437,-0.2388084977865219,-0.6172447204589844,0.2931431531906128,-0.4818062782287597,-0.1961764246225357,-0.3971295356750488,-0.0780908018350601,-0.2533243000507355,1.008183240890503,0.5932169556617737,0.2258384674787521,-0.7437592148780823,-0.7364584803581238,0.1433902531862259,0.0210463963449001,0.4733056128025055,-0.0631350576877594,0.2008484154939651,-0.0580213703215122,-0.3850026726722717,-0.280049592256546,-0.2874308228492737,-0.4905219376087188,-0.1702275872230529,-0.3807826638221741,-0.147157147526741,0.0808348581194877,1.0158981084823608,-0.0818671211600303,-0.004370572976768,0.2624228894710541,0.9211495518684388,-0.335390031337738,-0.1737891584634781,-0.7306902408599854,0.3335688412189483,0.4802128672599792,0.2594322562217712,0.4182129502296448,0.1956575512886047,0.6456239223480225,-0.2136932462453842,0.1787424236536026,0.5623208284378052,-0.0952494293451309,-0.4659020006656647,0.5894495844841003,-0.353551834821701,0.5185765027999878,0.5021246075630188,-0.2376965284347534,0.5330886244773865,-0.5828683972358704,-0.3418177962303161,0.1960365623235702,0.439268559217453,0.1021599173545837,0.0731368437409401,0.5089455842971802,0.7323586344718933,0.0620243400335311,0.534525454044342,-0.1531139463186264,0.0223901364952325,-0.0430824011564254,-0.3571098446846008,0.3915051519870758,-0.1267165541648864,0.4575133621692657,0.7474158406257629,0.0745801553130149,0.0334050059318542,0.4647896587848663,0.3221175670623779,-0.132783830165863,0.4436643421649933,-0.2163534760475158,-0.0820769295096397,-0.4788778722286224,0.5293567180633545,-0.43360435962677,0.0695783197879791,-0.2839755713939667,-0.069477804005146,0.3941607773303985,-0.4528413414955139,0.3873246908187866,-0.5118597149848938,-0.9780595898628236,-0.8962481021881104,-1.0405863523483276,-0.0377825200557708,-0.6197991371154785,0.1917845606803894,0.4336929619312286,0.3377228379249573,-0.5852713584899902,0.5866094827651978,0.5232565402984619,0.4369068741798401,0.0211797580122947,-0.3005701601505279,-0.329498142004013,-0.4395101070404053,-0.2453618943691253,0.1290901005268097,0.1257193833589553,-0.14954274892807,-0.485604465007782,-0.3824949860572815,-0.2386953830718994,-0.1579154729843139,-0.0722726732492446,-0.3969164490699768,0.2522070407867431,0.3051595389842987,-0.8789565563201904,0.4764496684074402,-0.294450581073761,0.4684979617595672,-0.4818902611732483,-0.3454395830631256,-0.2334645837545395,-0.0699124783277511,0.0146506465971469,0.5087404251098633,0.5976147055625916,-0.3362413942813873,0.317217081785202,1.04651939868927,0.3058985471725464,-0.6563881635665894,0.0283049121499061,-0.3907175660133362,-0.8868690133094788,0.5473998785018921,0.1714128702878952,0.5072013139724731,0.3823002874851227,-0.0345996581017971,-0.76572185754776,-0.2352195233106613,-0.1581593602895736,-0.6667020916938782,0.6334596276283264,-0.5278449058532715,0.6031165719032288,-1.001394271850586,0.4279980659484863,-0.4415233433246612,0.0644017681479454,-0.3051568865776062,0.4913522899150848,-0.1681446731090545,-0.5527747273445129,-0.1379607617855072,-0.4200040102005005,-0.4035248756408691,0.7793075442314148,0.4228866696357727,-0.6714585423469543,0.7570399045944214,0.8811750411987305,0.2145569324493408,0.0186129938811063,-0.0168943759053945,-0.4293434023857116,0.0567590780556201,0.1421727389097213,-0.0225387811660766,0.603763222694397,0.56138676404953,-0.3299057185649872,-0.3262313306331634,0.8162087202072144,0.1292272359132766,0.4442755579948425,-0.0490773431956768,-0.5764775276184082,0.1528856456279754,-0.0182719081640243,-0.2008824795484542,0.0378912128508091,0.7835245728492737,-0.4608275294303894,0.539143979549408,0.5294048190116882,0.0207973700016737,-0.0117460554465651,1.486467719078064,-0.3431360423564911,0.731328010559082,0.337306946516037,0.3415243625640869,-0.8939433693885803,0.3844484090805053,0.6331609487533569,0.2418284863233566,0.0961683839559555,0.088318258523941,-0.3438937962055206,-0.576559841632843,0.7114467620849609,-0.8872788548469543,-0.009042115882039,0.2598137259483337,0.5655202269554138,-0.1510202437639236,0.8814719915390015,0.515365481376648,0.0714452117681503,0.3477046489715576,0.2731968462467193,0.7529176473617554,0.4358554482460022,-0.0934442356228828,0.7085435390472412,-0.5229257941246033,-0.6610777974128723,0.5142320394515991,-0.4635368287563324,-0.0270550586283206,0.0968362018465995,-0.5858202576637268,-0.4646041393280029,0.5281018614768982,0.5531213283538818,0.362198144197464,-0.2891520261764526,-0.3393336534500122,-0.0722410976886749,0.0800727009773254,-0.2968769371509552,0.2656585276126861,-0.1764492392539978,0.7624269723892212,0.3610162138938904,0.1738498657941818,0.2634904682636261,0.3823133409023285,-0.0909759625792503,-0.0705301836133003,0.4688455164432525,0.1794443130493164,0.2476493418216705,-0.0035920403897762,0.4733014702796936,0.0341785736382007,-0.4408974051475525,0.7789172530174255,-0.3337045609951019,-0.5444247722625732,-0.2700710594654083,-0.0357808470726013,0.3648974001407623,-0.1813913881778717,-0.0201868526637554,-0.340008407831192,0.2288478314876556,0.1527169197797775,-0.7295870780944824,0.2882664501667022,0.3661386966705322,-0.149304062128067,0.1141342744231224,-0.1711955815553665,-0.395289659500122,-0.6547362804412842,-0.220074251294136,0.0437257811427116,-1.1788232326507568,-0.3561443388462066,0.6803038120269775,0.1584492772817611,-0.3371363282203674,-1.1833661794662476,0.4725238680839538,-0.365001767873764,0.4758161902427673,-0.0774253085255622,-0.0539039373397827,0.1834788471460342,-0.1411893665790558,-0.3533234894275665,-0.3160483539104461,-0.2004254013299942,-9.859247207641602,0.2976449728012085,-0.1248771175742149,-0.4893210530281067,0.1110296547412872,-0.3544816374778747,0.4842766523361206,0.6801800727844238,-0.3704840242862701,0.5966314077377319,-0.4415507018566131,-0.2758929431438446,0.6819625496864319,-0.1876354366540908,-0.3189501762390136,-0.2509037852287292,-0.5997794270515442,-0.4294027090072632,-0.2562982439994812,0.1988153904676437,-0.0207847580313682,-0.1338878720998764,1.0263043642044067,0.6937289834022522,-0.2525475323200226,-0.2988838851451874,0.2512713968753814,0.4533590674400329,0.3672648072242737,0.0686093121767044,-0.570196270942688,0.6500617265701294,-0.3537479043006897,0.191726416349411,-0.1362497210502624,0.1315823793411255,0.3134248256683349,0.0374453850090503,-0.4943714141845703,0.2524754703044891,0.5206920504570007,-0.1471624076366424,-0.5399802327156067,-0.0679523050785064,0.5883876085281372,-0.5378244519233704,-0.0984445810317993,0.2444182485342025,0.7359997034072876,-0.1326173096895218,-0.2001760452985763,-0.2775997221469879,0.6803111433982849,-0.1878238022327423,0.1431863605976104,-0.0060076965019106,0.6816072463989258,-0.3224541544914245,-0.2205148488283157,-0.5970794558525085,-0.3225646913051605,-0.1359771788120269,0.2457673847675323,0.7954339981079102,-0.1363817602396011,0.3457787930965423,-0.31969153881073,0.0621876642107963,-0.7236897945404053,-0.1568492949008941,0.3804731369018554,0.5976942777633667,0.3617646694183349,-0.0759989321231842,0.2414240390062332,0.2310068011283874,-0.627083957195282,0.039985042065382,0.3882933557033539,-0.0081037580966949,0.1015816703438758,-0.6113519072532654,-0.0239075180143117,0.9026625752449036,-0.7925040125846863,-0.0410769917070865,0.1705383360385894,-0.1098562330007553,0.4107948243618011,-0.3284217715263366,0.1153467446565628,-0.2102152407169342,-0.4222365021705627,0.5111948847770691,0.2240893393754959,-0.5371343493461609,0.1260983049869537,0.1600412726402282,-0.0152237880975008,-0.6845465898513794,-1.0530187,-0.19636112,0.6598091,0.87756604,-1.198908,-0.9194182,-1.3639525,0.93629634,1.4527543,0.12913243,0.59003556,0.09407246,-1.6290401,1.7617215,-0.9007651,0.17463915,0.8672983,-0.92459416,0.40779987,0.08832505,0.6222966,0.36041132,0.6660788,-0.63980377,1.1707528,0.4627627,0.7726813,-0.83522564,0.0014288028,-0.8616731,0.028256305,-0.50966483,-1.3299617,-0.372139,0.3934282,-1.2000153,-1.2899346,1.1249996,0.19649088,-0.77783585,-0.9209363,0.3756006,0.0954279,-0.205765,-0.3647634,-0.33945164,1.5683411,-0.17385283,1.0817189,-0.41989768,-1.0940248,-0.6601422,0.03177826,0.6487969,0.40011325,-0.9014901,1.3952736,0.8220151,0.20747799,-0.29197687,0.7389564,0.36850744,-0.7711518,-0.14231335,0.3968505,0.67094064,-0.35885736,-0.091099024,-0.41723794,-0.2646633,-2.3155382,-1.4165446,-0.2916606,1.4902627,-0.64079726,0.63581496,-0.1472524,-0.6936893,0.08699354,0.20965594,-0.09895953,-0.42412257,-0.5969805,0.9756419,-0.9180126,-1.4192796,-0.6373838,-0.45151308,-1.0351442,-0.28000692,-0.46173674,-1.5610182,-1.8474108,-1.6032966,1.302673,-0.1032878,-0.91926014,-1.2164235,-1.2266945,-0.069523185,0.42674956,1.1174679,-0.09123173,-1.0928936,-0.5501048,-0.26788342,-0.6219213,0.15328841,-0.15590645,0.9255017,0.46829298,0.65220565,0.61802363,1.6815588,0.91200954,0.9283232,-1.0245584,-0.79336274,-0.45252836,0.088540465,1.5422049,0.51550025,-0.9281241,1.0068212,0.28597462,0.73616624,0.29808456,-1.1381404,0.29403824,0.45531666,0.59376824,-0.40724143,2.2195761,1.0492402,-1.2364748,-0.58316207,-0.037747845,0.3808873,0.4873219,-0.5419657,-0.599929,-0.120598584,-0.22414783,-0.45597214,0.44125962,-1.0597186,-0.16200653,0.59083635,1.2680904,0.4958394,-0.42375216,-0.0014077822,-0.9053138,0.35036477,1.0049545,-0.38691556,0.20340286,0.97546124,-1.1316137,1.0459644,-0.03546697,1.2633595,-0.6897782,0.19990478,0.17594874,0.47244775,-0.013281833,0.7379039,-0.68593603,-2.179742,-0.06396192,0.11707817,0.3466907,0.07193964,0.15798107,-0.17140676,0.536113,0.24559419,-0.905282,-0.6514365,1.2780566,1.0763922,0.18565743,0.82834905,-0.5496913,0.4994564,0.38361296,0.26881856,0.49119616,0.3263157,1.3093233,-1.103805,0.6653115,0.94444114,0.87714165,2.483882,0.54906577,-1.4470417,-1.4698178,0.8802302,-1.8532912,-0.83469576,0.68633205,-0.591076,1.1885437,-1.3808107,-0.5633683,1.2671224,0.55127215,-0.12974614,-1.5438647,-1.479925,0.72995716,0.7635591,-0.63409543,-0.13529362,-1.1788673,-0.03759614,-0.57047814,-0.5657328,0.9494596,0.35162857,0.10278941,0.94755435,-1.06116,0.5288616,0.4316149,0.4799477,0.30051145,0.54621285,-0.972882,1.0508741,0.6978992,0.26758927,-0.33805233,0.45804304,-0.9271322,0.65161175,-0.2697411,1.0715458,0.85601157,-0.85389024,-0.17304926,-0.14164388,0.08216696,0.7707426,1.252776,0.013043441,-1.7449199,-0.1226918,0.4743506,0.96662045,0.14990398,0.62883645,0.40284628,1.1076591,-0.7960842,0.25940812,-0.47550747,-0.3307237,-0.036897376,0.3958554,0.2962208,-0.03967976,0.37789637,-0.31350285,-0.60666245,0.11759464,0.14495786,-0.44598994,-1.0418762,-0.74014235,-0.5340512,-0.18539232,0.69749683,0.53757596,-0.6425468,-0.8801738,-0.82387024,0.021145292,0.8427758,-1.3827761,-0.26337847,-0.034184106,-0.98460454,0.55430824,-0.110125445,0.0704998,0.13369256,0.6555466,-1.017308,0.43350965,-0.0018534395,0.6774037,1.7552828,0.024211274,0.62854475,-0.40209284,0.13373776,-0.5076716,0.47672686,0.5860113,-1.7893767,0.6451281,-0.23429315,-1.0273485,1.2899197,-1.2172302,-0.27342582,-0.63700604,0.03227686,-0.17209622,-1.3121077,2.382056,-1.919333,1.3218797,-2.0318434,-0.3128684,-0.808964,-0.43844262,-1.4301395,0.3582275,0.6159917,0.7751765,0.90365195,-0.07755678,0.5579954,0.36044,0.15185076,1.0688646,-0.22612068,0.790586,-1.1807412,-1.622724,0.34432304,0.8517544,-1.2319437,-1.3959665,-1.418558,-0.6369814,0.066373944,-0.38520324,-0.05837977,1.0066625,-0.15262866,0.8815685,-1.3813976,-0.38933185,-0.40722793,-0.47741663,1.4929801,-0.27203733,1.4847549,-0.66124606,-0.83219796,0.6651497,-1.2963072,0.13578147,-0.65527767,1.7269807,0.83121836,0.63071185,0.4323742,0.45919144,-0.12235628,-0.38088632,0.533786,0.23090243,1.252586,0.22175053,-0.13845128,1.4039298,-0.045360297,0.7245048,-0.63216525,-0.1696641,1.7887475,-0.4537543,-0.4953366,-0.48664537,-0.6520703,0.13057981,-0.18948047,0.0527706,-0.05784674,-0.38121435,0.7251351,0.49246183,-0.66517216,-1.4442723,-0.69826424,0.5106869,1.2129108,1.4293656,1.1994137,-0.41519207,-0.6747487,-2.1282053,0.43501782,0.9508647,-0.053041637,0.29623377,-2.0835555,0.05157334,0.43985873,0.28691527,-1.273084,-1.5869552,1.3624593,0.6258616,0.07308243,1.6476941,-0.89464504,-1.4824713,-0.056720786,0.011099507,-0.23804238,-1.3710569,-0.732241,0.37744683,0.10553998,0.94609326,1.1681619,0.5616725,0.17271315,-0.46278715,0.84352225,0.39741886,-0.5513626,-0.33740503,-0.03315291,0.498203,-1.3375926,-0.58709764,0.8323738,-1.835837,1.2323385,-0.48590958,0.008078618,-0.1319291,-0.04138485,-0.39898854,-0.53421503,-0.35361016,-0.8476192,-0.8380363,0.47398424,-1.3976504,-1.0477004,0.73228127,1.4078075,-0.920625,0.08080562,0.58257,0.22388673,0.5962275,-0.061739247,0.07748396,0.17155859,-0.45706177,-0.0045767226,-0.40923002,-1.4673393,-0.69324994,0.69120955,-0.84008604,-1.4666423,1.0520159,0.83508074,-1.2871596,-0.67158794,0.1578012,-0.369145,0.3783707,0.8262837,-0.22837165,-0.10021223,-1.2104906,0.23581856,0.27240828,0.63251567,-0.7379788,-0.03021288,0.48844507,-0.25438622,0.24817663,1.9030198,0.028855601,0.7448419,0.9774283,0.16764863,-0.0172425,0.71467644,0.056097314,-0.19611791,0.8721913,-1.272458,-0.5776498,1.224961,-0.19812067,-1.0757952,-0.21674766,0.2557615,-0.036164828,0.17254883,0.15710872,1.2152265,1.7758567,1.841192,1.9496799,-0.17935047,-0.11681444,-0.72204816,0.4498157,-1.0855317,-0.5962913,-0.1376129,0.57118285,1.7057139,-0.6654085,0.027712243,0.5852151,-0.9540298,-1.074045,0.38424048,0.20584671,-0.071000524,-0.47601992,0.4827996,-1.1042128,-0.17783874,-1.7748891,0.0013968614,0.45463473,1.1070042,-0.5551073,0.08080019,0.42735547,0.45437983,-0.7818935,0.41707635,1.3216267,1.5889554,0.17497958,-1.1523176,0.72275835,-0.28692523,-1.1923817,-0.050714564,-1.2291086,-1.1264096,0.3163251,-0.43071815,-0.3401266,-0.8815019,-0.46819293,1.4371746,0.16286053,-0.14326483,0.5762246,-0.8343876,1.5475392,-0.82507473,-0.42705452,1.5171971,0.48857656,-1.4297777,0.3423797,-1.0113664,0.83185095,-0.25329405,0.7732496,1.0425348,0.21680777,-0.37642807,1.7943848,-0.58464175,-0.03700769,-0.6771961,0.80836487,-0.74798656,0.19947064,-1.4747685,0.9868299,-1.2020416,-1.1522704,0.18104301,0.510562,-0.2887681,0.010450537,-0.018499374,0.3228015,0.086577855,-0.7655524,1.1414052,1.8900675,-0.109853216,-1.1088016,0.45572424,0.19786917,-0.72731286,-0.3532681,2.5840378,0.7082994,1.198824,-1.2355028,-0.9146644,0.7007603,-0.25118905,-1.1335436,-0.62672925,-0.93657905,0.48646805,0.7993009,-0.38627034,0.79714626,-1.1303911,0.10795822,1.0961301,-0.9433185,-0.304381,0.40547395,-0.8498118,-1.347655,-1.3597423,0.5756121,0.8096417,-1.1026198,0.6594638,0.9532369,1.0419246,0.9804772,-0.5064186,-0.61841065,0.7248,0.5571035,1.1415969,-1.0203851,-1.3398505,1.0835357,1.1153414,-0.6334672,0.9958581,-0.12568563,-0.23555523,-1.4197038,1.1618371,-0.068093576,-0.10201157,0.4945447,0.40325975,-0.3210056,0.61540395,-0.14190748,0.39389294,-0.05850166,-0.8899814,-0.093518935,-0.28061008,-1.14332,-0.21093446,-1.0674081,0.21041247,-0.4892961,0.80185175,-1.3179517,0.54554915,0.23083337,0.73631966,0.586643,0.5464469,-1.0243847,-0.58092713,-0.7944599,1.1258407,0.8251064,-0.41356665,-1.1124171,-0.04553332,1.2133139,0.9054165,-0.47143984,0.24632221,0.20272864,-0.65074366,-0.8642472,-0.7422917,-0.21420999,0.1237123,0.8486584,-0.94192916,1.1587209,-1.5552478,0.7730458,-0.12737548,-1.5802155,0.5474137,0.4985368,-0.59039456,2.0740163,1.0424929,-0.36267102,0.08223787,0.6721965,0.85663736,-0.46635103,-0.3683597,-1.1600157,1.0835557,1.860232,0.4722322,-1.3004766,0.41187373,0.18058178,-0.35187644,1.3318912,-0.37425378,-0.6400211,-0.59657264,-0.31081566,-0.5079707,-0.13999029,-0.33499095,0.25503477,-1.0140388,0.682111,-0.6489522,-1.0261765,0.37451914,-0.7922916,0.6997659,-0.36310914,0.75079536,0.38465562,0.5997574,0.30617774,-0.9124452,-0.14018637,-0.92022175,-0.35460228,0.38798872,-0.6081162,0.7122242,0.0884192,0.30555812,1.8322326,0.8270753,-0.63431853,0.6057203,0.19274582,-0.026275191,0.29785594,-0.5002404,-0.13462819,0.52630603,-0.04461001,0.8492452,-1.4830447,-0.5137346,0.09638489,0.24232152,0.21930552,0.2844736,-0.2567331,0.27905697,1.6922846,1.2717811,0.2829519,-0.70950913,-0.69086,0.62996215,1.1186119,-0.9569411,-0.7077208,-1.5635382,0.121200524,1.1211234,-0.44167128,0.3618872,-0.030733988,-1.1183466,2.1074185,-0.48208192,-0.06233673,1.3623234,-0.69502306,0.7086417,-0.73223853,0.039210256,0.5758665,0.44331944,-0.7010743,1.2179908,0.99803203,0.67738336,-0.4454882,-0.5422427,-0.7381119,0.38411108,-0.39123082,-0.8966424,-0.46805248,0.56039834,-0.96663815,-1.7260365,1.1276041,-0.35326204,-0.42633262,-1.0229108,0.6435079,-0.30986628,-0.13225132,-0.27183452,-0.3859613,1.2293459,-0.17733805,0.6517024,-0.3460423,-0.5570783,-0.04400141,0.5615804,1.0019891,0.4547961,-0.014840673,1.434553,1.3327044,0.1709166,-0.82119817,0.5320701,1.2488128,-0.86889213,0.3319554,0.9614225,1.0411247,-0.12596244,-0.3610637,-0.3284265,-0.3726758,-2.0242808,-1.3671962,-0.6015374,1.6146169,-1.5342335,0.9863692,-0.012536447,-0.33458373,0.55233186,0.13575031,0.076184295,0.152025,-1.1610409,1.644997,-0.41228917,-0.7648738,-0.6145104,-0.5666066,-1.4736948,-0.089187086,0.008768548,-1.64876,-1.8193568,-1.3990827,0.7535069,0.35608795,-0.7318435,-0.46114266,-1.5147591,-0.06101464,0.2659684,0.8484814,-0.33106264,0.027285894,-1.2992148,-0.059183944,-0.68290097,-0.42730114,-0.8258436,0.92081255,-0.078043096,0.26139548,0.64065725,1.2845868,1.1607926,1.3293555,-1.2589382,-0.80782145,-0.88137656,-0.11560934,1.2892193,0.24657749,-0.67808604,0.65793186,0.0658327,0.47047806,0.4634491,-0.74988073,0.39308393,-0.40194383,0.9534107,-0.5938285,1.6239918,0.56049955,-0.7920751,-0.5263571,0.088635884,-0.092127025,0.65949464,-0.47174326,-0.6355149,-0.0732438,-0.22966217,0.12568806,0.11723877,-1.5990953,0.5254167,0.2526215,1.4329481,0.19068658,-0.28674048,0.20371811,-1.1176047,0.7720912,0.9323297,0.06443599,0.5517221,0.33869886,-1.6027886,1.7602682,0.4167969,1.1167543,-0.8710623,0.030303637,-0.007883806,0.69722605,-0.79827267,0.44215533,-1.1280594,-2.1859572,-0.2767206,0.56426376,0.2613633,-0.41254982,0.5640153,-0.076263644,0.36415133,0.23123986,-1.1219915,-0.36589423,0.67295855,0.8991802,-0.10511544,1.0419072,-0.03518625,0.20079394,0.7503154,0.6857679,0.36004722,-0.24425757,0.82858855,-1.0648412,1.2974921,1.406977,1.1930207,2.4439793,0.52234715,-1.3549048,-1.4499289,0.9750473,-2.1610143,-0.13706972,0.48941255,-0.7169216,1.0833442,-1.0363415,-0.77692527,1.8554331,0.48821107,-0.16526742,-1.5911671,-1.2511202,0.6843407,0.2903196,-0.6932679,-0.29243973,-0.33567372,0.13657482,-0.55687696,-0.5043941,0.58743733,0.46705565,0.73384756,1.0820643,-1.2451988,1.0731199,0.6166863,0.6804803,0.026090577,0.8328612,-1.4549365,0.22939324,0.80163795,0.23579054,-0.2796413,0.0058395765,-0.7452524,0.86138153,-0.34783486,0.47925544,0.27526256,-0.65525466,0.2652168,0.16462989,0.23406537,0.9393764,1.5450805,0.8309229,-2.1860466,-0.36922932,0.075487845,0.8720053,0.7768851,-0.099905975,0.97400165,0.7056837,-0.58346194,0.4288837,-0.3711137,-0.030772114,-0.020809658,0.5543553,-0.012642781,1.0585002,0.14093976,-0.77196234,-0.7652983,0.46234867,0.7880357,-0.73944706,-0.6860297,-0.42131975,-1.3200314,0.39925537,0.059699252,0.30123544,-1.2752517,-1.1193824,-1.1646014,-0.42536235,0.695059,-1.8609762,-1.0648415,0.021510601,-0.2735799,0.31069013,-0.3683897,-0.020258473,0.4587946,0.5253353,-1.3294966,0.7850966,0.041920006,0.662631,0.9207955,0.09222126,1.1125244,-0.38414463,0.76444745,-0.91466767,0.62544364,0.6817865,-1.4455184,1.004797,-0.03739503,-0.107182026,0.53695923,-1.3426647,0.06749317,-0.8696539,0.28651085,0.34916508,-1.3085835,2.0455868,-1.531187,1.2564038,-1.6116344,-0.71991616,-0.7225053,-0.27842557,-1.5964555,0.9349994,0.63158524,0.42521915,0.5430265,-0.27343354,-0.049287006,0.6122169,0.12131391,0.62208885,-0.089687735,0.8339796,-1.1142199,-1.5192693,0.2518165,0.72686934,-1.1882023,-1.1392603,-1.966705,-0.63551027,0.61442775,-0.47187063,0.6037725,0.64621454,-0.21523148,0.35147262,-1.1045638,-0.4884608,0.41146556,-0.6012032,1.4046683,-0.22393613,1.6852027,-1.0196121,-1.1801553,0.8204387,-1.4731275,-0.44961467,-0.55175155,1.8522359,0.73632574,0.22471826,0.42243698,0.87467057,-0.98973894,-0.30243585,1.0630344,-0.038728163,1.463469,0.6396133,-0.36171994,1.907395,0.40908456,0.8238717,-0.47686586,-0.5895507,1.4421841,-0.108421244,-0.02808001,-0.30290046,-0.50643235,0.0147144,0.35921314,0.5061652,0.46433067,-0.089012384,0.76026636,0.9028174,-0.68066716,-0.65628105,-0.6702902,0.98525244,0.9204319,1.2564913,1.8342716,-0.12645169,-0.6223801,-1.6037441,-0.096663415,0.8051109,-0.08210037,0.90992063,-1.1119226,0.02727761,0.39386347,-0.034107346,-1.11145,-1.7653221,1.7191287,0.297797,0.3664316,1.1983966,-0.8620321,-1.3807336,-0.6468684,0.35213038,0.15784143,-1.1804682,-0.5081155,0.8429598,-0.40753293,1.0940735,0.26090047,0.62391824,-0.16494684,0.11419239,0.7223263,0.34090337,-1.0534381,-0.6658485,0.09065852,0.44466457,-1.771543,-0.84564877,0.13987033,-2.0915773,0.5884797,-0.31633887,-0.6238958,-0.25933883,-0.2899288,-0.7593072,-0.46816865,-0.1204963,-0.5938546,-0.98687047,0.86082643,-1.2296499,-1.1123562,1.0590084,1.2511581,-0.6420503,0.1574793,0.85211474,0.123278,0.72289205,-0.24576528,-0.33478427,1.0229303,-0.58229333,-0.4868096,-0.26510596,-1.0432023,-0.39374033,0.12806232,-0.6849405,-1.2043167,1.2891651,1.1049365,-1.7152814,-0.66754603,-0.41103664,-0.65054417,1.3985823,0.5439055,0.54109144,0.10731932,-0.43136835,-0.5000009,0.16808875,0.7403572,-0.5534285,-0.41471362,0.8649955,-0.79549193,0.42436266,2.1308796,0.280234,0.7359933,1.1521841,0.5945844,-0.5764378,0.49079683,0.2360205,-0.29524693,0.61656743,-1.5490333,-1.0752736,1.4619765,-0.54179126,-1.2464153,-0.32496464,0.5275933,-0.5613376,0.022680292,0.64168,1.0272355,1.0070175,1.0545818,2.075863,0.071657225,-0.47300056,-0.747216,0.3027015,-0.6186543,-1.0258633,0.36402872,1.0363811,2.057855,-0.2502075,0.17297809,0.6879158,-1.043527,-1.2466756,0.616295,0.61006904,0.13930263,-0.556895,0.27340317,-1.401123,0.26396036,-1.5684937,-0.48663488,0.41426766,0.5225821,-0.34238374,0.14485355,0.7667044,0.34955493,-1.0983585,0.70959157,0.8979127,1.3710594,-0.43367442,-0.7615164,0.11288217,-0.7665437,-1.5506034,0.13481487,-0.8219302,-0.45156994,0.20066957,-0.54497176,-0.32489863,-1.0897826,-0.8129754,1.4029471,0.21710353,-0.7302204,0.6310551,-0.90258545,1.5771974,-0.5472924,-0.21882872,1.6403035,0.23245603,-1.3768415,0.10950386,-1.2928735,0.57118136,-0.6323299,0.39697143,0.5268886,0.33035788,-0.56514245,1.1954952,-0.13169959,-0.48435426,-0.45695505,0.53528696,-0.14278513,0.5889309,-1.7855412,1.2587276,-0.9857523,-1.1449348,-0.13961886,0.69701153,-0.39634728,-0.16941446,0.040799413,0.47594652,0.8219483,-1.2570928,0.66870356,2.1265914,-0.49451044,-0.8436225,0.9474559,0.3274034,-0.49043563,-0.04083055,2.488519,0.61960834,1.115455,-1.0526923,-0.7156608,-0.2505987,-0.46871158,-1.0988581,-0.33246604,-0.22541453,0.10733981,0.6975089,-0.5441484,0.72441,-1.2484674,-0.13849276,1.1009926,-0.60030496,0.09792624,-0.014432405,-0.32800865,-1.3191911,-1.5614228,0.2996591,0.92145324,-0.9192148,0.5565865,0.6429052,1.4181539,0.6348709,0.105248295,-0.41601086,0.56815785,0.93503547,0.89254785,-1.1511098,-0.7921357,0.89301556,1.4385504,-0.8329837,0.3462644,-0.3135706,-0.26886687,-1.2489177,1.3726177,0.40796903,-0.14602692,1.082695,0.4625044,0.35967278,0.57856244,0.015086855,0.36931428,-0.34993485,-0.89419025,0.30153626,0.027643168,-0.9564139,-0.3455898,-1.0371497,-0.10278794,0.047451776,0.43851462,-1.195835,-0.14962493,-0.48285604,0.74111503,0.21325974,-0.33333012,-1.0918522,-0.30062643,-0.8772902,1.8484534,0.9606621,0.11313319,-1.586538,0.7870249,0.7972701,0.3904362,-0.897896,0.6409399,0.3845015,-1.033284,-0.6032904,-1.1580249,-0.4170526,0.2695693,0.74880725,-1.030087,1.2284564,-1.7089847,0.42065617,-0.44294134,-1.1704551,-0.18766093,0.13264464,-0.6410223,2.0508575,1.1117219,0.352463,0.19761138,0.8809831,1.0572361,0.13150124,0.04397141,-1.5331941,0.75509626,1.2847399,0.5394227,-0.86405855,-0.66747975,0.2821466,-0.7395796,1.2801014,-0.20177113,-0.44377282,-0.84334993,-0.27168527,-0.5794787,-0.4012312,-0.46152446,0.053331133,-1.437065,0.103896946,-0.6447684,-1.0087961,0.9067903,-0.7886591,0.17358877,-0.17035758,1.1877955,0.6252361,0.9091771,0.80669594,-0.6121125,-0.30653906,-1.1020366,-0.5278762,0.8669224,-0.75473624,-0.2384773,-0.16557227,0.9665738,1.9272002,0.6592925,-0.5655907,0.41226998,-0.20381917,-0.27267978,-0.09744865,-0.7332836,-0.33333275,0.3172044,-0.20529096,-0.116514236,-1.4911875,-0.50182235,-0.48075595,0.5471888,0.57714766,0.69733167,0.5477247,0.24127038,1.8470184,0.6951975,-0.21986568,1.0
イ,0.2505481839179992,0.4489372670650482,0.1492974162101745,-0.5586414337158203,-0.0013604935957118,0.0918458104133606,0.3721223175525665,-0.0234025865793228,0.0832772254943847,-0.4972952902317047,0.922433853149414,0.0710767582058906,-0.3678937554359436,-0.0582557208836078,0.4592601954936981,0.0477102994918823,0.3026152551174164,-0.0985034108161926,-0.3389739096164703,-0.3084463775157928,-0.4294740259647369,-0.4628788530826568,0.0032123664859682,0.1254025250673294,0.4180895090103149,-0.4004127383232116,-0.0911752507090568,0.2276809960603714,-0.1435918509960174,-0.1566646099090576,-0.3757165074348449,-0.3744196891784668,-0.1879740059375763,-0.2184703797101974,-0.278684914112091,0.8278489112854004,0.1410537958145141,-0.2761842608451843,0.0495626181364059,-0.0305525045841932,-0.2750777900218963,-0.103702962398529,0.1346310377120971,-0.2775102853775024,-0.3408503830432892,0.5337256789207458,0.0850845575332641,0.2999982237815857,0.3017307221889496,-0.0298516284674406,-0.4111286401748657,0.4123713672161102,0.2305360287427902,-0.0554429590702056,-0.0002612370881251,-0.1306027173995971,-0.1068493500351905,-0.177051767706871,0.1526751071214676,-0.0106077278032898,-0.080419547855854,-0.2179279178380966,0.1381518840789795,-0.0645262748003006,-0.4898168444633484,-0.2554144263267517,0.0158404614776372,0.0089113507419824,-0.1771092265844345,-0.5936737656593323,-0.3995041847229004,0.2752134203910827,0.1364410668611526,-0.409847617149353,0.4420993030071258,-0.3259541392326355,0.3144108355045318,-0.1611713469028473,-0.1378859132528305,-0.1059435307979583,-0.2272272706031799,0.4182016253471374,-0.1328671723604202,-0.6189823150634766,0.1171788424253463,0.0059523768723011,0.1065851971507072,-0.4834829270839691,0.3780913650989532,-0.5386707186698914,-0.3544098436832428,0.272403359413147,0.5725651383399963,0.3448121547698974,-0.2858032286167145,0.0702245160937309,0.1583373248577118,-0.2321749329566955,-0.2503252625465393,-0.1264444589614868,0.5010859966278076,-0.3914403915405273,0.1215318441390991,-0.1627832204103469,-0.1635713726282119,0.1289453953504562,-0.4897728264331817,0.5729210376739502,-0.0315574333071708,-0.1191677451133728,-0.2018569260835647,-0.2577365636825561,-0.3563779592514038,0.4040128290653229,-0.2662290036678314,-0.1149513870477676,-0.1682388335466385,0.3997953832149505,-0.2984249293804168,0.1948220431804657,0.2346782982349395,0.2928614318370819,0.0676141455769538,0.1553054451942443,-0.0961431860923767,0.5456915497779846,-0.2279289662837982,-0.0558218955993652,0.0611917041242122,-0.2349888235330581,0.2706878185272217,0.0724034383893013,-0.3393912613391876,-0.1392006874084472,-0.5784204006195068,0.2526203095912933,-0.155659407377243,0.0599726513028144,-0.0823525488376617,-0.5838775634765625,0.047910239547491,-0.2668199837207794,0.2308844178915023,0.1897561997175216,0.0472326166927814,0.0304461829364299,0.4092461466789245,-0.2077170759439468,0.446753054857254,0.1353139877319336,-0.0519040711224079,0.783359169960022,-0.3722396194934845,-0.2989800870418548,-0.2798097133636474,0.042486522346735,-0.3434524536132812,0.0400078408420085,0.0653272718191146,0.4727227985858917,0.2746033072471618,-0.6966155767440796,0.0782220959663391,0.4430415630340576,0.2624966502189636,0.7815207242965698,0.1209591776132583,-0.0958712175488472,-0.0241772830486297,0.5504213571548462,0.2618978321552276,0.4256070256233215,0.1255105286836624,-0.5663151741027832,0.2344573885202407,0.5653722882270813,0.1362340450286865,0.1511902064085006,0.2922266721725464,-0.4613509178161621,0.1085969433188438,-0.4493367969989776,-0.2269296944141388,-0.4779540002346039,0.5775596499443054,-0.1593138724565506,-0.1407499462366104,0.0492161028087139,0.0404408201575279,0.0006456886767409,-0.5783886313438416,0.0301188584417104,0.5472155809402466,-0.4307481944561004,-0.0494826287031173,-0.1220207810401916,-0.0579941235482692,-0.3472139537334442,-0.1853754818439483,0.5233907103538513,-0.0871587991714477,0.2898628711700439,-0.2703546583652496,-0.2009024322032928,-1.124642014503479,-0.222978800535202,0.2935783565044403,0.4990005493164062,0.2641696035861969,0.1191057860851287,-0.4838886857032776,0.2278601378202438,0.4431247413158417,0.4852368533611297,0.0213789027184247,0.0502767190337181,-0.2780689299106598,0.179585114121437,0.3599025011062622,-0.5641339421272278,0.0423757135868072,-0.1109554767608642,0.0774233862757682,0.3421428501605987,-0.2297710478305816,-0.103759691119194,-0.0296202395111322,0.0609361641108989,-0.1472322195768356,0.7782184481620789,0.2733465433120727,-0.0964207574725151,-0.5749717950820923,-0.4450890123844147,-0.9197883009910583,0.2412146925926208,-0.1610824167728424,0.22455695271492,0.3092661798000335,0.297025203704834,0.2582457661628723,-0.2680031061172485,-0.1428358107805252,-0.2700835466384887,-0.2408133894205093,0.3363486230373382,0.1937740296125412,-0.1581805199384689,-0.5909778475761414,0.3315999209880829,-0.5108320713043213,-0.2683800160884857,0.6358513236045837,-0.1435994505882263,0.5744237899780273,0.1409382820129394,0.4897727072238922,-0.0853540748357772,-0.1874617785215377,-0.0955950766801834,0.0436156764626503,-0.4138393998146057,-0.1069721728563308,-0.2344851791858673,0.0109996134415268,0.1046502217650413,0.0584264323115348,-0.636326253414154,-0.0737071558833122,-0.3163428604602813,0.1024644523859024,-0.5688919425010681,-0.0704476460814476,0.230291873216629,-0.3569014072418213,0.250668466091156,-0.1041097939014434,0.3356075882911682,-0.2991388738155365,-0.0898166894912719,-1.0346769094467163,0.462022066116333,-0.7326732873916626,0.3542755842208862,0.1198809146881103,-0.1020419746637344,-0.0654364451766014,-0.1256033927202224,-0.1999105513095855,0.5118235349655151,0.1648826599121093,-0.2880998849868774,-0.5125777721405029,-0.0331790335476398,-0.1484315097332,0.0892459005117416,0.1570788919925689,-0.2203528583049774,0.0077931177802383,0.118221990764141,0.5483359098434448,0.1169387027621269,0.1514610946178436,-0.168676421046257,-0.3166066408157348,-0.8211398720741272,-0.174249917268753,0.1659409701824188,0.6097294688224792,-0.3898724913597107,-0.1515483856201172,1.065920114517212,-0.1712241768836975,-0.2753693759441376,0.2073781341314315,0.4925227761268616,-1.4006301164627075,0.1897653192281723,0.588225245475769,0.0082712536677718,0.0532373040914535,0.3261024951934814,0.305587887763977,0.3564168214797973,-0.5224007368087769,-0.0392370522022247,0.3144610822200775,0.3735979497432709,-0.0036170836538076,-0.3670718371868133,0.3963320851325989,-0.0700402110815048,0.0745707526803016,-0.612056314945221,-0.3191026151180267,0.4119139909744262,-0.0874440968036651,0.0874632224440574,-0.0170665271580219,-0.3100562393665313,0.0694663971662521,-0.2886847555637359,0.2692031264305115,-0.325777143239975,-0.2060827612876892,-0.2726702988147735,0.2635100781917572,0.449198842048645,0.661635160446167,0.5164912939071655,0.3551589548587799,0.2686977684497833,0.4473485052585602,0.3802987933158874,0.4603124260902405,0.3109914064407348,-0.1063156351447105,0.0195352584123611,0.5475675463676453,0.3219617009162903,0.2603946328163147,-0.0276618730276823,-0.2409785836935043,0.6404382586479187,-0.0342877991497516,0.4841922223567962,0.4391713440418243,0.6220520734786987,0.3925226628780365,0.2461102455854416,0.4162329435348511,-0.1992395222187042,-0.1421195566654205,-0.3447634279727936,0.2172411680221557,-0.2869605720043182,-0.159542977809906,-0.1537368595600128,0.2500409781932831,-0.1458094269037246,-0.51259446144104,0.1407272219657898,-0.4438359141349792,-0.0136881181970238,0.1929426491260528,-0.2214354574680328,-0.5873409509658813,-0.4135623872280121,-0.4071406424045563,-0.5993702411651611,0.487648457288742,0.2242782115936279,0.1675911098718643,-0.5403475761413574,0.1199017167091369,0.1179696023464202,0.1697641909122467,-0.1759710162878036,0.0114829167723655,-0.1525502800941467,0.0282090436667203,-0.1229961067438125,0.0094847762957215,-0.6527937650680542,-0.4276649355888366,-0.5186935663223267,-0.8451845645904541,-0.1182984411716461,0.1161651164293289,0.3922761380672455,-0.0325253829360008,0.1955144107341766,0.1770944148302078,0.2159095853567123,-0.2994886338710785,-0.1859803646802902,-0.8119920492172241,-0.0156768765300512,0.2146668434143066,0.2322666496038437,0.232969045639038,0.1962420046329498,0.1099632307887077,-0.0482075437903404,-0.2861345410346985,-0.012153910472989,-0.2400132715702057,-0.2711018323898315,0.9789894223213196,-0.2605230808258056,0.4552047252655029,-0.1963374316692352,0.1221195682883262,0.3167569637298584,-0.1554841697216034,-0.112817458808422,-0.0907303839921951,0.4706625342369079,-0.1368854939937591,-0.1007928028702735,0.0552294701337814,0.4654022455215454,-0.323762983083725,0.1653086394071579,-0.0653367415070533,0.1071037575602531,0.2053379118442535,-0.0762300416827201,-0.1510095745325088,-0.2405013442039489,0.1477335095405578,0.2341473698616027,0.2862294316291809,0.2517187595367431,0.2906464636325836,0.603635311126709,0.0465304367244243,0.2981800138950348,0.2586971819400787,0.7238072156906128,-0.2899322211742401,-0.2150292694568634,-0.4939345717430115,-0.0892949178814888,-0.4694490730762481,-0.1574169397354126,0.5626305937767029,-0.2203343510627746,0.2118527293205261,-0.1339785903692245,-0.6529372930526733,-0.0651318654417991,0.0051952362991869,0.0690673440694809,0.0703841000795364,0.3648920953273773,0.4399062097072601,-0.0126997204497456,-0.6327009201049805,0.5944579839706421,-0.3083150088787079,0.5145155787467957,0.3459455370903015,-0.5750617384910583,-0.2742610871791839,-0.0764722600579261,0.0789083093404769,0.0509687885642051,0.2437104284763336,0.5642279982566833,-0.3491406440734863,-1.0541503429412842,-0.1875897049903869,0.253937304019928,-0.1902288049459457,-0.4174838066101074,0.2181191146373748,0.1227318570017814,-0.9403929114341736,-0.6611847281455994,-0.3907082676887512,-0.2368012964725494,-0.0750048086047172,-0.9417609572410583,0.2107371240854263,0.0918762311339378,-0.0685869976878166,0.4357554912567138,0.0065562450326979,0.0523173697292804,0.2633278965950012,0.4124357998371124,0.32712522149086,-0.5278412699699402,-0.0882996395230293,0.1802866458892822,-0.0107608418911695,0.0757314711809158,0.4335595369338989,0.0022350514773279,0.1346089839935302,-0.0360789820551872,-0.6570267677307129,-0.1326983571052551,-0.3951635062694549,-0.8622023463249207,0.3906485438346863,-0.0485257804393768,0.2440661787986755,-0.4389907419681549,0.3586048185825348,-0.2363224476575851,0.0419668890535831,0.1436831504106521,0.0125273689627647,0.0706452205777168,-0.6102577447891235,0.3147449195384979,-0.4907277226448059,-0.4119032323360443,0.8037401437759399,0.6327239871025085,-0.277031272649765,0.0262137148529291,0.3444098234176636,0.0450162589550018,-0.3139759302139282,0.0423781313002109,-0.0282185282558202,-0.0554161630570888,-0.1430779546499252,0.2068943828344345,0.3075024485588074,0.0210439786314964,-0.2298358529806137,-0.2397428303956985,0.5746675133705139,0.4281243979930877,0.2773855924606323,-0.1015438437461853,-0.0849071964621543,-0.2149445414543151,-0.3835354745388031,0.1777462214231491,0.1371704339981079,0.6504777669906616,-0.1978227198123932,0.90113627910614,-0.1241719648241996,-0.3456954061985016,0.2918019294738769,0.6946764588356018,-0.100216694176197,0.2651370167732239,0.1185874417424202,0.1118910908699035,-0.889651358127594,0.1925767362117767,-0.256352037191391,0.2200701981782913,0.1242488473653793,0.4356253743171692,0.467876672744751,-0.6214590072631836,-0.260323166847229,-0.1672984957695007,0.1883513331413269,0.0608341209590435,0.5436148047447205,-0.025854293256998,0.0934903025627136,0.2462126761674881,-0.1927277445793151,-0.0298794582486152,0.1243695616722107,0.0780878812074661,0.8339083194732666,0.2224399149417877,0.0871190205216407,-0.2118162512779235,-0.8105356693267822,0.3458636999130249,-0.0689836740493774,0.018697315827012,0.4625156223773956,-0.282231330871582,0.1249693036079406,0.3071497082710266,0.6096946001052856,0.1468066424131393,-0.2993062138557434,-0.793890118598938,0.1002339199185371,-0.0204421188682317,-0.0992076396942138,0.2560797929763794,-0.0415349118411541,0.3648510277271271,0.203915536403656,-0.1634592562913894,0.0352919995784759,0.5447142124176025,-0.1733648031949997,0.0036587237846106,0.304246574640274,0.1871929317712783,-0.4307031333446502,0.0009281226666644,-0.2076293379068374,-0.4050754308700561,-0.4266373217105865,-0.2039306312799453,-0.2270745187997818,-0.0535288043320179,-0.1840565502643585,-0.0797881931066513,0.2254985123872757,0.1304506063461303,-0.1006392464041709,-0.3923006653785705,-0.3506778478622436,0.5158728361129761,-0.7764759063720703,-0.1357771307229995,-0.1237556636333465,0.0765950009226799,-0.1074878200888633,-0.0110861044377088,-0.3666615784168243,-0.1664658933877945,-0.1050653979182243,0.1489000916481018,0.0398935228586196,-0.416027158498764,0.2048544883728027,0.2299579083919525,-0.1175116971135139,-0.788458526134491,0.1993530094623565,-0.0932439640164375,0.6569687724113464,-0.1900956332683563,0.2818269431591034,-0.2750597894191742,0.2358642965555191,-0.3131818175315857,-0.1302007734775543,0.0328198932111263,-10.583672523498535,-0.0490938015282154,-0.445158988237381,-0.1263294517993927,-0.4172158241271972,0.4067028164863586,0.6914451718330383,0.2893685698509216,-0.4186541438102722,0.0356551110744476,0.3733002245426178,0.3360385596752167,0.267772227525711,0.3577016592025757,-0.6444789171218872,-0.2057143747806549,0.1316499561071396,-0.0891802087426185,-0.1396465450525283,-0.2161887139081955,0.2653757333755493,-0.0017534146318212,0.2895424365997314,0.6346953511238098,0.0794324725866317,-0.5257126092910767,-0.4686369895935058,0.2963267862796783,0.0342756062746048,0.2951556444168091,-0.3470078706741333,0.142052948474884,0.0479567125439643,0.319089412689209,-0.3116777241230011,-0.2718498408794403,-0.1247318685054779,0.3276664912700653,0.1142612621188163,0.191989004611969,0.2599020004272461,0.657625675201416,0.285983681678772,0.0854373276233673,0.2722641825675964,0.4464370608329773,0.5172173380851746,0.294055163860321,0.6834058165550232,-0.0487478226423263,0.0203231442719697,0.3268148303031921,-0.1709272563457489,-0.1003255695104599,0.3273875713348388,0.0490538142621517,0.7690467834472656,-0.6563530564308167,-0.44570192694664,0.073697306215763,-0.0454915389418602,0.0713259354233741,0.9178944230079652,0.5181217193603516,0.0308233760297298,-0.0776502043008804,0.312881737947464,0.4847948849201202,-0.5009794235229492,-0.2229619175195694,-0.0355613268911838,0.2150739580392837,0.0117330383509397,-0.0769709050655365,-0.5127115845680237,0.275899589061737,-0.004084981046617,-0.2585968971252441,0.3279469013214111,0.2067940235137939,0.1488009393215179,0.2203200012445449,0.015926444903016,0.1426022797822952,-0.5167419910430908,0.1087146177887916,-0.2099006623029709,0.1725313067436218,0.0848772972822189,-0.4644400477409363,-0.07003665715456,-0.2248544692993164,-0.0309130512177944,0.7703751921653748,0.4164022207260132,-0.0329809635877609,-0.0987273156642913,0.102551057934761,0.5012519955635071,0.0252322237938642,-0.73332214,-0.037544698,0.5188808,1.1694162,-1.2600434,-0.8676544,-1.3391299,0.56641287,1.6222849,-0.30629954,0.047031216,-0.31769732,-1.3948382,2.2254992,-0.70707977,0.4613971,0.5720289,-0.98510677,0.8203945,-0.18965839,0.8082013,0.55681646,0.58223367,-0.6036918,0.7752553,0.49606287,0.95134646,-0.7790406,0.20714316,-0.7446606,0.37196764,-0.29268593,-0.94701385,-0.33723944,0.32408664,-1.6095595,-1.1973062,0.8079699,-0.041588083,-0.32210702,-0.2249229,0.6575953,-0.15512154,0.0014253855,-0.10341897,-0.3327363,1.5805838,-0.3455765,0.45415786,-0.37031072,-0.7241527,-0.5811414,0.64492637,0.7269519,0.29996938,-0.40444842,1.1105826,1.1385823,0.37608957,-0.9045553,0.47639656,1.0555451,-0.7093423,-0.002862081,0.40482008,0.811534,-0.3399794,-0.48395368,0.029038183,-0.30106986,-2.0542715,-0.9327187,0.08507249,1.6653719,-1.2310141,0.90618134,0.255333,-0.83165354,0.44396922,0.41529924,-0.13216007,0.30233485,-0.3865408,1.2591105,-0.9310237,-0.38013095,-0.3120126,-0.7001283,-1.662962,-0.011802301,-0.53300637,-1.4037523,-1.3704624,-1.5038478,1.399185,-0.6641568,-0.6971077,-0.9715085,-1.3607477,-0.26920322,-0.27316067,1.4236362,-0.06406073,-0.83147204,-1.1448398,-0.8597591,-0.636826,-0.25226697,-0.301347,0.61002153,0.0012419671,0.26234528,0.7240767,1.7065254,1.116294,0.84280556,-0.77862537,-0.9162251,-0.24819842,-0.008577157,1.6299655,0.24319917,-0.6046996,1.0414997,0.09018497,0.5077158,0.15127485,-0.24753699,0.68863904,-0.022500925,0.55054927,-0.28692722,1.7815151,0.8394679,-0.8781544,-0.5033455,-0.66463375,0.25851426,0.5338652,-0.4957973,-0.74066854,0.22918996,-0.25365013,-0.10049755,0.24072433,-1.3728004,-0.2006734,0.9470235,1.4263836,0.2971291,-0.25639445,-0.47056076,-1.0894529,0.4535492,0.9591497,0.3584434,0.07020944,0.28976017,-1.4239165,1.286336,0.27516726,0.97931546,-0.943908,0.68975943,0.097407795,0.51816404,-0.71016103,0.6381372,-0.80843365,-2.3526852,-0.8945583,0.21890423,1.0816221,0.156641,0.8432926,0.1628812,0.11438298,-0.014133309,-0.42925894,-0.100669965,0.5726659,1.1114401,0.024952952,1.2273271,-0.37528947,0.7374254,0.7672048,0.4779962,0.69820964,0.078780755,1.2585595,-1.154876,0.9653925,1.1651423,1.2947843,2.5872056,0.90975803,-1.6106198,-1.7857943,0.9365868,-2.0477533,-0.32432222,0.38585305,-0.23172766,0.9448243,-0.8149994,-1.079005,1.6603011,0.7731974,0.009045746,-1.2615633,-1.7925,1.0070814,0.7507533,-0.34731114,-0.4900417,-1.0051922,-0.014329284,-0.40729573,0.21746913,0.53818035,0.28726065,0.49936175,1.4938416,-0.8454466,0.29508373,-0.026857391,0.15409152,0.20445982,0.7927719,-0.770379,0.31694257,0.16422561,-0.26636663,-0.67152774,0.9976311,-0.47133082,0.73107016,-0.23607635,0.59959006,0.70692486,-0.88301194,0.50394,0.015050501,0.17974272,1.5644386,1.526022,0.11245866,-1.2734439,-0.44368795,0.48730105,0.8249101,0.43540943,-0.051070813,0.19387893,0.78582966,-0.4909337,0.08267228,-0.41432452,0.28391984,-0.021428987,0.8237302,-0.10524803,0.21532692,0.23579034,-0.8591849,-0.6275818,-0.18786125,0.57197165,-0.57916117,-0.41899163,-0.6958914,-0.5785558,-0.37292007,0.33850753,0.24184111,-0.8961742,-0.6303407,-1.2871745,-0.11622117,0.77954525,-1.8677547,-0.356692,0.136925,-0.55479336,0.64522326,-0.18409258,-0.25683463,0.3366976,0.71004105,-1.8142191,0.7057694,-0.13938683,0.72760946,1.3007966,0.12818667,0.8537779,-0.44147226,0.53788537,-1.2102336,0.5379843,0.61811686,-1.4616845,0.52769816,-0.68337554,-0.93021953,0.3806726,-1.6900039,-0.44788402,-0.48660508,0.65885806,-0.23978043,-1.8354818,1.9317508,-1.893739,1.0667278,-1.6080811,-0.9488305,-0.76470995,-0.35738474,-1.3031807,1.030503,0.29487634,0.53227055,0.27113366,-0.032163456,0.47480232,0.5138736,0.35902995,1.3456391,0.08684409,1.0196471,-0.93304455,-1.6137172,-0.009119257,0.7318523,-1.2480242,-2.0906518,-1.6564839,-0.33921278,0.5018334,-0.80898356,0.13600503,0.79662883,-0.5721319,0.62214506,-0.9162936,-0.7872634,0.073061325,-0.5896943,1.5349611,-0.3047384,1.6283159,-0.8354337,-0.7844821,0.7377845,-1.4061496,-0.37349033,-0.7317718,2.0010176,0.885223,0.9261452,0.7810318,0.16331926,-0.58513576,-0.16373189,0.65344596,-0.51417637,2.0409403,0.018120944,-0.73983353,1.1060046,0.5005225,0.7668813,-0.46247947,-0.34170967,1.4948486,-0.12661652,-0.35721207,-0.08236085,-0.17798416,0.04136671,0.19045435,0.3506624,0.46718585,-0.10279399,0.20271285,0.77862597,-0.9712422,-0.6850359,-0.6912271,0.42257592,0.95772773,1.6937919,1.4065309,-0.2432484,-0.8257461,-1.3333465,0.522426,1.2506676,-0.16698903,0.7693816,-1.9127634,0.25232682,0.30203462,0.08102251,-1.0221932,-2.1634867,1.8134934,0.37725967,0.61509556,1.4168812,-0.5830193,-0.80966866,-0.34113437,0.23944318,-0.19564305,-1.167048,-0.4927161,0.3606037,-0.6751064,1.0457156,0.13917747,0.7334074,-0.2428537,-0.050854653,0.6701915,0.20734298,-0.28498936,-0.5751317,-0.48439193,0.7234829,-1.4273887,-0.65242875,0.7534579,-2.364383,0.8916492,-0.21194515,0.056620993,0.023196809,-0.30667442,-1.0591623,-0.3618741,0.38017696,-0.92076653,-0.584184,-0.11615411,-1.4488761,-1.5992202,0.8694296,1.7656478,-1.1264857,0.07546644,0.45629323,0.10636324,0.53594905,-0.46181297,-0.36390284,0.78784096,-0.24229115,0.004421793,-0.021558449,-1.0969758,-0.89180434,0.062099293,-0.9306281,-1.1142546,0.990518,0.65153086,-1.5365753,-0.5695822,0.075238556,-0.52673864,0.5977039,0.4931196,-0.23001152,-0.6938549,-0.70102143,0.14572968,0.45865726,0.98930687,-0.28644657,-0.6230591,0.6362004,-0.31049424,0.18181482,2.0864277,-0.018908601,1.103446,0.83832294,0.20830613,-0.8037643,0.60476553,0.14246179,-0.24533918,0.98014736,-1.4250257,-1.157862,1.2640957,-0.24953033,-0.9751749,0.15021747,0.58939934,-0.40395573,0.17634383,0.5369487,1.1354046,1.4364238,1.2022976,1.1744851,-0.41762823,-0.4689848,-0.3378,0.7218687,-0.5979597,-1.0635436,0.08450339,0.8739985,2.1835182,-0.66563857,-0.2324394,0.6937183,-0.7901947,-0.97845125,0.42199066,0.5032438,-0.25588417,-0.4884063,0.22560088,-1.0311334,0.059526913,-2.4489825,0.11512946,0.65869415,1.1437981,-0.8355832,-0.022571623,0.5336884,0.49976313,-0.6408353,-0.101436906,1.4667382,1.2601521,-0.26462305,-1.0920104,0.5391541,-0.7653503,-1.109025,0.3910766,-0.7818831,-0.8076674,0.13953209,-0.087514125,-0.7318721,-1.1562278,-0.6759615,1.7815413,-0.15369278,0.14997873,0.8418904,-0.9527793,1.2903284,-0.6316034,-0.68694174,1.3083947,1.0273445,-1.04383,0.052247144,-1.2761784,0.4864458,-1.0416312,0.7018062,1.053045,0.69296235,-0.40900105,1.0486106,-0.603461,-0.01921618,-0.096460685,0.834361,-0.59076416,0.73573184,-1.8143646,0.9739794,-1.6970053,-1.3076752,0.31294665,0.32189402,-0.8861184,-0.23367956,-0.1277838,0.49557295,0.114717685,-1.0228182,0.91361547,1.9902349,-1.0548384,-0.8188635,0.64580715,0.40100542,-0.7448164,-0.07951003,2.68828,0.9689021,0.9498923,-0.982679,-0.93858254,0.51979667,-0.4272042,-0.7257274,-0.17491406,-0.52249837,0.36499825,0.52670234,-0.54793733,1.1969724,-0.8566911,0.035066046,0.8637117,-0.865479,-0.26166746,0.5178922,-0.16130282,-1.7557703,-1.6945341,0.83767974,0.98101985,-0.723877,0.7334198,0.492316,1.2947477,0.39763516,-0.94581723,-0.5413006,0.92109096,0.91691786,0.52469015,-0.5494667,-1.0640411,1.0179317,0.93549734,-0.8430481,0.7561636,-0.26850238,-0.31864178,-1.8145177,1.0349029,0.5665046,0.13209452,1.1341184,0.37404317,0.08924468,0.4213027,-0.18486963,0.61130613,0.009865612,-0.74535656,-0.16149426,-0.22095141,-0.7450284,-0.38581762,-0.4672091,0.06157271,-0.5041363,0.80140173,-1.1713285,-0.16712704,-0.036087792,0.7489683,0.5741741,0.1840487,-0.7138089,-0.3535938,-0.7941251,1.7364626,1.0515462,-0.6005565,-1.7341542,0.31584534,0.6425299,0.6651656,-0.77288747,0.3414014,0.0640429,-0.17500187,-0.2768102,-1.1990345,-0.2962445,0.16219562,0.2939494,-1.0803274,1.0685668,-1.2840966,1.1847268,-0.5179255,-1.5633023,-0.37956,0.5522467,-0.81004936,1.9409397,1.2208551,0.20379104,-0.2339462,0.39297986,1.1258386,-0.4827466,-0.43495762,-1.3632278,1.1088188,1.3744736,0.013162795,-1.7008209,0.033965513,0.50217277,-0.41502607,1.2095283,-0.14458746,-0.6373358,-0.8096343,-0.46160245,-0.8367396,-0.089239605,-0.53406626,0.65197533,-1.1618477,0.038053676,-0.6106342,-0.7608787,0.4220443,-0.9716085,0.25900117,-0.2861244,0.7957979,0.89428425,0.7153401,0.37050775,-0.93520606,0.0776803,-0.9859165,-0.9318248,0.636979,-0.81357,0.11665143,0.40860716,1.0049254,2.1459851,0.6320992,-0.7151356,0.78050435,0.029057436,-0.29487652,0.63354206,-0.73436844,-0.8221226,0.26876545,0.33516696,0.8271569,-1.4473923,-0.4728637,-0.04935034,0.64785016,0.2913598,0.20737694,0.6603897,0.74468076,1.7827291,1.0339146,-0.0137710385,-1.1569233,-0.50740385,1.4329377,-0.043618,-1.241332,-0.28497994,-0.9783488,1.4524401,1.2924998,0.75025886,1.0366111,-0.6768545,-1.2750349,2.1628602,-0.7012869,0.40360427,0.42630446,-1.6003133,0.75741714,0.024346206,0.3065646,0.6267032,0.7293086,-0.89475626,0.93527496,0.59684426,1.1871468,-0.37351888,-0.19097596,-0.70029896,0.3882594,-0.45226407,-1.8090532,-0.50717914,-0.23602729,-1.1883054,-0.8922179,0.77148354,0.16357367,-0.7689416,-0.45397842,1.0453427,0.42009032,-0.21724948,-0.77368605,-0.3078156,1.6601672,-0.61411047,1.3909302,-0.7197384,-1.3134053,-0.52507883,1.0247638,1.3284541,0.70032007,-0.67740256,1.7508538,1.0217867,0.07505337,0.13576953,0.32098174,0.7645774,-1.2097023,-1.0430833,0.23585454,0.3720935,-0.37367994,0.41749746,-0.0732723,0.8465072,-2.1310883,-1.7823808,-0.014403403,1.6473279,-1.7091911,-0.09564684,-0.14486691,-0.5527916,0.23441811,-0.6806643,0.37197715,-0.12403146,-0.6573434,1.1644238,-0.82006425,-1.6642494,-0.024994414,-0.45809293,-1.5142179,-0.0756273,-0.61871934,-1.766639,-1.1089106,-1.5548639,1.8341328,0.045953684,-1.2724639,-0.9845483,-1.1547382,-0.31680724,0.23078308,1.3591801,0.17387396,-1.0461885,0.061589837,-0.52924633,-0.8374926,0.55522954,-0.10562253,0.37525207,-0.3154451,0.60878104,0.55904067,1.1867056,0.10454828,0.41488108,-1.1883818,-0.050007522,-0.19907762,0.1507424,1.7520095,0.8758073,-1.0289844,0.6872376,-0.67913765,0.84737456,0.29297504,-0.7625758,-0.17647693,0.29313037,0.46566758,-0.3101238,3.3928835,0.8334292,-0.07151033,-0.76045513,0.2306191,0.6167493,1.0619326,-1.2535697,-0.02803085,0.5217417,-0.44577748,0.098544195,0.81791854,-0.6993538,0.33693546,0.9278948,1.1660993,0.4691122,-0.42312193,0.50349444,-1.2045205,0.14177746,1.4268787,-0.18437201,-0.42748088,0.54452074,-0.7903683,0.84990036,-1.3521122,0.9688722,-0.7066735,1.0185084,-0.15293841,0.55332094,-0.78545207,0.15605125,-1.3703418,-2.5541291,-0.40294677,-0.7525598,0.08439581,-0.39216644,0.25120276,-0.005162783,-0.42269352,0.050247297,-1.3264956,-0.8292645,1.2192408,0.5575275,0.060356945,1.3489499,-0.5499154,0.47069743,0.39088932,0.066685095,0.056363672,0.50369644,1.505506,-0.5724572,0.6923511,1.6964946,0.5146072,2.675469,0.7151534,-1.1521177,-1.6123805,1.3405917,-2.1005995,-1.0624973,0.68438077,-1.7182468,0.4943365,-1.8582639,-0.9379579,1.6820036,0.66336495,0.36690465,-1.3141834,-1.4462392,0.5528651,0.89659685,-0.68216926,0.00026263297,-0.6461254,0.20178545,-0.4085917,-0.96753764,1.378049,0.5181563,0.046250716,1.0082245,-0.9792862,0.8818751,0.41123852,-0.17378391,-0.08350587,0.9938145,-0.60241365,0.91673255,0.9590193,0.22648288,-0.47671,0.47059548,-0.03635045,0.4970001,0.039920725,1.1884203,0.70271915,-0.7427697,0.34865767,-0.036376193,0.8187913,0.8540666,1.4732449,0.20789796,-2.1973176,-0.5656391,0.70814794,2.0641158,0.13020526,0.6619296,0.031718682,1.5765514,-0.6352542,0.7014447,-0.23129052,-0.7201723,0.0061424,0.092390426,0.8000344,-0.48762113,-0.11492895,-0.7253687,-1.5231423,0.46683234,0.079694934,-0.57605106,-1.347731,-0.6777159,-0.15528776,0.17083322,0.40029126,1.0450625,-0.75201964,-0.88651335,-0.2443962,0.874559,1.046272,-1.541628,0.12405044,-0.3097529,-1.2434996,0.44569778,0.2259731,0.037787616,0.18504669,0.40345472,-1.2162681,0.6450925,-0.031191427,1.0278037,1.8803594,0.75074184,1.1166453,-1.0563365,-0.14446789,-0.6126286,0.47420675,0.28842628,-2.2390506,0.75188816,-0.99392366,-0.8783547,1.5994936,-0.5379896,-0.13160765,-1.0391753,0.066173255,-0.68125755,-1.344827,2.3219683,-2.032076,1.1360542,-2.1005964,-0.7490063,-1.197235,-1.0576359,-0.7381575,-0.43516466,0.5457612,-0.3424613,0.37119606,0.15585765,0.050287466,0.10638796,-0.4004367,1.4210926,0.040291607,0.38038394,-1.1407597,-1.4253788,-0.4729777,0.70034385,-1.0169528,-1.4448314,-0.76282465,-0.29132313,-0.42543077,-0.24697855,-0.7102042,0.95171213,-0.07152453,0.0038545392,-0.85588026,-0.92602146,-0.78254783,-0.762569,1.1670957,-0.9086199,1.4158103,-0.94714046,-1.0558436,-0.23471603,-0.56279826,0.7717123,-0.41984332,2.1527042,0.5510411,0.61345315,0.21270446,0.8120271,0.07071178,-0.5778449,0.9893816,-0.092744425,2.1770873,-0.0803906,0.47911274,1.327503,-0.38361347,1.4241116,-0.2950651,-0.45641756,1.9681584,-0.43681362,-0.58333105,-0.31536514,0.07933185,-0.8064189,-0.02950801,0.940812,-0.36924833,-0.20605093,1.0063705,0.3665865,-0.4450527,-1.2143347,0.020869464,1.2487736,1.3802497,1.2821282,1.2034609,-0.4842441,-0.64928234,-1.8786708,0.25573677,1.0926224,1.2204156,0.052092727,-1.2301142,0.51408446,1.0779654,0.6678387,-1.576126,-1.5027745,1.7291003,-0.0009931922,0.2475723,1.6683719,-0.7772495,-1.5512346,-0.8084035,-0.022442255,-0.1722569,-1.1985067,-1.0529023,0.38923952,0.5770437,0.6900464,0.8303158,0.8283553,0.12853938,-1.0968335,0.45397323,-0.021029886,-1.4289317,0.22048326,-0.18618236,0.6853428,-1.7359769,-0.7697089,0.121109396,-2.387179,0.88133514,-0.35003126,0.2831111,-0.05978786,-0.11184926,-0.8678739,0.14198565,-0.14781915,-1.1357162,-0.21331058,2.0420237,-1.4552827,-1.2562642,0.82273304,0.79960585,-1.0203934,0.67300385,0.4377373,-0.14661752,0.94243246,-0.1332592,-1.1456906,-0.85768485,-0.33586514,0.20870736,-0.4933016,-1.5944073,-0.3860693,0.77378815,-0.69316727,-1.5922406,-0.1614733,0.57800823,-1.5289438,-0.91384757,-0.34318697,-0.24982917,0.2571158,1.1280671,-0.2551326,-0.877854,-0.71956956,-0.38330996,-0.050615624,0.062329788,-0.42720503,0.23035443,0.24103084,-0.81001127,0.20457348,1.5219105,0.10309262,1.7481133,1.4925313,0.8727037,0.8171363,0.6187943,-0.23382872,-0.20679313,0.33122718,-1.1751854,-0.7758851,1.5237584,0.45801365,-0.7910043,-0.4455273,0.9220431,-0.023563303,-0.7792969,-0.30219552,0.20324275,1.3332825,1.449985,1.837033,0.0948161,0.26083958,-0.09231193,0.91311896,-1.4779375,-0.5592849,-0.57216656,0.7548087,2.3179958,-0.39015344,0.62350607,0.4820879,-1.2170296,-1.33348,0.304128,0.7292593,-0.39122435,-0.2468157,0.5395482,-1.8566083,-0.15218897,-1.4009327,-0.70817447,1.1493536,1.2137833,-0.5428068,0.033876356,0.8535198,0.29455477,-0.6257855,-0.3788426,0.8192751,1.7352221,-0.21802023,-1.1412683,1.2398038,0.016272198,-1.3538414,-0.19872801,-1.3888798,-1.1174655,0.10781466,-0.06342694,0.058067538,0.26534528,-0.8674092,1.4089785,0.4908492,0.19932012,0.49846578,-1.4428859,0.84581256,-0.25588495,-1.0206468,1.7622191,0.44735238,-1.4476111,0.14804107,-1.7226602,1.3424857,-0.37881473,1.0944395,1.4748738,0.50567657,-0.79334694,1.7788111,-0.4885033,0.4521163,-0.6473734,0.9475615,-0.6654935,0.13899091,-1.5607741,1.2737739,-1.3321074,-1.0232837,-0.104494765,0.44361317,-0.24976264,0.25668222,0.5151538,0.06596428,0.566245,-1.1788273,0.46816716,2.4507403,-0.34942913,-1.2504675,0.11160576,0.89211804,-0.583743,-0.48256636,2.382504,0.32856494,0.32716197,-1.3435384,-1.0713108,0.5219888,-0.079674385,-2.006082,-0.2982237,-0.32770875,0.09312959,0.013523072,-0.5335221,1.135113,-0.9256736,0.7338526,0.48879388,-0.73936033,-0.5753232,-0.113510184,-0.26491708,-0.8643387,-1.5151112,0.7922468,0.69104135,-0.7985668,1.0746849,1.3515599,1.8552722,0.95499736,-0.49456987,-0.9778718,0.6609246,0.44987607,0.6227548,-1.7905943,-1.4318287,0.6752701,1.0998724,-0.52058834,0.5836852,0.73515254,0.020952772,-1.848745,1.1322048,-0.2683391,0.023957372,0.8721731,-0.021338731,-0.009086877,0.42103064,0.5899275,-0.342575,0.7429311,-0.89812595,-0.26941532,0.22650596,-1.272365,0.24041252,-0.19143382,0.16399422,-0.47341004,0.38460213,-1.4423792,0.52890813,0.41928264,0.037660077,1.1814412,0.53751516,-1.5119239,-0.67442715,-0.020736672,1.4768662,0.47356483,-0.18005106,-0.47600347,-0.26100463,1.3080908,0.5823149,-0.11758868,0.21576451,0.16926828,0.2066322,-0.3125124,-0.9696934,-0.27306926,0.04518926,0.5744231,-1.0281771,1.7437493,-2.1716032,1.005476,0.4149906,-2.2134185,0.31782803,0.26370612,-0.1822351,2.1834157,1.0953153,-0.32222298,-0.0955361,0.67165244,1.2753341,-0.69908226,-0.78392935,-1.1375973,0.6192619,1.1778381,0.39099768,-1.1310583,-0.03213934,-0.31018895,-0.66958237,1.4951594,-0.08844808,-0.56121176,-0.7570085,-0.45757878,-0.9449109,0.10025354,0.42240316,0.93178463,-1.2687094,1.1280116,-0.8219231,-0.91585475,0.36153436,-0.8679621,-0.019497067,-0.5758049,0.8459119,-0.023708925,0.9807521,0.53339803,-0.44214666,0.0954317,-1.0641097,-0.3239513,0.5221657,-0.5081905,1.3997114,0.36416122,1.1287763,1.3940933,-0.08699939,-1.9709742,0.3458459,0.546889,0.5049747,-0.47416517,-0.4764806,0.02790377,-0.17574239,0.0033374224,1.0497363,-1.3305403,-0.8537765,-0.2416431,0.1029034,0.21235605,0.8149196,0.08927349,0.090639025,1.6809908,1.2185088,0.41016328,0.0
ガ,0.4871029257774353,0.3112438321113586,0.6418967247009277,-0.2556582987308502,-0.2658005058765411,0.4899188876152038,0.4236130118370056,-0.1525091677904129,-0.7580079436302185,0.052619319409132,0.8789860010147095,0.0158182885497808,-0.6489512920379639,0.0048701292835175,0.1287331283092498,-0.0917625278234481,0.1066539287567138,-0.2342146933078766,-0.0232696756720542,-0.0129869543015956,-0.5899919271469116,-0.212751880288124,-0.2258172929286956,0.6775805354118347,0.0299185868352651,-0.1018071621656417,-0.2578838169574737,0.5048170685768127,0.1958919912576675,0.0571742504835128,0.1502678394317627,-0.0304121486842632,-0.1197897568345069,-0.1161973476409912,-0.4109673202037811,0.2948071956634521,-0.0572437159717083,0.05080571398139,0.3518440723419189,0.1749065667390823,-0.0335266627371311,-0.2326549142599105,-0.539196789264679,-0.1533224135637283,-0.1208617314696312,0.2532053589820862,-0.3155933320522308,0.1978977024555206,0.0416663512587547,0.3158732950687408,-0.4199742972850799,0.2476316392421722,0.5251737236976624,0.2763620615005493,0.0860089436173439,-0.1845084130764007,0.8094395995140076,-0.750835657119751,-0.0073943524621427,0.6532958149909973,-1.1295076608657837,0.2262719869613647,-0.2964073419570923,-0.045218925923109,-0.0816813260316848,-0.1675745993852615,-0.0904666557908058,-0.1344543546438217,0.622959554195404,-0.6758260130882263,0.1665610820055008,-0.3049917817115783,-0.4265114963054657,-0.4626910984516144,0.1613782197237014,-0.4636359214782715,0.0219851434230804,0.547964334487915,0.9302532076835632,0.3348749876022339,-0.5613253116607666,0.3776678740978241,-0.0695181712508201,-0.7276908755302429,-0.4357565343379974,-0.0048336805775761,-0.9616498947143556,-0.6335716843605042,0.6302002668380737,-0.2444955855607986,-0.3732101023197174,-0.7225612998008728,0.2581343352794647,0.1187081038951873,0.7053924202919006,-0.0253477916121482,-0.2438835054636001,0.027056761085987,-0.0336368195712566,0.2745828628540039,-0.7686008810997009,0.3541084825992584,0.7190836071968079,-0.0718512162566185,-0.2065120786428451,-0.0018187621608376,-0.1872269362211227,0.397638738155365,0.4309074580669403,0.5468270778656006,0.2219927012920379,-0.8018908500671387,-0.9759647250175476,-0.4734072685241699,0.2083161324262619,-0.0377684906125068,-0.1185806989669799,0.2885502278804779,-0.1798402369022369,0.6878290772438049,0.1897077858448028,0.6301215887069702,-0.2091690599918365,-0.722944438457489,-0.3673590719699859,0.4424038529396057,0.3752502202987671,-0.1676991283893585,-0.4459718763828277,-0.4431300461292267,-0.7770759463310242,-0.0673386603593826,-0.3171449303627014,-0.4294436872005462,-0.5217902660369873,0.8094475269317627,-0.2512924969196319,0.1075090393424034,-0.4025917053222656,-0.4018430411815643,-0.466763973236084,0.2779311835765838,0.0454577282071113,-0.654930830001831,-0.044775117188692,0.0182618666440248,-0.1461863368749618,-0.3534509539604187,0.3655516505241394,0.4585763216018677,0.038303080946207,1.1507761478424072,-0.7051618695259094,0.5010988116264343,0.1114377006888389,-0.1240318939089775,-0.637571394443512,-0.1164587289094924,0.103160485625267,0.0029246993362903,0.27631476521492,0.0490697436034679,0.3067949712276459,1.1473218202590942,0.2200698107481002,0.1146855354309082,-0.054234005510807,0.0093141850084066,0.2357895672321319,0.7931244969367981,0.9288544058799744,0.2657651007175445,0.7831446528434753,-0.5178368091583252,0.1429086625576019,0.3797582685947418,0.5708256363868713,0.0189598482102155,-0.2144011408090591,-0.2801067531108856,-0.052637368440628,-0.3254095315933227,0.2340656816959381,-0.5054588317871094,0.6047118902206421,0.2007045149803161,0.4485276341438293,-0.1534082591533661,-0.1056542620062828,-0.0211676489561796,0.0489759519696235,-0.536264181137085,0.2355049401521682,-0.5773724913597107,-0.3042028844356537,-0.2597787976264953,0.4161090850830078,0.4371704757213592,-0.1982328742742538,0.2009575814008712,0.11663219332695,-0.2995975613594055,-0.015353363007307,-0.852346658706665,-0.2523526549339294,-0.2512937188148498,0.0604821182787418,0.4706586599349975,0.1505519896745681,0.0846910700201988,-0.1784964650869369,-0.3232850730419159,-0.0210635960102081,-0.1855963766574859,0.6927430033683777,-0.6860296130180359,-0.752128541469574,-0.6004267334938049,-0.1781690865755081,0.176661878824234,0.5300585627555847,-0.294614315032959,0.0418475419282913,-0.3430668413639068,0.3032206296920776,0.3980767428874969,0.5035474300384521,-0.1453271657228469,-0.6162866353988647,0.1141750663518905,-0.4648641645908355,-0.6513643860816956,-0.5748369693756104,0.1390192955732345,-0.6865306496620178,-0.7188555002212524,-0.0162003524601459,0.2561909258365631,-0.1578685045242309,-0.0249113645404577,0.558117687702179,-0.4452366828918457,0.5371310710906982,-0.4229345023632049,-0.5338836908340454,0.3808674216270447,-0.4377933442592621,-0.0793895795941352,0.1639578640460968,-0.1228517219424247,-0.7344483137130737,-0.1510647386312484,0.0286140590906143,-0.0342519618570804,0.9116819500923156,0.6522166728973389,0.904354214668274,-0.3602615892887115,0.2949974238872528,-0.7336243987083435,-0.237593725323677,-0.5255631804466248,-0.2727871239185333,-0.0693399533629417,0.1877327859401703,-0.1907364726066589,-0.4590455889701843,-1.075838327407837,-1.0332036018371582,-0.4220397174358368,0.0344428680837154,-0.0979672968387603,-0.153228685259819,-0.2957656383514404,0.1623664200305938,0.5445863604545593,-0.5729798674583435,0.6523600816726685,-0.3408239483833313,0.9851572513580322,-0.481229156255722,0.4011480510234833,-0.7459119558334351,-0.2729512453079223,-0.0208285823464393,0.5046341419219971,-0.7048631310462952,-0.5099693536758423,-0.4516530632972717,0.5084946155548096,0.7076864242553711,-0.7811751365661621,0.0191884879022836,0.0766404271125793,-0.6479899883270264,0.3435512781143188,0.2791961431503296,-0.1827924847602844,0.1731383949518203,-0.0243612807244062,0.4026594758033752,-0.416874498128891,0.4068607985973358,-0.0795387327671051,0.0487347170710563,-0.3546027541160583,0.0398236811161041,0.3165858387947082,0.3399744033813476,-0.307458758354187,0.6749665141105652,0.4790500402450561,-0.4889535009860992,-0.0736426562070846,0.6046435236930847,0.4842948019504547,-1.687179446220398,0.1725722998380661,0.48698890209198,0.076337456703186,-0.4583398401737213,0.384485512971878,0.5825582146644592,0.5674645900726318,0.1395272761583328,-0.892349123954773,1.3817840814590454,0.1117706894874572,-0.5031810998916626,0.1963310539722442,0.2763651907444,-0.1240781471133232,0.0228829495608806,-0.6274163126945496,0.0666640177369117,0.5147969126701355,-0.1712956130504608,-0.0622882097959518,0.101601094007492,-0.3973147273063659,-0.0347880385816097,0.6591439843177795,-0.7945539951324463,-0.3309025764465332,-0.6230839490890503,-0.147895947098732,0.3651831746101379,1.676709771156311,0.1523522585630417,0.5257534980773926,-0.7202920317649841,-0.23840993642807,-0.4747266769409179,-0.0877086222171783,0.0577413626015186,-0.495049238204956,0.0359099134802818,-0.4449571967124939,0.2496489584445953,0.2661591172218323,0.1785660535097122,-0.12789286673069,0.2914387881755829,0.2759785652160644,-0.0963191762566566,-0.0027752553578466,0.6358041167259216,-0.079516053199768,0.3349685668945312,0.1781617254018783,0.7129798531532288,0.8594394326210022,0.129124030470848,-0.1741911768913269,0.2292324006557464,-0.9371184706687928,0.4224268198013305,0.5195561647415161,-0.388682097196579,0.4205546677112579,0.080777458846569,-0.0475782640278339,-0.0432050041854381,-0.5159657597541809,0.4319249391555786,-0.5302548408508301,-0.6946197748184204,-0.2556244134902954,0.3964457213878631,-0.0218339581042528,0.7941288948059082,0.6027892231941223,0.5558668375015259,-0.5528475046157837,-0.4494167864322662,0.4720392525196075,-0.0278069116175174,0.6454340219497681,-0.3102744221687317,0.4741364419460296,-0.1930988579988479,-0.0816230103373527,-0.3306300044059753,-1.1016929149627686,-1.1328061819076538,-0.3527359664440155,-0.8437162041664124,0.0883318409323692,0.0166179332882165,0.5260935425758362,-0.3568281829357147,0.3089243471622467,0.4339423179626465,0.0885413289070129,-0.1924438327550888,-0.8673501014709473,0.0152217717841267,0.0992809236049652,0.1531584709882736,0.1446982324123382,0.3812558352947235,0.4379046559333801,-0.2328591793775558,-0.5454654097557068,0.3187895715236664,0.2324008196592331,-0.2125420719385147,-0.7398461103439331,0.2901666462421417,-0.1754992604255676,-0.2768450379371643,-0.0700312927365303,0.2613284289836883,1.2252193689346311,-0.0009075250709429,-0.6644392013549805,-0.0606603696942329,0.2543105483055115,-0.1092960909008979,1.0831310749053955,0.547250509262085,0.4560775756835937,-0.2520927488803863,0.0764947459101677,-0.258932501077652,-0.1018154695630073,0.045557901263237,-0.1341677755117416,0.6166885495185852,0.1234696507453918,0.3937031030654907,1.0730894804000854,-0.0708035752177238,0.4182968139648437,0.1894800961017608,0.5416486859321594,-0.5783624053001404,0.4311995208263397,-0.6220143437385559,-0.3889636695384979,-0.4045604765415191,0.273272305727005,-0.6448376774787903,-0.4883438646793365,0.0748318880796432,-0.0559296607971191,0.3655585944652557,0.0947508066892623,0.3347433507442474,-0.4867055118083954,-0.7516680955886841,-0.6947751045227051,-0.8651110529899597,-0.1331499963998794,-0.7601132988929749,-0.0770404860377311,1.1819701194763184,0.1875740587711334,-0.6374523043632507,-0.2221080660820007,-0.2064822614192962,0.4502861499786377,0.0212032590061426,-0.0214349161833524,-0.4263295829296112,0.4196648895740509,-0.5261693000793457,-0.061623927205801,0.219854399561882,0.0290658865123987,-0.4521681368350982,-0.7936022877693176,-0.7372019290924072,0.0023609229829162,0.2143869698047638,-0.5866208672523499,0.4461150467395782,0.2373750954866409,-0.4823496043682098,0.2236660420894622,0.1765279769897461,-0.4172260761260986,-0.1361928582191467,-0.5139825344085693,-0.1692083179950714,-0.2422839701175689,0.0809249952435493,0.0438421554863452,0.5074209570884705,-0.4115377962589264,-0.2900601923465729,0.9956235885620116,0.0885742232203483,0.0695859119296073,0.5985785722732544,0.030906518921256,-0.5308222770690918,-0.0320099927484989,0.552023708820343,0.5252487063407898,0.5485820770263672,0.18540720641613,-0.7003619074821472,-0.5911814570426941,-0.0854389667510986,-0.7716334462165833,0.6794939637184143,0.1723127216100692,0.822359025478363,-0.8295876383781433,0.2449977248907089,-0.0635278820991516,0.4558557868003845,-0.147618755698204,0.5592444539070129,0.3894344270229339,-1.012048602104187,-0.7715059518814087,-0.3534023463726043,-0.4530357122421264,0.5879379510879517,0.5101774334907532,-0.6036399006843567,0.1739322692155838,0.7949813604354858,0.3542305529117584,-0.6280215978622437,-0.0455308780074119,-0.4542135298252105,0.0779537260532379,0.8994118571281433,0.025979246944189,0.364872545003891,0.6617834568023682,-0.8723545670509338,0.4205503463745117,0.0646677836775779,0.7142137885093689,0.1112603694200515,-0.01350640039891,-0.3336399495601654,0.1852497458457946,-0.9368104338645936,-0.4135599732398987,0.2353415787220001,0.0102262273430824,-0.4041323959827423,0.5863099098205566,0.687199056148529,-0.4467338919639587,-0.171096384525299,1.1963224411010742,0.6934413909912109,1.1727560758590698,0.0693421214818954,0.2632206082344055,-0.6312238574028015,0.5046777725219727,0.0999296307563781,0.1138162463903427,-0.4361141920089721,-0.0496457181870937,-0.0317858234047889,-0.5102942585945129,0.284287542104721,0.3047030568122864,-0.004713037982583,0.1997137814760208,-0.2329429686069488,-0.0444165877997875,1.1387462615966797,0.1279442459344864,0.0908200591802597,-0.1361284703016281,-0.083695076406002,0.7815958857536316,0.387852668762207,0.1136531084775924,0.2873326241970062,0.0116083063185215,-0.5783442258834839,0.1750727593898773,-0.3806222975254059,0.4018998146057129,0.5458876490592957,-0.6939646601676941,-0.8114388585090637,0.598314642906189,0.5786677598953247,0.2320148348808288,-0.0150028467178344,-0.6393182277679443,-0.1019391268491745,-0.0547196604311466,0.20533187687397,-0.0808889269828796,0.2012906223535537,0.2769282460212707,-0.1144013479351997,-0.4044199287891388,0.2067251056432724,0.3964733779430389,-0.0710416734218597,-0.6280693411827087,-0.1215648129582405,-0.1576318144798278,0.3057627081871032,0.1288700848817825,0.3105970919132232,0.0048235789872705,-0.2383773326873779,0.4694837927818298,-0.185609757900238,-0.3795554339885711,-0.2565902173519134,0.8335814476013184,0.2388144731521606,-0.005740042310208,0.2247727811336517,-0.4345863163471222,-0.0482878759503364,0.1456689685583114,-0.7986185550689697,-0.0886615663766861,0.3918721079826355,-0.3647620379924774,-0.286167711019516,0.3897396922111511,-0.6758683323860168,0.2997846305370331,0.1210987418889999,0.5831829905509949,-0.6072447896003723,-0.4771528244018554,0.4599668383598327,-0.0151549009606242,-0.2357513904571533,-1.4835104942321775,0.5753331184387207,0.1726105362176895,0.3982391953468323,0.0732976347208023,0.3291622996330261,0.2275152057409286,-0.297334611415863,0.3334373235702514,-0.3543940782546997,0.2686825692653656,-9.623371124267578,-0.3366906344890594,-0.2500040829181671,-0.3443638682365417,-0.3097512722015381,-0.1928163766860962,1.178856372833252,0.7910993099212646,-0.3517414033412933,0.1092985719442367,-0.5064831972122192,-0.5399105548858643,0.4728935062885284,-0.1594906747341156,0.0034422050230205,0.3760254681110382,-0.8666298389434814,-0.5093941688537598,-0.5065591931343079,0.2625578045845032,-0.1960121095180511,-0.0777080804109573,0.8864417672157288,0.0880405902862548,0.027871211990714,0.2879453897476196,0.4378581345081329,0.146378219127655,-0.0659997090697288,0.7545938491821289,-0.5527205467224121,0.4259957373142242,-0.0724203586578369,0.5263580679893494,-0.3624927699565887,0.1432782262563705,0.1114511638879776,-0.0039803097024559,-0.9822444915771484,0.7614712119102478,0.478391170501709,0.6143478155136108,0.1772196888923645,0.3317575454711914,-0.1949498057365417,-0.4198912978172302,-0.0906330421566963,0.2136856019496917,0.2229172438383102,-0.0746719539165496,0.0072870454750955,-0.5786659717559814,0.4518012106418609,-0.3779958188533783,0.45679771900177,-0.2503117322921753,0.6148054003715515,-0.480902761220932,0.6734774708747864,-0.0168807562440633,-0.0396499373018741,0.4694781899452209,0.6351075172424316,0.2969510555267334,-0.8252557516098022,0.5729717016220093,-0.2366446405649185,-0.1976436823606491,-0.6048322916030884,-0.4438560903072357,0.9195287227630616,-0.0117217293009161,0.3220738172531128,0.0544641278684139,0.4767098724842071,0.3851261436939239,-0.0530833415687084,0.2269264161586761,0.4393853843212127,0.1783817261457443,0.8094233870506287,-0.4462828040122986,-0.0675133988261222,0.1706312596797943,-0.7234871983528137,0.0018726208945736,0.520968496799469,-0.2995092868804931,0.1369046121835708,-0.6005504131317139,1.1353840827941897,0.5056543350219727,-0.8691042065620422,-0.042039431631565,0.3116087317466736,-0.0870124399662017,-0.0416175536811351,0.2896248400211334,0.3131852149963379,-0.1629267632961273,-0.6443371,-0.17989685,0.69540274,1.3498195,-0.96792704,-0.6640491,-1.3316127,0.6275476,1.340146,0.46639502,0.596808,-0.20152196,-1.2274251,2.1377273,-0.80804956,-0.12550272,0.91476214,-0.81020314,0.28383622,0.13134266,0.72445965,0.33616224,0.40358686,-0.93235946,1.1002111,0.38577262,1.0685102,-0.6290233,-0.32052493,-0.7014216,0.049244955,-0.13805188,-0.42321044,-0.75127983,0.12383885,-1.4070255,-1.568119,1.1011035,0.24944362,-0.6789458,-0.9318293,0.98922575,-0.1433968,-0.47764188,-0.8509342,-0.45962334,1.8349605,-0.3834268,0.77312565,-0.8655302,-0.8885223,-0.3820838,0.645222,0.8621674,0.69737613,-0.13998024,1.254792,0.8128666,0.11757658,-0.5873162,0.58772385,0.8946739,-0.91662526,0.021339374,0.47688344,0.8770067,-0.4465238,-0.35589606,-0.2468465,-0.17757575,-2.1587858,-1.049546,0.18327141,1.1903504,-1.3208346,0.7724651,0.014167958,-0.75683767,0.67860174,-0.26284954,0.1352399,-0.17725374,-0.7697017,1.5200688,-0.73180425,-0.75235635,-0.65801316,-0.40734676,-1.155547,0.04436843,-0.2391554,-1.5507356,-1.4480664,-1.4249732,1.3398963,0.1476508,-0.83517534,-0.87776875,-1.2515152,0.12667336,-0.01711865,1.4557757,0.33941537,-0.72200686,-1.1811166,-0.31784868,-0.82382166,-0.4909096,-0.20540185,0.80383265,-0.028334057,0.43937948,0.72992444,1.2738112,0.40066454,1.0670575,-1.2052476,-0.91013736,-0.6469194,0.46168202,1.5135338,0.26809567,-0.5961567,0.30646163,0.25486824,0.4997925,0.062097218,-0.67948717,0.41724548,0.02254919,0.6597874,-0.39764872,1.995959,0.821958,-0.6140797,-0.37485427,-0.18029931,0.061342184,-0.12914556,-1.2020073,-0.4814976,0.2605874,-0.36606824,-0.48018923,0.24925518,-1.2108963,-0.115022786,0.985436,1.5407809,0.19370578,-0.5626066,-0.13285932,-1.2362411,0.09691305,0.668189,-0.1831606,-0.16810861,0.025566692,-1.6022778,1.0990043,0.015027263,1.0479931,-0.66629606,0.6135387,0.05687659,0.4095728,-0.6233258,0.28529406,-0.8502166,-2.0456705,-0.17624849,-0.1085747,0.8459536,0.007089089,0.11271637,-0.47900927,-0.18955928,0.14281525,-1.090487,-0.40327471,1.1597813,1.1544541,-0.18821612,1.3392978,-0.37056,0.39433843,0.71321285,0.5123442,0.57054037,0.30010283,1.4124528,-0.54456186,1.3794832,1.2628057,0.48797652,2.6036985,0.67113584,-1.5749406,-1.2514415,0.64239943,-2.240208,-0.47578785,0.6897918,-0.94080925,0.99191755,-1.3292828,-0.80680734,1.7582402,0.5750013,0.044386227,-1.8284932,-1.2435051,0.8445223,0.5899136,-0.6112828,-0.2332626,-1.0570502,0.21263093,-0.51089966,-0.46651325,0.6185433,0.63089246,0.19746663,1.047514,-0.8240972,0.8406463,0.38831666,0.51520175,0.70748127,0.8737972,-1.0956827,0.4423679,0.5504075,-0.22889973,-0.394721,0.5575005,-0.8720637,0.6901633,-0.145443,0.8276842,0.6470931,-0.17221452,0.2712817,-0.20118079,0.20763797,0.69851655,1.6166626,-0.16023923,-1.6560115,-0.28883937,0.30122682,1.1141183,-0.00046629153,-0.11981976,0.35615382,0.85879475,-0.71102506,-0.024712943,-0.2038041,-0.39837733,-0.19221662,0.6822811,-0.18855758,0.5109022,0.27498472,-0.8204409,-0.54244655,0.2627302,0.2227695,-0.49626172,-1.0439605,-0.6343966,-0.9844894,0.33038512,0.32539102,0.44006383,-0.6774784,-0.7552156,-0.67961574,0.561613,0.8567439,-1.3512397,-0.29773405,0.10741761,-0.22458969,0.789026,-0.010615035,0.21312337,0.1151298,0.5474176,-1.0934136,1.0302187,-0.38572133,0.7003173,1.3553323,0.17171979,0.91260755,-0.5384998,0.022109492,-0.86369264,0.8791745,0.8497495,-1.449461,0.92683005,-0.9207849,-0.769083,1.202666,-1.2759463,-0.4660742,-0.6756923,0.2881823,-0.13815838,-1.4638996,1.5568234,-2.2124481,1.5545018,-1.3632333,-0.6367139,-0.8112765,-0.33095083,-1.081028,0.41237485,0.1642105,-0.10438932,0.5218106,0.31246474,0.099289626,0.46849748,0.1887445,1.1480343,0.031854495,0.777711,-0.7981315,-1.3525949,-0.03248214,0.806438,-1.2202424,-1.2701159,-1.3510276,-0.6208244,0.30114153,-0.94318175,-0.17320916,0.99796045,-0.36947224,0.7456367,-1.224687,-0.28695965,0.1995933,-0.8125292,1.7377328,-0.4283899,1.5394859,-0.88117105,-0.46901807,0.39777985,-1.7148712,-0.17411575,-0.3262832,1.506329,0.42836615,0.8011433,0.27369803,0.50446314,-0.33645755,-1.033506,1.1498657,-0.06140958,1.661913,0.39906862,-0.22463216,1.7617298,-0.10933332,0.7462053,-0.46688318,-0.22904691,1.8140903,-0.30326894,-0.7165499,-0.08592036,-0.35609025,-0.06846573,0.2594195,0.48988065,0.1711337,-0.2564235,0.40852,0.89958674,-0.71944785,-0.8812122,-0.42268848,1.0333592,1.0704747,1.2823154,1.4569439,-0.48537263,-0.43750313,-1.814747,0.5238123,1.0845692,0.15635541,0.46202564,-2.0505931,0.7539229,0.16636147,0.500614,-1.1700948,-1.8832446,1.6303841,0.48439425,0.22567314,1.3937879,-0.86890393,-1.0251889,-0.47598025,0.0830195,0.19782525,-1.1915168,-0.5577564,0.537772,-0.16578592,1.2273545,0.37240878,0.41639996,-0.006601675,-0.3212987,0.6465215,0.42797154,-0.6464902,0.0233864,0.21627122,0.4380255,-1.2281615,-0.5448374,0.44710568,-1.413391,0.6303704,-0.5025799,-0.33525512,-0.37622163,-0.17608128,-1.0857278,-0.38291776,-0.19644876,-1.1044294,-0.711653,0.61671823,-1.3216548,-1.1460621,1.2477769,1.5049834,-0.6775146,0.18480496,0.5012899,0.1585904,0.57846093,-0.25325388,-0.33404455,0.3310486,-0.4663613,-0.57750887,-0.3342595,-1.3179322,-0.75764847,0.34424153,-1.224831,-1.0380355,1.049335,0.73822445,-1.9305434,-0.7980455,-0.1332256,-0.44320175,0.9804046,0.5334668,-0.108588524,-0.47104633,-0.75924593,-0.022547543,-0.1631565,0.71279514,-0.32593015,-0.19209853,0.40917805,-0.25720075,-0.09453953,1.3974172,0.101294845,1.4712993,1.310579,0.3200352,-0.41675365,0.446416,-0.24012895,0.20465566,0.7784847,-1.1863437,-0.79679775,1.7598771,-0.4746888,-0.8431759,-0.15030502,0.49320543,-0.4692691,0.09573238,0.27721912,0.7662689,1.542752,1.3258576,1.6661824,-0.3005256,-0.31283522,-0.5332491,0.47365478,-1.3437088,-0.6776732,-0.1822898,0.6930946,2.1541119,-0.43222237,0.6204816,0.9843193,-0.8240671,-0.8940233,0.51396775,0.14046305,-0.013233027,-0.8309824,0.24741556,-1.355026,-0.20750381,-1.5654114,-0.28826615,0.7954149,1.0347908,-0.5297295,-0.12086687,0.45401105,0.31760165,-1.0561683,0.23766999,1.0811995,1.5320626,-0.1781164,-0.597779,0.35481757,-0.02936286,-1.5524058,-0.016515601,-0.8891087,-0.6289327,0.28174323,-0.48571718,-0.32090712,-0.6514388,-0.4950415,1.4793599,0.03440553,-0.47877264,0.6968807,-0.44204247,1.4228235,-0.41310155,-0.33139145,1.6492459,0.8095307,-1.3009807,0.40582848,-1.1703153,0.7517904,-0.605455,0.52940774,1.2621197,0.2354467,-0.3269156,0.9567415,-0.5784355,-0.1556182,-0.46710542,0.99849874,-0.5163609,0.3629319,-1.9132148,1.2610484,-1.6894931,-0.6968249,0.09306805,0.6463098,-0.63621783,-0.20385155,-0.75880295,0.24352561,-0.20589302,-1.0349473,0.48420313,2.0643673,-0.45821315,-0.6547115,0.8595421,0.46236476,-0.46144772,0.058235224,2.646767,0.88253665,0.9450869,-1.1501728,-0.7717381,0.14682056,-0.54380065,-0.9751963,-0.540695,-0.1306003,-0.21832071,0.4040307,-0.28187168,0.9295103,-1.1384906,0.40694827,0.71767026,-0.9411316,-0.26265228,0.34788528,-0.452601,-0.9609843,-1.3153437,0.52518666,0.85749394,-0.6810978,0.44297525,0.742565,1.5530534,0.82533765,-0.17430052,-0.69090205,0.4583195,0.69421846,0.63457453,-1.035037,-1.1618097,0.6432938,1.2140633,-0.5865345,0.310241,0.0642418,-0.41110775,-1.3835015,1.373121,0.51765436,-0.14801611,1.1354771,0.32023937,-0.07444597,0.55072325,-0.21322027,0.5137943,-0.30713582,-0.42271855,-0.18817736,-0.1532492,-0.6228664,0.00077619334,-0.7621098,0.4660928,-0.30701467,0.8048076,-1.2511425,0.58401674,0.18703891,0.4098197,0.65892404,0.23098265,-0.91423416,-0.45429572,-0.40145987,1.6268796,1.0063993,-0.11790995,-0.99149555,-0.09260792,1.3896359,0.58918554,-0.05988237,0.13742056,0.13923174,-0.6651518,-0.36461917,-1.1197133,-0.778367,0.28264907,0.35011885,-0.87518686,0.7135175,-1.6117737,0.8678802,0.18277861,-1.2230958,0.0912436,0.044698957,-0.7719176,1.6302915,1.3793468,-0.43785584,0.024367625,0.7851295,0.80132556,-0.22572275,-0.02365837,-1.3672417,0.9456652,1.2971612,0.09973736,-1.3884103,-0.12586918,0.64608115,-0.3160371,1.8264892,-0.026998686,-0.31613886,-0.78430575,-0.6729797,-1.3002478,-0.47372064,-0.86668813,0.0643239,-1.130309,0.003010674,-0.6354512,-0.78294414,0.7489422,-0.93471354,0.3256872,-0.057389997,1.258657,0.6100259,0.53421664,0.52932733,-0.2477827,-0.18793546,-1.002666,-0.61864936,0.5949568,-0.7974374,0.8204996,0.1453059,1.0609206,1.6834773,0.39507124,-0.79035914,0.30818784,-0.006640445,0.008995251,-0.29144713,-1.1845747,-0.5225066,0.19045919,0.54932237,0.6242542,-1.6738605,-0.4779435,-0.2507309,0.2519344,0.31744516,0.74116856,-0.03241655,0.3944793,1.736388,1.2907026,-0.08794355,-1.4783926,-0.116604656,0.88214886,0.63778913,-1.4584675,0.06309952,-1.1795167,1.165491,0.9131294,0.41256058,1.3782526,-0.3136181,-1.3864759,1.7264552,-1.1015792,0.12117314,0.6736454,-1.2469053,0.8818115,-0.0035458151,0.6342622,0.9531964,0.5383862,-1.2989124,0.9482153,0.2283746,0.8062874,-0.26343286,-0.8584382,-0.7884575,-0.034159333,-0.5872964,-1.3108132,-0.6562171,0.55120987,-0.68445796,-1.7706214,1.3831701,0.3968339,-0.5123264,-0.9607774,0.951465,-0.15430865,0.11540887,-0.72171926,-0.33138373,1.8563097,-0.97612536,1.4106653,-0.76643306,-1.2444594,-0.65458286,0.84681165,0.74930865,0.7788097,-0.38197604,1.6193615,0.9981527,-0.3763195,-0.48011944,0.49991837,-0.05686322,-0.99769974,-0.17783117,0.45121366,0.98093694,0.34274977,0.0322873,-0.17222694,0.2914552,-1.7753778,-1.5562785,-0.040410243,1.2639611,-1.8147466,0.28061533,-0.25348055,-0.87832433,0.24168313,-0.052446894,0.6473919,-0.35794377,-0.7876862,1.6625228,-0.9588026,-1.1375998,-0.4271105,-0.2729605,-1.3735486,-0.089804664,-0.1930284,-2.012048,-1.5524833,-1.2891818,2.119598,0.9776441,-0.8575483,-0.7877951,-1.4018958,-0.6403491,-0.06549914,1.1211294,0.2749019,-0.8698656,-0.9481143,-0.10654495,-0.60145044,-0.430527,-0.37366694,0.9398201,-0.2507213,0.42717373,0.729445,0.9336542,0.57876587,1.0225937,-1.1713874,-0.8468834,-0.2188153,0.44454205,1.9136673,0.097357355,-0.9849926,0.4992744,-0.12040228,1.3160279,0.38519675,-0.93329954,0.49014825,-0.057974204,1.0502622,0.04734229,2.1724944,0.65161604,-0.5519809,-0.35311684,-0.04758898,0.6223229,0.5792013,-1.0861524,-0.31470513,0.42603928,-0.35617304,0.07079649,0.6636284,-0.53182495,0.067949355,0.23320597,1.4124672,0.62363774,-0.49189454,0.6933331,-1.639785,-0.047982886,0.9573764,-0.74063987,-0.24066025,0.5777789,-1.2457361,1.2484081,-0.9104141,1.2640263,-1.0654361,1.0845331,-0.07452527,0.5539908,-0.46022785,0.20952359,-0.37275493,-2.3122728,-0.16069354,-0.0185574,0.24443287,-0.18159902,0.26100835,-0.19548586,0.566228,0.5008434,-1.6428258,-0.32688308,1.4825099,0.6673832,-0.12758332,1.1720126,-0.30139595,1.1647242,0.41037214,0.092830166,0.32924512,0.07918404,0.7586951,-0.948337,1.3486594,0.92238104,0.5763259,2.8847508,0.550757,-1.4100869,-1.2665344,1.1506323,-2.2710214,-0.8089884,0.67092407,-1.5952404,1.0697298,-1.1434386,-0.98144317,1.5871329,0.2672025,-0.16897023,-1.3283571,-1.0757842,1.0515368,0.994631,-0.45560968,0.24592037,-0.64417183,0.3869781,-0.6936541,-0.36836365,1.3510259,0.99501485,0.5322408,0.89069617,-0.4657546,0.40835813,0.13213727,0.033986345,0.37614658,0.72262543,-1.1489471,0.47880098,1.0752985,0.015720274,-0.39623132,0.46278396,-0.5476317,0.40639704,0.25955552,0.64259636,0.47768933,-0.39773175,0.30803764,-0.014227927,0.5752635,0.5610512,1.8350098,-0.08605714,-1.8979275,-0.7593479,-0.14826244,1.4489996,0.5212239,0.55836195,0.6739551,1.4230587,-0.5405773,-0.064851575,-0.2889004,-0.699998,-0.81415176,0.73986983,0.24211788,0.3240481,0.26760375,-1.0281305,-1.0149473,0.28229004,-0.14973208,-0.6133101,-1.0483428,-0.5245733,-0.9516368,0.84325534,0.55690515,0.2905063,-0.7545299,-1.0691835,-0.30046788,0.83640736,0.7296911,-1.6703439,-0.17455685,-0.19181028,-0.88153446,0.04263112,0.040361255,-0.2219569,0.52118295,0.6660703,-1.5457991,0.640124,0.15562314,0.9828938,1.4035144,0.027226001,1.1357515,-1.0153605,0.15760702,-0.32018837,0.6038799,0.6564434,-2.0264184,0.75210047,-0.4924812,-0.61308324,1.6599114,-1.1190917,-0.03614881,-1.3484833,-0.44246218,-0.84724975,-1.2208099,1.9807949,-1.5404365,1.4946945,-1.4967037,-0.40986183,-0.75455874,-0.733656,-1.4283496,-0.006629586,0.018839568,0.17602077,1.2183897,0.079684675,0.020132244,0.1901539,0.0325548,1.4887557,-0.1660266,0.38464594,-1.0825094,-1.454206,-0.028691974,0.9515755,-1.9627391,-1.256338,-1.2141299,0.03097386,0.1172573,-0.6530827,-0.6615037,0.8722401,0.0419532,0.3161528,-0.95349795,-0.80970883,0.14947562,-0.9096569,1.7260652,-0.6630534,1.7585112,-0.9610613,-0.8648588,-0.08062346,-1.3189722,-0.10715118,-0.8129841,2.0107436,0.46554002,0.56391686,-0.24365169,1.0898657,-0.07090637,-0.9922479,1.07604,0.57431877,1.6424571,-0.36426765,0.16448829,1.4992514,-0.32733828,0.7674715,-0.3716717,-0.13240917,1.7005196,-0.5479565,-0.9283739,-0.17140344,0.34956393,-0.28472483,0.10081133,0.6259819,0.13750014,-0.054574832,0.6154334,0.98761696,-0.4026306,-1.347916,-0.69355536,0.9605127,1.1330757,1.7684741,1.1313646,-0.46167576,-0.11432171,-2.3336906,-0.025778696,0.8129104,1.0921427,0.40333813,-1.5626901,0.597628,0.6567791,0.30145314,-1.6085355,-1.1813533,1.8570242,0.56887597,-0.08787374,1.9276104,-1.098638,-1.5437967,-0.70409274,0.72831124,0.09455137,-0.99523944,-1.1587068,0.09481343,0.22637254,0.8970643,0.9563103,1.2025932,-0.057618663,-0.37519294,0.21880586,0.30937582,-1.241034,0.080492646,0.056213394,0.56195456,-1.2296929,-0.3471691,0.4173092,-1.8864794,1.1927302,-0.523479,0.20089892,-0.53599936,0.0079793185,-0.6668649,-0.0747457,-0.1564419,-1.3774773,-0.42054284,1.141849,-1.4237264,-0.99061584,0.96068585,1.4191829,-0.98459065,0.30383444,0.47882104,-0.2559392,0.81624657,-0.29780695,-1.0433366,-0.39731902,-0.24358286,0.2239044,-0.8399468,-1.9623773,-0.49495006,0.74156094,-1.3136718,-1.306389,0.51607525,0.8148266,-1.0967581,-0.7263399,-0.39377046,-0.14479195,0.72408473,0.7424735,-0.090773284,-0.18908337,-1.1451782,-0.020410163,0.3314478,-0.20510909,-0.5342903,0.45417187,0.32552433,-0.4479937,0.12222442,1.4826043,0.12053814,1.5967712,0.97568274,0.33513695,-0.18437475,0.71556944,-0.47812873,-0.13232201,0.52725846,-0.8977461,-1.2656602,1.7364031,0.12927909,-1.0342709,0.037358534,0.16316438,-0.17491922,-0.15966298,-0.13153687,0.2811271,1.6032484,1.0461234,1.70749,0.20691317,0.15436408,0.047440626,0.49138573,-1.2306745,-0.78849113,-0.3120312,0.48819554,2.7827296,-0.6438108,0.677382,0.91096896,-0.9376838,-1.1657767,0.3501721,0.07001806,-0.24963227,-0.78612566,0.4389181,-1.1745001,0.051975057,-2.2223115,-0.34625286,0.9113669,1.2295021,-0.65541404,0.39850375,0.6509155,0.066468745,-1.1338224,0.14241946,0.877594,2.0103397,0.09939656,-0.68726486,0.80033743,-0.40612957,-1.99002,0.08290228,-1.3657396,-0.5717915,-0.092383355,-0.8337823,-0.065773636,-0.051575445,-0.720562,1.369241,0.11394526,0.09085097,0.48189014,-1.5979933,0.9430076,-0.21466386,-0.4541157,1.9745255,0.650378,-1.4973447,1.159002,-1.2742481,1.6985824,-0.27383572,0.47367594,1.3281925,0.012379147,-1.1562665,0.61570936,-0.26323882,-0.35733637,-0.67216814,0.31690365,-0.63999504,0.37077433,-1.9030988,1.3349595,-1.5826395,-0.874841,0.22523087,0.8979365,-0.32864857,-0.0726029,-0.3581288,0.84226304,0.24101847,-1.078811,0.5505271,1.8602417,0.075373806,-0.95864826,0.6480517,0.4096411,-0.47973678,0.06444103,2.1534538,0.29914576,0.60906124,-1.3076367,-1.0890598,0.33257553,-0.25418645,-1.1226072,-0.74390244,0.10647254,-0.07966465,0.5922762,-0.35821715,0.49498576,-1.1119748,0.30974132,0.4148772,-0.5560849,-0.8954625,-0.14126575,-0.45507205,-0.5260678,-1.123409,0.72547805,0.75922346,-1.0560914,0.373746,1.0169454,1.3423253,1.086165,-0.32163465,-0.94399464,0.5886997,0.50962174,0.95259446,-1.939462,-1.9906665,0.501515,1.3492732,-0.64091444,0.33210504,0.29837984,0.280269,-1.4581685,1.2814631,-0.16512656,-0.18467839,1.452701,0.22709905,-0.028392104,0.7726991,0.11619413,-0.36911848,0.25759244,-0.8337208,0.16888213,0.5044937,-1.0719911,0.2120916,-0.1744412,0.04882092,-0.55828404,0.43792328,-1.6383412,0.6050594,0.61789215,0.46830305,0.6995087,0.33043903,-1.2972276,-0.44278097,-0.3613036,1.3014148,1.1517574,-0.4098531,-0.4751797,-0.18271625,1.6906127,0.29951715,-0.22354455,-0.05625058,0.69767654,-0.84281135,-0.53544575,-0.9184656,-0.39485028,0.199283,0.3350498,-1.0796133,0.8836735,-1.9988391,0.68064654,-0.04268895,-1.7609499,0.20441672,0.37763447,-0.28885597,2.5017824,1.3633397,-0.5044408,0.07221344,0.5735702,0.56399345,-0.39723724,-0.46566865,-0.8822912,0.6040637,1.3909034,0.3941802,-1.3899095,0.3441166,0.26927364,-0.18498771,1.4747121,-0.37648657,-0.53711754,-0.8903662,-0.047205634,-0.5851711,-0.55450463,-0.3837033,0.30650565,-1.7651415,0.639403,-0.8061346,-0.5731602,0.455234,-0.82630426,0.080163345,-0.4048154,1.1673825,0.6505283,0.55247754,0.8265181,-0.6327253,0.13647962,-1.0771983,-0.5589167,0.37580925,-0.4283411,0.8689085,0.3316657,0.85396564,1.6109624,0.2037478,-1.5388649,0.57782435,-0.36815676,1.3088744,-0.24402475,-1.125791,-0.23305671,0.10607746,0.6706356,0.5817098,-1.0599297,-0.25638378,-0.09900333,0.23371449,0.27648517,0.24757442,0.18429688,0.17965585,2.113803,1.0623633,0.29913133,0.0
、,0.6195648908615112,0.3489904701709747,1.0567883253097534,-0.4765182733535766,-0.5891979932785034,-0.1809852719306945,0.0059980759397149,0.3481148183345794,-0.8365700244903564,-0.6619139313697815,-0.2249849289655685,-0.709401547908783,-0.0504682175815105,-0.4271685481071472,0.7363948225975037,0.4460712671279907,-0.5139725804328918,0.4701919853687286,0.1286108493804931,-0.3889336884021759,-0.8025297522544861,-0.7192121744155884,-0.5512325763702393,0.1941795796155929,-0.4240441024303436,-0.9229090809822084,-0.5777475237846375,-0.2258715033531189,0.0061606224626302,0.1903616487979889,0.2632638216018677,-0.4594249129295349,-0.3370295763015747,0.3261558711528778,-0.7294156551361084,0.6906647086143494,0.1098550781607627,0.2041232734918594,0.4162230789661407,-0.5478252172470093,-0.3630021214485168,0.5252999663352966,-0.6012375354766846,-0.5337058305740356,-0.1171065792441368,0.041893757879734,-0.1703510880470276,-0.031400877982378,-0.1483786702156067,-0.3944182395935058,-0.7106783986091614,0.7770763635635376,0.3953070640563965,0.1971932351589203,0.425059050321579,0.3488447666168213,1.0091537237167358,0.0231695063412189,0.0251429192721843,-0.2772858142852783,-0.7284931540489197,0.1356604993343353,0.3728354871273041,0.1996486485004425,-0.592863142490387,0.3532702028751373,-0.1977674067020416,0.5270116329193115,0.4377854466438293,-0.1567492187023162,0.5720683932304382,0.3822307288646698,0.2298650741577148,-0.3820671439170837,0.2723013460636139,-1.026605486869812,0.4222369492053985,-0.3067958056926727,0.2783031761646271,0.1548672318458557,-0.239579826593399,-0.1771947145462036,0.1182410269975662,-0.3522379100322723,-0.6739863157272339,-0.3207395672798157,-1.280389428138733,-0.1314788162708282,0.1092400550842285,0.1847828775644302,0.0771256908774375,-0.437089592218399,0.370442658662796,-0.3064039647579193,1.0832984447479248,0.4152913391590118,0.3117563426494598,-0.1497225910425186,0.3455894887447357,0.2241485565900802,-1.3417664766311646,0.5552119016647339,-0.0222490578889846,-0.8507680296897888,-0.5020774602890015,-0.1633059084415435,-0.2702930569648742,0.9135725498199464,0.5686036944389343,0.4233021438121795,0.0308378841727972,-0.2613431215286255,-0.8987371921539307,0.1841257512569427,-0.0797238424420356,0.4295142292976379,-0.5939999222755432,-0.1568807661533355,0.0380602180957794,0.1479811817407608,0.2256724238395691,0.58320552110672,-0.4946492314338684,-0.1372482478618621,0.271740585565567,0.1917717903852462,0.1432688981294632,0.3522486984729767,0.2582482099533081,-0.6036713719367981,0.3547253906726837,-0.6765661239624023,-0.4382753372192383,0.0448752231895923,-0.6328389644622803,0.965863823890686,0.2955978512763977,-0.4536164700984955,0.0455907583236694,0.1167070865631103,-0.4535581469535827,-0.1906919628381729,0.8190338611602783,-0.4693425297737121,-0.1263845413923263,0.4840159714221954,-0.3180535137653351,-0.3546625971794128,0.4179584980010986,0.3845674991607666,-0.1171512454748153,1.1854907274246216,-0.5989495515823364,0.4140498638153076,0.3314343392848968,0.4171215295791626,0.197724312543869,0.2486430704593658,0.3477166593074798,0.0276961978524923,0.411643385887146,0.0632825419306755,0.118790403008461,1.0481526851654053,0.6594823598861694,-0.0155564593151211,0.6942266225814819,-0.1477566659450531,0.1065890714526176,0.9082752466201782,0.5210177898406982,0.6927188038825989,0.2869593799114227,-0.080572210252285,-0.143041580915451,0.5369226336479187,1.0504631996154783,0.4520522058010101,-0.3815566003322601,-1.0843147039413452,0.4242238998413086,0.4428893625736236,0.7727795243263245,-0.11271483451128,0.5963641405105591,-0.5336257219314575,-0.4145865440368652,-0.0930271968245506,0.4222430884838104,0.1927646398544311,-0.4035003781318664,-0.4110448360443115,0.1082634553313255,-0.0029858634807169,0.0524127073585987,0.166703388094902,0.1684794872999191,0.3491660058498382,-0.12071093916893,0.3308565616607666,0.5550510287284851,-0.018241224810481,-0.1458954364061355,-0.93206387758255,-1.468620777130127,-0.5858704447746277,-0.053965974599123,0.1871979236602783,0.1993109285831451,0.6862973570823669,-0.7204278707504272,-0.1594906896352768,0.1600438356399536,-0.4500786960124969,0.8950967788696289,0.483115404844284,-0.3662504553794861,-0.1398576647043228,-0.0772723108530044,-0.0402719527482986,0.1948870122432708,-0.6461538076400757,0.3496512472629547,0.1929983347654342,-0.292580246925354,0.8708901405334473,0.5928434133529663,-0.952753245830536,-0.5800488591194153,0.2994386255741119,-0.7095662951469421,-0.3877021372318268,-0.1414899677038192,-0.1187630221247673,-0.226882517337799,-0.9625067114830016,-0.6216272711753845,0.1769756227731704,-0.3720604479312897,0.6183730959892273,-0.2944242060184479,-0.2436751723289489,0.3913763761520386,0.3015227615833282,0.3717937469482422,0.2275534719228744,-0.1137370243668556,-0.4073820412158966,-0.9319515228271484,-0.1594752222299575,-0.6824278235435486,-0.4467746615409851,-0.298469603061676,0.5496417880058289,0.4088552594184875,-0.3417203724384308,0.3422651588916778,-0.8266787528991699,-0.2169264554977417,-0.944948673248291,0.300152450799942,-0.2175954282283783,0.4510443806648254,0.2433313578367233,-0.5626786351203918,0.1603416502475738,0.3203263878822326,-0.2135343700647354,-0.4064880609512329,-0.1030912548303604,0.1624127775430679,0.153968408703804,0.3976919949054718,-0.4147221446037292,-0.0498390197753906,0.1031231135129928,0.6804152131080627,1.0598911046981812,-0.1469211876392364,-0.6755654811859131,-0.4156228601932525,0.7218894958496094,-0.8200952410697937,-0.5111777186393738,0.0852808803319931,1.0379979610443115,-0.4341500699520111,-0.0093580558896064,-0.0931151360273361,-0.2131607830524444,0.1918867975473404,-0.6069152355194092,0.0588084161281585,0.1086339578032493,-1.049772024154663,-0.0527109093964099,0.4001291394233703,0.2348199486732483,0.3815994262695312,-0.1056061089038848,0.2873418629169464,-0.2647623121738434,0.0589905194938182,0.1709464490413665,-0.1004977151751518,-0.5174713134765625,-0.1428467333316803,0.6444472670555115,0.2665767967700958,-0.8470263481140137,-0.1114944517612457,0.6196324229240417,-1.261491298675537,-0.3067860305309295,0.4951604306697845,0.4625239670276642,-0.806296706199646,0.3060609698295593,0.7664307355880737,0.5978373289108276,-0.3235744833946228,-0.4803456664085388,0.4361900687217712,0.680817723274231,-0.3462209403514862,-0.766511082649231,0.4465742707252502,0.1413706839084625,-0.1029802933335304,-0.540488064289093,-0.4225925207138061,0.2654396593570709,-0.0956962928175926,-0.2448957860469818,-0.4192146956920624,-0.1646664142608642,-0.3066335022449493,-0.1862993538379669,0.2451054602861404,-0.0318525545299053,-0.0467939153313636,0.695682168006897,-0.4298053383827209,0.2943534851074219,-0.7330169677734375,-0.4372770488262176,0.266561895608902,1.275129795074463,0.4799474477767944,0.6537413001060486,-0.7526010274887085,-0.1445199996232986,0.5737951993942261,-0.2828126549720764,0.7841343879699707,-0.7082526087760925,0.3595519959926605,-0.2249900996685028,0.4486998617649078,0.1162942722439765,-0.312129944562912,0.2356796860694885,-0.7608378529548645,-0.673935055732727,0.2672902941703796,-0.0121579803526401,0.5657185316085815,0.1676893681287765,0.0501080378890037,1.1467639207839966,0.0960680320858955,0.2769872546195984,-0.271636962890625,-1.2229118347167969,-0.2898721396923065,-0.818493664264679,-0.0662508532404899,-0.1926941573619842,-0.1408600509166717,0.6379884481430054,-0.5304189920425415,0.1868663430213928,-0.1202046424150466,-0.4112637639045715,0.2442872375249862,-0.3000135421752929,-0.6347482204437256,0.0767916440963745,-0.0052538914605975,-0.5005415678024292,0.9109095931053162,-0.0007811538525857,0.5739177465438843,-0.3620568215847015,-0.639089047908783,0.5519065260887146,-0.296102374792099,0.0041193105280399,-0.0016299751587212,0.1267074197530746,-0.2287810444831848,-0.2666354477405548,-0.1437699347734451,0.0704218074679374,-1.0117563009262085,0.5357574224472046,-0.4320216178894043,0.0675554797053337,-0.0848605036735534,-0.2459176182746887,-0.7839255928993225,-0.2140903323888778,0.0649926662445068,-0.1526171118021011,0.1472381502389907,0.3655463755130768,0.192785158753395,-0.4598661065101623,0.4447408616542816,0.5818700790405273,0.773893415927887,-0.2916417717933655,0.6764229536056519,-0.2633430957794189,0.1170301362872123,0.3807166218757629,-0.636992871761322,-0.5004210472106934,0.4088150560855865,0.2970898449420929,-0.4510889947414398,-0.2047666013240814,-0.3112285435199737,1.1695051193237305,-0.2776446640491485,-0.454189658164978,0.902678370475769,-0.3502555191516876,0.3743431270122528,1.0348628759384155,0.7548885345458984,-0.3306185603141784,0.8137053847312927,0.2189303785562515,0.4164632558822632,0.0481533221900463,-0.4062684178352356,-0.2302813231945037,0.8682974576950073,-0.0690934285521507,0.0666430816054344,0.7246530055999756,0.2387608587741851,0.2063861191272735,0.304114431142807,-0.0526445172727108,0.0919842198491096,0.3205940127372741,-0.1039949804544448,-0.344978004693985,-0.0909045413136482,-0.1859214305877685,-0.3086766302585602,-0.1104165613651275,-0.4009558856487274,0.3755174279212951,1.0586365461349487,-0.69407057762146,0.3782074749469757,-0.9081338047981262,-0.5527552962303162,-0.1388085484504699,-0.1920015960931778,0.0875670760869979,-0.8221295475959778,-0.3547230660915375,0.0455889664590358,0.100279651582241,-0.4144933223724365,0.1088500693440437,0.3550724685192108,-0.2159822881221771,-0.3159510493278503,-0.813616156578064,0.1168316379189491,0.7964914441108704,-0.5838242173194885,-0.3934233486652374,0.060257464647293,0.1438681185245514,0.7519621849060059,-0.8378763198852539,-0.4993960857391357,-0.388970673084259,-0.1639347821474075,-0.7298585176467896,-0.0774035155773162,0.1874646097421646,-0.6804988384246826,0.2744324803352356,0.0274815335869789,-0.2773340940475464,-0.6969039440155029,-0.2621581554412842,-0.1018723174929618,-0.5727987289428711,0.2523036897182464,0.1731978803873062,-0.2328196913003921,0.108727253973484,-0.1145984902977943,0.3019725382328033,0.7329968214035034,-0.3828904032707214,0.8873105049133301,0.0118421558290719,0.352819412946701,-0.810456395149231,0.5460114479064941,-0.7754442095756531,0.2387319207191467,-0.7294042706489563,-0.6843485832214355,-0.7158702611923218,-0.5920957326889038,-0.4448314309120178,0.6941059827804565,1.415650486946106,0.5825144052505493,-0.6701879501342773,0.2146046459674835,-0.1199929490685463,-0.4598611295223236,-0.5141260623931885,0.0787957608699798,0.0287131275981664,-1.562509536743164,-0.1510507017374038,0.1109620109200477,-0.5994253754615784,1.3839061260223389,-0.1814644634723663,-0.5518447160720825,-0.2039219886064529,0.4202861785888672,0.3994800150394439,-0.4896880388259887,0.0579875633120536,0.6398654580116272,0.2553820610046386,0.8101413249969482,-0.274228572845459,0.0906463786959648,0.1436778157949447,0.1233146637678146,0.0946904346346855,0.4151434302330017,0.4983032047748565,0.0801388993859291,0.8776180744171143,-0.6998874545097351,-0.6978878974914551,-0.6231597661972046,0.3570880591869354,0.1529397666454315,0.689155638217926,0.2196631878614425,0.7957811951637268,0.6500939130783081,-0.1513335853815078,0.0573428571224212,0.8899685144424438,-0.0597225539386272,1.2249330282211304,-0.5518271327018738,0.1374015361070633,-0.7722051739692688,-0.0206141173839569,0.9322041273117064,0.7353374361991882,-0.0895386338233947,-0.1536366045475006,-0.030578788369894,-0.5362865924835205,0.6016854047775269,0.3558008670806885,-0.1032327115535736,0.3825442492961883,0.2989633977413177,-0.4406847059726715,1.0371015071868896,-0.0341293402016162,0.2658805251121521,-0.6539269685745239,-0.0679441913962364,0.7289755940437317,0.4150844812393188,0.0939821302890777,0.7793418169021606,-0.2908057868480682,-0.6848353743553162,-0.1627069562673568,0.4638008773326874,-0.5895224809646606,0.6393943428993225,-0.0029510802123695,-0.5359312891960144,0.7100718021392822,0.655490517616272,0.3547017872333526,0.3587740361690521,-0.5897667407989502,0.1178450062870979,-0.1086761206388473,-0.1629100739955902,0.3958805501461029,0.2954218983650207,0.4053311049938202,0.0414086431264877,-0.8010706305503845,0.4483011364936828,1.3589962720870972,-0.0052117416635155,-0.092074379324913,0.3095720112323761,0.0476359650492668,-0.3680016994476318,0.1139998286962509,0.3104340732097626,-0.2435269206762313,0.2289800196886062,-0.2655230164527893,-0.3084410727024078,-0.1917210221290588,-0.1111677139997482,0.836298406124115,0.1016987338662147,-0.1079253777861595,-0.1257338672876358,-0.0497482158243656,-0.7834899425506592,-0.0943723171949386,-1.2535018920898438,-0.8204447031021118,-0.0228514838963747,0.079421080648899,0.1268144994974136,-0.0876045674085617,-1.0506716966629028,-0.3635828495025635,-0.3436509370803833,-0.780060350894928,-0.2888449728488922,0.2456021755933761,0.4450479447841644,-0.0233513191342353,-0.6451221704483032,-0.3198616802692413,0.4667545855045318,0.4408571124076843,0.2822818756103515,0.2906259596347809,-0.4739277958869934,-0.2051218152046203,-0.0680044218897819,0.5647624731063843,-0.0696877837181091,-0.4178608059883117,-9.239850997924805,0.4858905375003814,-0.6960218548774719,-0.0361793711781501,-0.2908546030521393,0.1097744330763816,0.7458534836769104,0.9021535515785216,-0.8397974967956543,0.8337070345878601,-0.4177514016628265,0.3903300762176513,0.6950947642326355,0.6229278445243835,-0.6647345423698425,0.0440518483519554,0.3326362371444702,-0.1166946589946746,0.6179511547088623,-0.1337971836328506,-0.4723475575447082,-0.8308966755867004,0.333613246679306,-0.35804483294487,-0.5387967228889465,0.3511967658996582,0.7182985544204712,0.211320474743843,-0.3411101400852203,0.7431811690330505,-0.708786129951477,0.2283969521522522,-0.0462522357702255,-0.4464648962020874,-0.3448687195777893,0.6354577541351318,0.4750964045524597,0.5005751252174377,-0.6288119554519653,-0.0984638035297393,-0.2708901166915893,0.7006009221076965,0.0804221704602241,0.0824451893568039,-0.1221666112542152,-0.0991153195500373,-0.1915300339460373,-0.0420115441083908,0.9884529113769532,-0.290996104478836,-0.0704822018742561,-0.7775848507881165,0.459912896156311,-0.9610315561294556,-0.3412564992904663,0.0553800277411937,-0.5966173410415649,-0.8167950510978699,-0.3448605835437774,0.1789460480213165,0.4906902015209198,0.3579187393188476,0.6264480352401733,0.1931654512882232,0.0191162060946226,0.154929056763649,0.4830325841903686,0.4936136901378631,-0.3643776178359985,-0.4921980798244476,-0.0711397528648376,0.0291632562875747,-0.4733636081218719,-0.1612384468317031,-0.1430217027664184,0.0011700104223564,-0.6814314723014832,-0.2017345577478408,0.7151430249214172,-0.0283666495233774,1.094463586807251,-0.1716654151678085,0.0287442691624164,-0.3106435239315033,0.1182713881134986,0.03754448518157,0.8500673770904541,0.6016170382499695,-0.007225947920233,-0.7786552309989929,0.437221348285675,0.5968304872512817,0.606789231300354,0.6270705461502075,0.1220488622784614,0.0347596146166324,0.8286532759666443,-0.122065931558609,0.8150589466094971,0.1964781284332275,-0.33389702,-0.40757933,1.0128473,0.55952317,-0.9004639,-0.17732473,-0.6322403,1.2833543,1.3038493,0.65440935,0.26207367,-0.7088468,-1.8464693,2.101172,-0.24729104,-0.16297899,0.62169623,-1.3307813,0.60769236,0.16312677,0.4553641,0.4828585,0.3211823,-0.70411533,1.5715427,0.13903643,0.91040546,-0.45667824,-0.34557974,-1.4960989,-0.037583295,-0.035150457,-1.2329751,-0.07901478,0.005795876,-1.0904397,-1.4860493,1.1880358,-0.01854209,-0.8004878,-0.8693914,1.3352989,-0.0708145,-0.77929085,-1.081364,0.13413496,1.7241812,-0.6306142,0.681159,-0.53171057,-1.1339164,-1.1840171,0.29579863,0.71727437,0.74353176,-0.6296957,1.0817394,1.1940857,-0.47617444,-0.39421248,-0.5677994,0.23596187,-0.5664273,-0.5936175,-0.6288719,0.20052601,-0.10971258,0.049786698,0.7131768,0.6004685,-2.2565148,-2.013991,-0.054204863,1.7056535,-1.796604,0.7334345,0.2763646,-1.2856084,0.56062084,-1.1257949,0.15237671,-0.8036008,-0.8128442,1.6292971,-0.7160313,-1.5666676,-0.28563696,-0.44684044,-1.2036875,-0.46349308,-0.8949747,-2.6067154,-0.9254386,-1.7233285,1.7610025,0.6018777,-1.3375692,-1.1283809,-1.260758,0.053851366,-0.29125658,1.8465046,0.48108378,-0.95674205,-0.8596547,-0.8680555,0.049646836,0.18714374,-0.5045019,0.89913684,0.201943,0.5657323,0.8299157,1.6401968,0.6808675,0.53116417,-1.8443292,-0.5143117,-0.19851239,0.4002364,1.2134935,0.8825019,0.60148686,0.7730196,-0.4118477,0.9082528,-0.16688466,-0.5845983,0.09527136,0.065793216,0.7717565,0.40533614,3.0292885,0.63318527,0.3048395,-1.3942733,0.47689703,-0.25542513,1.0290776,-1.5325799,-0.77306455,0.46718422,-0.109268345,-0.4103582,1.2160001,-0.99246407,-0.11348761,0.91352195,1.4001456,0.16336723,-0.7497832,-0.07198099,-1.8868561,1.004744,1.322867,0.33289865,-0.15484157,0.39675114,-1.2379456,1.5767115,-1.0246892,1.4891357,-0.56372523,0.9776864,-0.43629953,0.17256838,-0.5206364,0.3270537,-1.0302788,-2.4958932,-0.9753458,0.38998818,1.322308,0.15373325,0.39119884,0.28758192,0.11671487,0.42615333,-0.62666583,-0.4039345,1.6815263,1.1475681,-0.055940468,1.0254275,-0.28194728,0.4383149,0.52795446,1.0935783,0.65465945,0.24869668,2.2156365,-0.6701,1.3674091,0.7804721,-0.49092254,2.4164863,0.9094079,-1.8692955,-1.253641,1.1845928,-3.032746,-0.73189783,1.0153586,-1.995238,0.71741396,-1.6619905,-1.1376373,1.7237426,0.7571564,-0.35411307,-0.94961625,-1.4647856,1.564524,0.564861,-0.3773465,-0.4424697,-0.6971434,-0.0021565855,-0.77682453,-0.6906497,1.168132,1.1670828,0.137114,0.3296224,-0.17380066,0.85429287,1.0249647,-0.08791131,0.073456064,1.209333,-0.5845046,0.16866724,0.39677155,0.4100848,-0.53853446,0.3883662,-0.23507915,0.7041231,-0.49811336,1.2969233,1.0204673,-0.21977311,0.07423232,-0.26872244,0.44941863,0.96210194,1.0701307,-0.15232246,-1.7972587,-0.32190707,-0.2996323,0.9292264,0.05860379,0.5854338,-0.12787127,1.4008689,-0.9193739,0.32480356,-0.9263167,-1.2674876,-0.29139945,0.052843135,0.68815255,-0.40491822,0.19688325,-0.58510107,-0.71291256,-0.40584174,0.06314465,-0.74795455,-1.2954978,-0.8214402,0.08608738,0.04979446,0.8594303,0.112590514,-0.0762645,-1.1489207,-0.69520205,1.3781439,1.3279785,-1.596841,0.025061836,-0.13907011,-0.67183524,0.7746883,0.34288743,-0.36495456,-0.44077304,0.19121373,-0.87060046,0.66781586,0.67069626,0.7398538,1.867495,-0.032892715,0.78113395,-1.2951671,-0.72303504,-0.3831021,0.1770585,0.46556208,-1.2786237,1.4161901,-1.3291229,-0.7339918,1.4224309,-0.9396548,0.036182966,-1.0040818,0.16247033,-0.4231514,-1.0807148,1.6629082,-2.5227497,1.4988474,-1.5754112,-0.8220044,-0.6849294,-0.85685664,-0.9367854,-0.052906405,0.31021002,0.0019955684,0.8054139,0.6426217,1.0464813,0.40186504,0.0635012,2.0077665,0.11611769,0.48558727,-1.4110627,-1.095962,-0.4164709,0.24550353,-1.7236134,-1.4935848,-1.1000193,-0.5715541,-0.52094936,-0.14311078,-0.74661607,1.3682846,0.09523434,0.321918,-0.8933358,-0.14627652,-0.077998,-0.58379096,2.117137,-0.24475949,1.4106506,-1.3146472,-0.23457639,-0.10284246,-0.80856276,0.103322,-0.66194177,1.8514255,0.7134611,1.1879259,0.634928,0.54992574,0.42842805,-1.019342,1.4804443,0.7074794,2.2340152,0.06837858,0.1264391,0.97324187,0.39092323,1.0166334,-0.5632853,0.11158067,1.2348591,-0.0054322556,-0.5673546,0.3895084,0.34012994,-0.9709487,-0.02528804,0.38465166,0.7759784,-0.18476366,0.26334706,0.24581452,-0.005703345,-1.1072248,-0.5419288,1.6389421,1.1255199,1.4185907,1.3009844,-0.15272368,-0.23960185,-1.7754272,0.7741743,0.8599618,0.8780835,0.43523964,-1.7705379,1.1520463,0.7561491,0.58877766,-2.1730986,-1.3336822,1.655913,0.37056085,0.2730229,1.2444583,-1.0370528,-1.323187,-0.6361316,-0.5313238,-0.6048415,-1.1657104,-1.6881212,0.38499245,-0.32181323,1.0629886,1.2796764,0.29637614,-0.4826257,-0.4602108,-0.10563335,0.041475654,-0.8798823,0.17005253,-0.4827256,-0.20312373,-1.0367454,-0.7215321,0.9224138,-1.8149643,1.2978059,-0.16175698,-0.043489832,-0.3619704,0.39387926,-0.8877627,-0.1797306,0.42472032,-1.5712694,-0.089960344,0.992145,-1.7369753,-0.7081981,0.940085,0.9222,0.29102436,-0.023329398,0.17011176,0.22101898,1.2806469,-0.18521143,-0.5500824,0.0474475,0.24977814,-0.4204489,-0.33359683,-1.6613296,-0.96108866,0.8060903,-1.025427,-0.9412901,0.918914,0.40979302,-1.1521608,-0.8502052,-0.09431585,-0.29704058,0.89216185,0.7377339,-0.26147655,-0.16506635,-0.8191572,-0.44831324,-0.61010116,0.07880477,-0.13654292,-0.04655673,0.8314848,-1.54236,0.1701688,2.409336,0.34420034,1.7934195,1.0017037,0.22879408,0.01029024,0.744129,-0.052114308,-0.6153939,0.56369776,-0.6153016,-0.88900775,1.5339155,0.18210989,-1.2221909,-0.41747737,1.210398,-0.8072818,-0.7209498,0.06080028,0.7372381,1.3446932,1.2815151,1.7147655,0.20617193,-0.13335069,-0.5113447,0.38027528,-1.3869076,-0.5044034,-1.0203996,0.31516382,1.7281786,-0.2356609,0.24877708,1.1151532,-1.0838681,-1.7377844,0.40437636,0.3608704,0.33262888,-0.90027857,0.79648733,-1.4157666,0.276413,-1.7745472,0.16142891,0.5001332,1.6327925,-0.63348866,0.106262855,0.529615,0.25037697,-1.0270575,-0.3166191,0.5594146,2.083483,-0.7927778,-0.51951075,0.68115824,-0.19527084,-1.6245395,-0.42679945,-1.2940264,-1.3406105,0.4267232,-0.37933517,-0.263808,-0.16541728,-0.9827867,1.1093694,0.32406563,-0.4765539,0.9124568,-1.3827149,0.9747947,0.7758654,0.18013819,1.7755333,0.16436422,-1.600378,0.80310553,-1.7384663,1.639794,-0.5759556,0.79438335,1.5257696,0.94614476,-0.42944515,0.9782875,-0.99262136,-0.3664306,-0.94677144,0.7260662,-0.2201004,0.25647223,-1.9180208,1.8548087,-1.0395545,-0.7572553,0.28592244,0.6693804,-0.7189331,0.1713018,-0.35697666,0.36557174,0.16069175,-0.83270806,0.3251092,1.9424915,-0.07156678,-1.3308223,0.9538174,0.086078815,-0.3746417,-0.24217623,2.4539206,0.38442218,0.3542602,-1.5668449,-0.7516028,0.8884499,-0.5400427,-1.5986451,-0.95708495,-0.38782883,-0.06602743,0.058025405,-0.19300838,0.49653742,-0.47255933,0.36533415,0.736346,-0.3815178,-0.4549565,0.6243152,-0.3848425,-0.33262095,-2.2391624,0.74211353,0.06445392,-0.918238,0.59366536,1.1229085,1.8594576,0.023378229,-0.34135708,-1.1881227,0.57446414,0.69224423,0.13744475,-1.0803055,-1.5656236,0.61247253,1.205036,-0.6490523,0.3596578,0.63260365,-0.14473985,-1.9370056,1.2057862,0.015695253,0.07992054,0.7677786,0.49396655,0.018500457,0.58006555,-0.08472852,1.2334343,0.17879285,-0.53053457,-0.074926935,0.15381046,-1.3350992,0.012665992,-0.13649204,0.5920438,-0.6655608,0.46592283,-1.7472639,-0.14473079,0.25328985,0.21465902,1.1184696,0.3892852,-2.0663278,-0.45135805,-0.17021911,1.4005909,1.0004431,-0.0886207,-0.32430086,-0.764826,1.6908855,0.9716181,0.35150132,0.1476066,0.088380694,0.35406566,-0.010601391,-0.5731147,-0.77288824,0.32233757,-0.04122192,-1.7040032,1.539525,-1.556507,1.1536597,0.04969248,-1.8531828,-0.17647946,0.85287195,-0.94784194,2.0225527,1.6509905,-0.8858142,-0.36662653,0.5932202,0.9694211,-1.1205733,0.30204225,-1.5028639,0.5883164,1.2008158,0.7231219,-1.3877969,-0.79072666,1.0055197,-0.33838025,1.1016098,-0.37589702,0.16431876,-0.4226097,-0.31065106,-1.208017,-0.23761362,-0.37351704,-0.0031549137,-1.337608,0.7781925,-0.25998676,-1.6738462,1.0721246,-0.46216378,-0.36513492,-0.7365628,0.71122915,0.42004785,0.49619302,0.5055906,-0.26969483,-0.16039488,-0.82926756,-0.72721916,1.0180603,-1.2499884,1.2981935,0.58357984,1.0555723,1.4519057,0.07933769,-1.8864807,1.2074584,-0.07805139,0.44498566,-0.69369334,-1.7594848,-0.36120188,-0.026317373,0.75767416,1.0438849,-2.2220142,-0.7682336,0.052619923,0.44735146,-0.06950004,1.2349969,0.008437812,0.35873625,2.3797796,1.1012522,0.2879713,-1.5428938,-0.8360941,0.41001916,1.188853,-1.2788521,-0.12836969,-1.565271,1.0471295,0.72766674,-0.5025495,0.8854334,0.06528779,-1.6978161,2.0482783,-0.87147,0.28367686,1.0665181,-0.77453727,0.47207093,-0.15741077,0.67564917,0.50276357,0.8521348,-0.7187737,1.0283012,0.6034775,0.26078907,-0.17735103,-0.7619377,-0.19235227,-0.17961574,-0.5324659,-0.99985135,0.03715081,-0.23977736,-1.3942643,-1.570933,0.970969,-0.24362549,-1.0841672,-0.72875226,0.5617486,-0.35721624,0.4035328,-0.8682909,0.07747935,1.6640924,-0.092434324,0.9458505,-0.7251318,-0.46116415,-0.4361902,-0.1460059,1.1369817,0.7575264,-0.3526694,1.2926807,1.2732223,0.15506022,-0.10266335,0.23008227,1.0620174,-1.3697996,0.058603108,0.94622934,1.7035364,-0.083846584,-0.42831168,-0.30434197,-0.011795233,-2.2733521,-0.54700404,0.043917917,1.351774,-0.654591,1.0904572,0.3415472,-0.51107454,0.09819628,0.14482707,0.41145244,0.22961307,-0.8131792,1.3960207,-0.42450088,-0.87580097,-0.3910117,-0.18638983,-1.3579386,0.17193718,0.1425378,-1.6019977,-1.5061973,-1.2785485,0.62428653,-0.3348643,-0.60501444,-0.63300216,-1.8902553,-0.11773664,-0.20429449,0.58625567,-0.3457082,-0.26148656,-0.7824911,0.014413762,-1.0940063,-0.19669178,-0.766014,1.3067884,-0.37430868,0.63437974,0.61654204,1.7723417,0.7778071,1.3989718,-1.3737581,-0.7002968,-0.1740408,-0.10857773,1.3146087,-0.068357274,-0.8729571,-0.07159744,-0.049954522,1.1358142,-0.022364814,-0.28888154,0.43720108,-0.33269864,0.81335557,-0.5629698,1.4262276,0.50339365,-0.69770473,-0.5202788,-0.72697675,0.52825713,0.49999785,-1.2091742,-0.37281194,-0.3787485,-0.117998555,-0.06421264,-0.07265217,-1.5048224,0.6966998,0.3820211,0.89093906,-0.018916745,0.21029022,-0.38765392,-1.2607118,0.47910982,0.92524445,-0.20547184,0.043800734,0.32431912,-1.0998999,1.8436207,0.054814737,1.4002913,-0.9871453,0.23569182,0.07444265,0.81219923,-0.8758066,0.8413377,-0.85355836,-1.9838831,-0.23474269,0.019392246,-0.005386257,-0.081280015,0.9327146,-0.37560636,0.8796422,0.61925405,-1.1140224,-0.019708354,0.80716133,1.1279156,-0.036595028,1.2105188,-0.1679724,0.8387472,0.63442767,0.7677463,0.33774784,0.19455715,0.75723565,-0.6736562,0.6856891,1.1232382,1.1212157,2.412767,0.17462759,-1.842454,-1.4486418,0.37325877,-1.9443432,-0.5099305,0.43422636,-0.57122964,1.4671941,-0.7756702,-0.82629347,1.6707557,0.24685133,-0.05262397,-1.3997009,-1.1081996,0.4613363,0.7946109,-0.79221296,-0.27910915,-0.5649662,0.30998185,-0.66257983,-0.5482801,0.55215067,0.6812482,0.35737067,1.2809997,-0.86647385,0.5674323,0.28207535,0.9733928,0.15837184,0.18994841,-1.123122,0.4781167,1.1056693,-0.26150233,-0.73324174,0.007325256,-0.2815476,1.2142322,-0.4953572,-0.14784771,0.23806176,-0.5159515,-0.0048980294,0.21554461,0.2135427,1.0950407,1.7043594,0.5025097,-1.5509667,-0.59514946,0.3840688,0.29279417,0.9134203,0.77316105,1.0183828,0.47906804,-0.48406467,0.096363105,-0.43178982,-0.14839037,0.27476603,0.6175252,-0.59853756,0.62651235,0.46088442,-0.8339116,-1.1203859,0.48928532,-0.283534,-0.9753445,-1.049532,-1.0107731,-0.74032915,0.34739193,-0.1296201,-0.23101667,-1.0854918,-0.7883053,-1.012538,-0.7274512,0.3044938,-0.8859293,-0.76633275,0.27385792,-0.9265159,0.59136903,-1.0519254,0.34869224,0.6450422,0.4029128,-1.5867866,1.0393586,0.058435798,0.96358424,1.0782318,-0.24872093,1.2219336,-0.011122316,0.78106064,-1.1938999,0.1177217,0.7645419,-1.620734,0.656429,0.009834046,-0.5128744,0.89925945,-1.8066282,-0.3723654,-0.18195039,0.14979343,0.045832045,-1.2223732,1.6670895,-1.7655891,1.0879005,-1.5522226,-0.48703247,-0.1924441,-0.45648822,-1.4000933,1.1892524,0.17226277,0.62360156,1.1139984,-0.43237573,-0.32777104,0.61108965,0.16196387,0.32809374,-0.14745818,0.66265917,-1.1445735,-1.2186711,0.61130536,0.6836874,-1.3493236,-0.8190252,-1.4773111,-0.0019687475,0.8348923,-0.60018647,-0.18912622,1.1401101,-0.06865026,0.52305984,-0.96968186,-0.32808322,0.32992488,-0.709502,1.5069857,-0.29075944,1.7709382,-0.76052314,-0.4035197,0.6271175,-1.6642243,-0.74155223,-0.024100354,1.9119232,0.36692756,0.11420385,0.6514753,1.0594665,-1.1232702,-0.10531666,0.8568123,-0.07953669,1.6065248,0.8924316,-0.04265938,1.8186525,-0.16246824,0.44923514,-0.3350894,-0.50381696,2.0000594,-0.17633028,-0.7836322,-0.59180343,-0.43068156,-0.33580425,-0.16933337,0.20630996,0.26571858,-0.3227454,0.72185415,0.787933,-1.0661324,-0.8776485,-0.70169145,0.77972436,1.1721942,1.288658,1.4813474,-0.047896393,-0.6492687,-2.6227431,-0.27412325,1.0815585,0.4550262,0.22954008,-1.178384,-0.26587266,0.82055473,-0.35837698,-0.71588117,-1.3425511,1.910441,0.76518023,-0.014143613,1.4950647,-0.4868842,-0.8763784,-0.47238404,0.81555176,0.23104367,-0.8748118,-0.29126158,0.40891567,-0.6253953,1.1793001,0.7325252,0.30725342,-0.21135768,0.4576189,0.54842395,0.102384135,-0.7352537,-0.6842558,0.3306184,0.55815613,-1.4260905,-0.8351779,0.09120537,-1.7636449,0.7154891,-0.13389178,-0.0828305,0.22705956,-0.4232955,-0.06141441,-0.5981225,-0.5331594,-0.89344436,-0.787144,0.32729405,-0.8505777,-1.4243463,1.4316279,1.7637947,-1.5463622,0.4876786,0.38759285,-0.19432966,0.49538708,0.28186893,-0.30374986,0.37415406,-0.40153655,-0.123237774,-0.47256798,-1.2674929,-0.418055,-0.050633818,-0.81022614,-1.2381735,0.9681039,1.4197971,-1.7677014,-0.43917376,-0.10681243,-0.5186051,0.8993384,0.8002555,0.27922037,0.22552128,-0.20892222,-0.46448213,0.065188006,1.1690055,-0.5490204,-0.2770849,1.0610927,-0.3677505,0.26279905,1.772124,0.114939466,0.661484,1.1430134,0.8749962,-0.6143993,0.11826609,0.06610502,-0.47101992,-0.13166647,-1.6277624,-1.4875791,1.6829693,-0.29052147,-1.4131877,-0.23666641,0.10161644,-0.75520563,0.14658074,-0.2835378,0.9520443,1.3856375,1.028091,1.9368217,-0.12623039,-0.70712864,-0.59018534,0.50501806,-1.0178487,-0.5879804,0.5040933,1.0053728,2.3771272,-0.78339386,-0.26796627,1.1631906,-1.0834048,-1.5093787,0.425098,0.029730305,-0.48397908,-0.6189847,0.7528057,-1.3101989,0.25230023,-1.921409,0.09322287,0.516619,1.0567863,-0.37843904,0.15441832,1.2861153,0.336052,-1.1797463,-0.49427104,1.2566941,1.1253,-0.40957993,-0.9844657,0.6257075,-0.96792984,-1.9431489,-0.004051745,-0.42097574,-0.48460016,0.50427055,-0.42637444,0.061008833,-1.226722,-0.4256683,1.4249643,0.3591051,-0.34021938,0.298845,-1.2100313,1.5273091,-0.38112748,-0.5504676,0.7020093,-0.040903185,-1.2606939,0.29040185,-1.379367,0.5386919,-0.95399034,0.32666928,0.87661487,1.2042562,-0.6556975,1.2108681,-0.4468836,0.4636941,-0.018501991,0.3915884,-0.15706933,0.32294282,-1.7556318,1.1771772,-1.0259744,-1.2081367,-0.4386262,0.6237644,-0.7416356,-0.41549262,-0.30453947,0.6677774,0.3971048,-1.0050877,0.26771864,1.8371986,-0.70750356,-0.32955924,0.890528,-0.00061933545,-0.54409134,0.3761353,2.308557,0.56772983,0.85849905,-1.2107968,-0.649594,0.75813425,-0.6608059,-0.8399724,-0.36623773,-0.5077871,0.59235764,0.20370993,-0.021487404,0.67335236,-0.5842583,-0.19049826,1.3717244,-0.90452975,-0.06770085,0.007288313,-0.46573472,-1.7098707,-1.1274879,1.2075956,1.4603443,-0.7701044,0.21182843,0.5232778,1.5818151,0.8361405,-0.40102863,-0.43727913,0.7969014,1.0799322,0.79352677,-1.0583253,-0.9252006,0.8651228,1.5853217,-1.314657,0.33286667,-0.7603426,-0.19352943,-1.2862574,1.3551571,0.3341155,0.28670734,1.3420017,0.03767146,0.36792764,0.16168818,-0.21312419,0.15711321,-0.71954024,-0.49710447,0.37403554,-0.43985575,-0.61706424,0.029585738,-1.0754468,-0.63134235,0.14021987,1.0205389,-1.0824668,0.38513172,-0.46565,0.76247746,0.15877363,-0.21741506,-0.7313944,-0.09503319,-1.346595,1.8648002,0.8873264,0.33510733,-1.8580272,0.40702623,1.4967269,0.68394464,-0.94310176,0.6466341,-0.0014571011,-1.3888195,-0.41188127,-0.81336623,-0.7648355,0.93613625,1.1435359,-0.2626555,0.92675304,-1.8447777,0.6582728,-0.2222248,-1.1786919,-0.13555257,-0.082834266,-0.643414,1.8611574,1.3140452,0.40235597,-0.014140213,1.1805751,0.94494975,-0.34594318,-0.5781027,-1.6446712,0.6255594,1.289414,0.78122747,-0.9656165,0.037633292,0.6590349,-0.09076039,1.7070297,-0.5059065,-0.6651319,-0.9891342,-0.08352366,-0.85121614,0.057662714,-0.12040429,-0.08275579,-1.9009225,0.047803424,-0.8334773,-0.3207248,-0.04675026,-0.4453419,-0.25349706,-0.017551232,1.3641658,0.40371138,0.7519574,0.7911619,-0.89484274,0.25166482,-0.9063584,-1.26942,0.86366624,-1.0954126,-0.17104942,0.8254425,0.99912846,2.310738,0.5472485,-1.0539844,0.20602444,-0.07572782,0.18939576,0.6224448,-0.560566,0.17993975,0.3016428,0.3320683,0.12088005,-1.5399169,-0.78232706,-0.2672085,0.7021562,0.30929428,0.47085977,0.3337472,0.36250556,1.4298363,0.21016738,0.5017703,0.0
キ,0.0089554153382778,0.1939436793327331,-0.2193934172391891,-0.892130434513092,0.2426500469446182,0.8090804815292358,-0.0006461688317358,0.2059105336666107,0.1103751063346862,-0.4960032403469085,0.9617363214492798,0.3438442349433899,-0.0860624685883522,-0.3222886323928833,0.7872731685638428,-0.2823822498321533,0.1623154133558273,-0.2046204507350921,0.1291653960943222,0.1357299089431762,-0.5593015551567078,-0.7716518044471741,0.0471532978117466,0.5986023545265198,0.3549172580242157,-0.5780556797981262,0.2487049698829651,0.2216878086328506,-0.1113149970769882,0.1567638367414474,0.0653873309493064,-0.5548986196517944,0.0657591000199318,-0.408096581697464,-0.1881638914346695,0.5684396624565125,0.1580043733119964,-0.0112947979941964,-0.0664695054292678,-0.2631846070289612,-0.1660615652799606,-0.1197155714035034,-0.1676841676235199,-0.3762255609035492,-0.2971188127994537,0.3927555680274963,-0.2499871701002121,0.5849437713623047,0.3317283689975738,0.3255312442779541,-0.3314432799816131,0.3086915910243988,0.5327470898628235,-0.1731323897838592,-0.1804702877998352,-0.5745936036109924,0.1863718330860138,-0.4887060821056366,-0.1509477794170379,0.3312007486820221,-0.3013313114643097,-0.2362928539514541,0.1911569684743881,0.1281263679265976,-0.3288263380527496,0.0834068581461906,0.3564080595970154,-0.0896729975938797,-0.3487680852413177,-0.3754557967185974,-0.5943626761436462,0.2977727949619293,-0.2029802352190017,-0.1202201098203659,0.7733710408210754,-0.691891074180603,-0.1582495272159576,0.1307856887578964,0.129266157746315,0.179776906967163,-0.261399894952774,0.3057650327682495,-0.0999675914645195,-0.373337835073471,0.1245990842580795,0.4375348389148712,-0.1949544101953506,-0.6727452278137207,0.1449243426322937,-0.0880607590079307,0.1117881163954734,0.2104975432157516,-0.0901843756437301,0.2620703876018524,-0.3076165318489074,-0.1190997660160064,0.1794024109840393,-0.2009548395872116,0.2896222472190857,0.5201216340065002,-0.0178588442504405,-0.1175526157021522,0.2643328905105591,-0.0321151241660118,-0.1858051568269729,0.037453293800354,-0.532194197177887,0.4019044041633606,-0.058816809207201,-0.4000467956066131,-0.4044370353221893,-0.1294841170310974,-0.3230060636997223,0.3377116918563843,-0.0151133490726351,0.4915045499801636,-0.358000785112381,0.0789115205407142,-0.5358489751815796,0.6664966344833374,0.2892233431339264,0.2272322177886963,-0.2350341975688934,-0.1883149743080139,-0.0374681949615478,0.4136695265769958,-0.5037018060684204,-0.1584736406803131,-0.287291556596756,-0.3900687098503113,-0.3347787857055664,0.0566991604864597,-0.514350950717926,0.179104745388031,-0.4272096455097198,0.2676720917224884,-0.0008892610785551,-0.119334876537323,-0.0342761911451816,-0.3698295056819916,0.6141608953475952,0.030637776479125,-0.320189356803894,0.2113173454999923,0.0461371541023254,0.398370087146759,-0.214113175868988,-0.6932808756828308,0.7195062637329102,0.367898166179657,-0.548111617565155,0.6063113808631897,-0.7249165773391724,-0.1172510087490081,-0.163594901561737,-0.0741870552301406,-0.3895092904567718,0.3956390619277954,-0.1362478584051132,0.522060751914978,-0.3884695470333099,-0.6509543657302856,-0.0905016064643859,0.4577580690383911,-0.0745252072811126,0.6840958595275879,0.1851225048303604,-0.0991550236940383,0.3364947438240051,0.637281060218811,-0.0453508161008358,0.5295713543891907,0.1634165644645691,-0.4523137509822845,0.0446202680468559,0.3800104558467865,0.284567654132843,0.1254987865686416,0.5073771476745605,-0.4641390740871429,0.2480779737234115,-0.3822896182537079,-0.100916102528572,-0.6630884408950806,0.3797591626644134,0.0846238806843757,-0.1318268775939941,-0.0738795399665832,0.4522085189819336,-0.0492566935718059,-0.4892923533916473,-0.2397583127021789,0.4089611172676086,-0.3739085793495178,-0.0003141923516523,-0.2210182696580886,0.1859475374221801,-0.6739915609359741,0.1745838820934295,0.220360517501831,0.3807322680950165,-0.0570086054503917,-0.1237288936972618,-0.4595778286457062,-1.1483312845230105,-0.1460831612348556,0.7014099359512329,0.83683842420578,0.0783072561025619,0.3080491125583648,0.0015377762028947,0.5985416173934937,0.5874409079551697,0.1812830716371536,0.190099686384201,0.0373004861176013,-0.1218758150935173,0.1014582216739654,0.5281689167022705,-0.4943133592605591,0.1747933626174926,-0.2836597561836242,0.0985108017921447,0.2787056565284729,-0.1977821886539459,0.2921814322471618,0.4311996400356293,-0.2281941324472427,-0.3467642962932586,0.7514057159423828,-0.8000134825706482,-0.3450879454612732,-0.009347915649414,0.2900696396827698,-0.9353619813919068,0.6392756700515747,-0.2492270022630691,0.1082829087972641,-0.4890226125717163,0.0359387397766113,0.1801340728998184,-0.3585279583930969,0.1104844063520431,-0.6221851706504822,0.1228515431284904,0.2161178290843963,-0.0165604911744594,-0.5918678045272827,-0.6227045655250549,0.0214903783053159,-0.5298854112625122,-0.3639200329780578,0.7639522552490234,-0.5795010924339294,0.7762306332588196,0.3476709425449371,0.4019074738025665,-0.4657380878925323,-0.1669498533010482,-0.2760277986526489,0.1193528324365615,-0.9021141529083252,-0.1912649720907211,-0.5950599312782288,-0.1172133013606071,0.1430878639221191,0.1233772411942482,-0.7688897848129272,-0.7354635000228882,-0.1789389699697494,0.2603660523891449,-0.0042166076600551,-0.3103835880756378,0.1659796237945556,-0.3101548552513122,0.0252922773361206,-0.1007624864578247,0.2142903953790664,-0.6002864241600037,0.0724116042256355,-0.8211646676063538,0.1793502122163772,-0.5730201601982117,0.2574987113475799,0.3910787403583526,-0.0462004169821739,-0.0876006931066513,-0.0975300371646881,-0.1016468480229377,0.3967403769493103,0.5249233841896057,-0.4801513254642486,-0.7723743319511414,-0.055671326816082,0.0136875221505761,-0.0571516752243042,0.3413433134555816,0.2657767832279205,0.0421169660985469,0.1710550040006637,0.6340242028236389,0.2799536287784576,0.4707091450691223,-0.4334757030010223,-0.0673077553510665,-0.7172948718070984,-0.4154280424118042,-0.4803426265716553,0.9947332739830016,-0.2261528223752975,0.2403616905212402,1.3021985292434692,-0.2751008570194244,0.0932967960834503,0.7321251034736633,0.0016831944230943,-1.4337382316589355,0.1742880642414093,0.3827532529830932,0.4132084548473358,0.0696791559457779,0.3024963438510895,0.2778406143188476,0.4463664591312408,-0.1168526858091354,-0.2425277829170227,0.3244265615940094,0.5899599194526672,0.0496654845774173,-0.617261528968811,0.8245378732681274,0.2255584001541137,0.2680265307426452,-0.7746888399124146,-0.2026408314704895,0.5430367588996887,-0.0010325968032702,-0.1048668175935745,0.4138762652873993,-0.2566787004470825,-0.103787787258625,0.1203577071428299,0.3506484925746918,0.0290042459964752,-0.7879344820976257,-0.0909556150436401,0.1300715804100036,0.8856472373008728,0.8778288960456848,0.6831426620483398,0.2792248725891113,0.0440075062215328,0.1303082406520843,0.5566778182983398,0.2512948215007782,-0.1223691180348396,0.0570113584399223,-0.4873378574848175,0.1637439429759979,0.0484549850225448,0.1156986951828002,-0.5891779661178589,0.4568356275558471,0.6302958130836487,0.0585559792816638,0.824226975440979,0.304629772901535,0.4024071097373962,0.0829458087682724,0.2384218275547027,0.6345834732055664,0.1956893354654312,-0.3380899727344513,-0.5317067503929138,0.2160411775112152,0.0493471249938011,-0.221853882074356,-0.02583465911448,0.5467850565910339,0.2580340802669525,-0.4190973341464996,0.1458680480718612,0.3836770057678222,-0.0616870708763599,-0.2065752744674682,-0.5558835864067078,-0.4770741462707519,-0.6676740050315857,-0.2172219902276992,-0.753665030002594,0.146900326013565,0.100456528365612,0.4139447808265686,0.0750255212187767,-0.5526785254478455,-0.1661145240068435,-0.3633378148078918,-0.4284783601760864,-0.0671730786561966,0.0191703774034976,-0.2370837777853012,-0.0520790964365005,-0.2882414162158966,-0.4228926301002502,-0.3670439422130584,-0.2755053639411926,-0.3149448931217193,0.4823648631572723,0.1293221712112426,0.5752208828926086,-0.1062190011143684,-0.0015399476978927,-0.2033703178167343,-0.0299327652901411,-0.4370419681072235,-0.1116801798343658,-0.971891462802887,0.686314582824707,-0.0880109816789627,-0.1899833083152771,0.1447987705469131,0.5745759606361389,0.6484565138816833,0.2478493899106979,-0.059849202632904,-0.2137864828109741,0.0503655113279819,-0.5760780572891235,0.5633659958839417,-0.1351030617952346,0.6263390183448792,-0.2805357575416565,0.755492091178894,0.3448373973369598,-0.170314535498619,-0.1546093225479126,0.1700873970985412,0.5626100301742554,0.159848153591156,0.0025721793062984,0.3212217688560486,0.8514876365661621,-0.2384626716375351,0.3629963397979736,-0.2154732197523117,0.5963175892829895,0.5760573148727417,-0.2388592660427093,0.2666859626770019,-0.4242483675479889,0.2194554805755615,0.3001822531223297,0.5287933945655823,0.1616058498620987,0.4735806286334991,0.451240062713623,0.2986082136631012,0.5375964045524597,0.315589427947998,0.0714832171797752,-0.0380567088723182,-0.0804987475275993,-0.941788375377655,-0.0109886368736624,-0.1580452769994735,0.0599218979477882,0.374786913394928,-0.5962842106819153,-0.0410428903996944,-0.0652371048927307,-0.7644864320755005,-0.7148693799972534,-0.7939397692680359,-0.1061565801501274,-0.2387058287858963,0.0846536979079246,0.6289856433868408,0.3573974072933197,-0.6010023355484009,0.7245087623596191,-0.2205299735069275,0.7521306276321411,0.7965068817138672,-0.2417720556259155,0.0319433659315109,-0.0606076717376709,0.5573583245277405,0.0681068524718284,-0.2149157524108886,0.3274743854999542,-0.3377166092395782,-0.8510096073150635,-0.2493732422590255,0.6903465390205383,-0.3536029160022735,-0.4530978500843048,0.6913907527923584,-0.2197850495576858,-0.4711142182350158,-0.9469786882400512,-0.1042305007576942,-0.3892042636871338,-0.0367775112390518,-0.9603989124298096,-0.1532881557941436,0.0610974542796611,0.0220168903470039,0.2253399640321731,-0.0660680904984474,-0.117988608777523,0.158000573515892,0.6731314659118652,0.4489672780036926,-0.2163829505443573,0.0028803029563277,-0.1595053076744079,-0.2227129936218261,0.1855341643095016,0.329947829246521,0.4378122091293335,0.048679169267416,-0.0843349769711494,-0.8436931371688843,-0.2033517360687255,-0.8151254653930664,-1.060943365097046,0.0296236779540777,0.0121984211727976,0.6580050587654114,0.0858059749007225,0.0645452514290809,0.081458568572998,0.3754222393035888,0.4356490969657898,-0.0541432574391365,-0.1782771646976471,-1.0699797868728638,0.5052244067192078,-0.329275369644165,-0.4732583463191986,0.7103375196456909,-0.0672724097967147,-0.0404047146439552,0.3415814340114593,0.1774719655513763,-0.0499029532074928,-0.0452777631580829,0.3679766952991485,-0.1262805014848709,-0.1787403225898742,-0.1120196059346199,0.0712124705314636,0.067470796406269,0.1305374056100845,-0.7875770330429077,-0.287869393825531,0.4497101604938507,0.5701536536216736,0.0278291925787925,-0.257629781961441,0.0555600970983505,-0.1156580448150634,-0.3250406086444855,0.0239700376987457,0.2131179720163345,0.3540386855602264,-0.6282370090484619,0.4354308843612671,0.5328080058097839,-0.6255291700363159,0.3726008534431457,0.6569305658340454,0.447987288236618,0.3464375734329223,-0.0826312601566314,0.5278232097625732,-1.231490135192871,0.4108918607234955,0.4572261571884155,0.1051392704248428,0.1898313760757446,0.0374056287109851,0.1297614872455597,-0.4985046684741974,-0.4484615325927734,0.1290663480758667,-0.0684365034103393,0.5380885004997253,0.3252914249897003,0.3040666878223419,0.5544211864471436,0.8911846876144409,-0.1463435441255569,-0.0443869233131408,0.2671656310558319,-0.2792579531669616,1.1192423105239868,-0.2323697656393051,0.2132555097341537,-0.160199224948883,-0.8986796736717224,0.329925924539566,0.3822031319141388,-0.0639000087976455,0.8322954177856445,-0.2789399623870849,-0.1830359846353531,0.6643446087837219,0.3514379560947418,0.4319140315055847,-0.4011268019676208,-0.9307833909988404,-0.1246536746621131,-0.1892444938421249,-0.0544877350330352,0.1913336217403412,0.0124964993447065,0.2765724956989288,0.2173954248428344,0.0075536523945629,0.2295721769332885,0.733206570148468,0.326696902513504,0.0463561899960041,0.255257099866867,0.0263036601245403,-0.5050647854804993,-0.1246143355965614,0.1126625090837478,-0.2684059739112854,-0.5112488269805908,0.3904279768466949,-0.1249579936265945,-0.2794017791748047,0.0773320272564888,-0.305027574300766,0.2228762209415435,0.0762445032596588,-0.3174924552440643,-1.082621932029724,0.0216517392545938,-0.1389867812395095,-0.6159332990646362,-0.1184799522161483,-0.2913204431533813,-0.0232399385422468,-0.3378078043460846,-1.0702210664749146,-0.5516250133514404,0.2236312925815582,-0.4136366248130798,0.2747859060764313,-0.4481717944145202,-1.1580616235733032,0.2553902268409729,0.4109495878219604,-0.0642045140266418,-0.9181769490242004,0.2613958418369293,0.088971771299839,0.3436866700649261,-0.1951122134923935,0.3497662842273712,-0.4540547430515289,0.1738097816705703,-0.2475224286317825,-0.0588273964822292,-0.1013713851571083,-10.15874481201172,0.0772986337542533,-0.3866763412952423,-0.0697727650403976,-0.3086727857589721,0.0560729019343853,0.5754695534706116,0.5313887000083923,-0.1754971593618393,0.1452340632677078,0.1499291509389877,0.1246160045266151,0.1824256926774978,0.2906182706356048,-0.5009133815765381,-0.1276926398277282,-0.6558630466461182,-0.1718283742666244,-0.0053171636536717,0.2111367434263229,0.0747468620538711,0.1512689143419265,0.3463532626628876,0.5563478469848633,0.2827402651309967,-0.4469149112701416,-0.2932372391223907,0.3206714689731598,-0.3959000706672668,0.4110264778137207,-0.5485899448394775,0.1108571588993072,0.0251112282276153,0.4571645259857178,-0.3254336416721344,0.172176718711853,-0.1573193222284317,0.2649368047714233,0.345934122800827,0.1981503814458847,0.2115772813558578,0.1912645548582077,0.2055511623620987,0.0596089661121368,0.144676461815834,0.0531624220311641,0.2105614095926284,0.379570722579956,0.4094756841659546,0.0219456944614648,0.2211800962686538,-0.4739434123039245,0.0143642779439687,-0.3641282021999359,0.5714985132217407,0.2930380702018738,0.5575454831123352,-0.4731172919273376,-0.1425304263830185,0.1286281943321228,-0.2561348974704742,0.146199345588684,0.461464375257492,0.3113602995872497,-0.1503019034862518,0.4367438852787018,0.3194290101528168,0.3930483758449554,-0.1811354905366897,-0.3683565855026245,-0.1541863828897476,0.6007781624794006,-0.046747762709856,0.0733655989170074,-0.3318231999874115,0.2229252904653549,-0.0728904232382774,0.0502280332148075,0.1799504607915878,-0.4044448733329773,0.0383785553276538,-0.4283250868320465,-0.5955882668495178,0.1081421226263046,-0.8514079451560974,-0.0016018233727663,0.0004268751363269,0.2681510746479034,0.0098897572606801,-0.6363226175308228,0.3738816082477569,-0.5472381114959717,-0.0418695993721485,0.4586743712425232,-0.2135823518037796,-0.1286458522081375,0.1427406966686248,0.8457289338111877,0.444111704826355,-0.1456223726272583,-0.80351853,-0.03184307,1.1083235,0.14059554,-1.1909909,-0.56371564,-1.3582712,1.4342225,1.2726021,0.17639534,1.0134313,-0.7632978,-1.5611703,2.1906872,-0.76473635,0.15934448,0.7512305,-1.2630862,0.9364767,-0.14084539,0.47416046,1.0942113,0.43982777,-1.2534842,1.0158098,0.2908661,0.72595733,-0.21513301,-0.4793326,-1.3698407,0.19623107,-0.7826944,-1.4990339,-0.08835828,0.054376334,-0.95367855,-1.5950437,0.87784666,-0.024549134,-0.86982715,-0.9455234,0.5072156,0.22159651,-0.41770497,-0.6349166,-0.19721116,1.381849,-0.72674406,1.4918836,-0.43982857,-1.2651277,-0.99334407,0.61370015,0.879385,0.51892185,-0.6871645,1.3652896,1.1039647,-0.0035132186,-0.21806759,0.49766842,0.23455265,-0.8263782,-0.5991288,0.03733372,-0.11182739,-0.2557199,0.5290803,-0.04993275,0.06695962,-2.486275,-1.4070745,-0.07291208,1.3251636,-1.6870961,0.8013251,-0.16655234,-0.9369862,0.34577692,-0.32887056,0.2621631,-0.56340367,-0.87244415,1.6981714,-0.7963053,-1.5796602,-0.48408923,-0.5705405,-0.6974992,-0.5440168,-0.58075166,-2.1309867,-1.2786443,-1.5097241,1.5405338,0.33722678,-1.1257831,-1.3307452,-1.1628028,-0.19271834,0.21010196,1.236321,0.25949585,-0.83256626,-0.7034819,-0.43121463,-0.43613562,-0.1632304,-0.31449386,0.7374222,0.14256765,0.1338114,0.8052675,1.2985924,0.8339899,0.6978089,-1.6948928,-0.82208866,-0.4406796,0.76823455,1.4725198,0.3722872,-0.05749686,0.7070156,-0.2925896,0.6989644,0.3524237,-1.2766585,0.08195843,0.5277301,0.8470762,-0.18897966,2.510919,0.91476566,-0.73639923,-0.9605131,0.28193364,0.2887729,0.85168743,-1.3651595,-0.46797398,0.78736186,0.08772713,0.1742093,0.6025716,-0.62775207,-0.23767962,0.94830227,1.7255331,0.43490288,-0.19890155,-0.2899164,-1.258354,0.3034771,1.076078,-0.15992364,0.013847639,0.6064629,-1.2518456,0.88122016,-0.687762,1.4055351,-1.0566523,1.0322827,-0.14252059,0.49643856,-0.54682475,0.87668294,-0.64632905,-2.157173,-0.4514836,-0.2687717,0.4734685,-0.25240242,0.38650626,-0.10059753,0.017555233,0.24125163,-1.3085046,-0.34765112,1.5053926,0.85801935,0.39169645,0.96953773,-0.09589856,0.43064773,0.44259903,0.19596034,0.8059151,0.47263253,1.5355989,-0.95106477,1.0804288,0.94790334,0.638015,2.6961856,0.56262034,-1.3775059,-1.7109193,1.1110038,-2.459452,-1.0244308,1.017553,-1.858338,0.68758005,-1.6037643,-0.52011853,1.6073843,0.7082411,-0.4097705,-1.1022803,-1.6398492,1.1679717,1.1946427,-0.45197117,-0.3135934,-1.0025449,-0.111157864,-0.71303874,-0.69440293,1.3985147,0.90912545,0.10494676,0.7475698,-0.73874813,0.92266434,0.10720645,-0.00076457195,0.114392996,0.94808334,-0.666806,0.85972345,0.33564135,0.16693324,-0.37047446,1.0701623,-0.53412527,0.5238547,-0.35954767,1.0876777,0.95959324,-0.07534623,0.24351989,0.013587177,0.5243453,0.63849807,1.1382872,-0.19288813,-1.759764,-0.5854529,0.038494714,1.2922778,-0.11092092,0.78590846,0.19526397,1.8201599,-0.5729704,0.20805828,-0.6095994,-0.87282044,-0.14562339,0.7886672,0.66154206,-0.046740614,0.4058446,-0.80975413,-0.6827866,0.37477323,0.076302536,-0.53786445,-1.0573379,-1.1153181,-0.2245044,0.33099547,0.95377296,0.22006837,-0.28811896,-0.9945552,-0.8149226,0.88137746,0.71372527,-1.8103032,0.16299492,-0.25704938,-1.3337436,0.10367908,0.2962515,0.1679129,-0.07984188,0.31821027,-1.1729832,0.84870154,0.24476562,0.5064019,1.9885951,0.0270617,0.47204554,-0.7187197,-0.2564454,-0.34978545,0.35872987,0.40083417,-1.6596775,0.6888143,-0.53500545,-0.5462107,1.4838145,-1.0585108,-0.42170253,-0.9899694,-0.24297486,-0.3695895,-1.1317247,1.6787921,-1.8835866,1.873524,-2.1006305,-0.48653445,-1.4897057,-0.6498052,-0.9454054,-0.09398957,0.48298284,0.103796095,1.242651,-0.0058865035,0.5839766,0.023005988,-0.10777586,1.6005408,-0.11363701,0.17568761,-0.6045296,-1.5642624,-0.5851064,0.8293744,-1.585871,-1.0800663,-0.8948453,-0.36359996,-0.37312558,0.09674447,-1.1030103,1.1140199,-0.017766548,0.9189554,-0.80061823,-0.8514068,-0.11722615,-0.8289261,1.5758615,-0.6857602,1.4779252,-1.1558609,-0.6429853,0.2762807,-1.0506011,0.4637963,-0.16895297,2.354416,0.16310357,0.76001096,0.33146155,0.28056824,-0.16899687,-0.811739,1.4360535,0.7075627,1.9289975,-0.4522622,-0.14530635,1.0485159,0.001229038,0.78919053,-0.21253112,-0.29121828,1.4571192,-0.1630488,-0.6682311,0.2251783,-0.27582586,-0.33640516,-0.03110969,0.7586923,0.589644,0.07707619,0.46486962,0.32776105,-0.14699489,-1.3872644,-0.279512,1.0866805,1.1631554,1.1560743,1.2538116,-0.5263678,-0.5144415,-1.8789092,0.6198621,1.3772657,0.7013851,0.056922037,-2.109977,0.5268842,0.27554402,1.0339426,-1.8286376,-1.4068793,1.3820797,0.50735974,0.25325546,1.3755082,-0.35171568,-1.6452699,-0.78673255,-0.360464,-0.7154181,-1.4217551,-1.0808547,0.17566313,0.06007002,1.0125246,0.87791705,0.87195927,-0.1430412,-1.1796901,0.084328614,0.46439388,-0.91656154,-0.29506445,-0.27849683,0.65262103,-1.1765771,-0.65101504,0.8523277,-2.040574,1.0646889,-0.21693377,0.21379815,-0.36537564,0.5903289,-0.8203377,-0.0044054952,0.090427674,-1.0459739,-0.24207348,0.5801185,-1.4179902,-1.2652596,0.8963176,1.0115902,-0.77384293,0.78379536,0.32396844,0.123987,0.8171969,-0.120943904,-0.70695746,-0.22229798,-0.6301534,-0.13979639,-0.0033594237,-1.6049209,-0.095001474,0.98385787,-1.0550249,-1.3271549,0.9624336,0.36225942,-1.5738164,-0.8354111,-0.06867126,0.076827906,0.6626108,1.0914799,-0.5986575,-0.4959863,-1.4706064,0.123531066,-0.301031,-0.25254142,0.050420944,0.38906226,0.49988788,-0.5324339,0.57791126,1.9415414,-0.14437623,2.1582096,1.3911818,0.0850555,0.046190843,0.7002296,-0.3451092,-0.4068257,0.6215542,-0.7520754,-0.971182,1.1088207,0.36133525,-1.1518048,0.10169945,0.9551084,-0.3961333,-0.6489742,-0.1042219,0.71709317,1.3368425,1.1971371,1.6781272,0.1853218,-0.1656124,-0.64331317,0.5573845,-1.3986691,-0.8503859,-0.3933534,0.5559425,2.1896052,-0.41653436,0.009250062,0.9637643,-0.53654337,-0.9931417,0.23063128,0.3297382,0.019149708,-0.29587904,0.63702494,-1.1190349,-0.11903837,-2.0150194,-0.024820788,0.89910835,1.1678045,-0.17136794,0.028456198,0.6916282,0.5928962,-0.7449269,-0.16710255,0.5880687,1.9988422,0.081452996,-0.82898706,0.8204801,-0.008980234,-1.3195206,0.067660555,-1.2684228,-0.70288724,0.1624387,-0.3834901,-0.5789866,0.06416973,-0.77233195,1.5928702,-0.15782362,-0.25084698,0.99556756,-0.82603085,0.73703045,-0.07892423,-0.83100057,1.7817864,0.61181474,-1.2702714,0.5673702,-1.4905262,1.4983714,-0.12663834,0.7956294,1.657659,0.11824111,-0.2212185,1.0729758,-0.78437173,-0.12970498,-0.9379864,0.502379,-0.28059274,0.35767928,-1.7793257,1.5391027,-1.6191673,-0.91593754,-0.005243394,0.29053813,-0.38711393,0.52712464,-0.38361672,0.38316363,-0.10556331,-0.91993374,0.8786402,1.9239352,-0.14587465,-0.89283943,0.28132594,0.63145673,-0.55546695,-0.16262908,2.6358619,0.2832626,0.38964874,-1.5530747,-0.70176977,0.5544386,-0.13204819,-1.2509297,-0.9294906,-0.20486945,0.10470553,0.23448557,-0.38267013,0.93896836,-0.6172666,0.7292814,0.68277556,-0.7023826,-0.0006704446,0.47924057,-0.5363528,-0.66113037,-1.1021373,0.49683776,0.5545112,-1.0477006,0.5462358,1.0910206,1.4349436,0.64189535,-0.34032026,-1.170159,0.8834731,0.77738506,0.80498844,-1.2726251,-1.1547178,0.535973,1.0259935,-0.3800944,0.34687212,0.5954511,-0.27108288,-1.637672,0.9937228,0.025479151,-0.3454732,1.002641,0.16683011,-0.4729585,0.8248356,0.08610866,-0.04429895,0.41965902,-0.7392039,-0.28343457,-0.25403965,-0.9935402,0.5518316,-0.42117527,0.34865424,-0.5402257,0.581866,-1.7138728,0.65671366,0.25721556,0.4264959,0.9165909,0.537822,-1.719122,-0.64230096,-0.3923983,1.461205,1.0881469,-0.11090991,-0.39496303,-0.36070707,1.3440297,0.6464452,0.08955982,-0.16201231,0.42025816,-0.36759937,-0.3230881,-1.1547941,-0.6462275,0.35359895,-0.0625015,-0.9736556,1.463541,-1.959261,1.0796617,0.042649668,-1.2061194,-0.18734556,0.4049376,-0.27752888,2.3337684,1.1352675,-0.9117753,-0.09095244,0.6464374,0.7901089,-0.7780314,-0.3738664,-1.0378379,0.89626557,1.8534358,0.6487949,-1.000332,-0.09569401,0.13975427,-0.30669948,1.1001031,-0.27106413,-0.8918618,-0.97018844,-0.35377368,-1.0505818,-0.45643553,-0.5538895,0.73627675,-1.4457427,1.1894375,-0.45210817,-1.139369,0.48318303,-0.45608404,-0.0061111352,-0.3666706,0.65733355,-0.17212735,0.59661424,0.6260324,-0.6716527,-0.0893434,-0.9315259,-0.33927828,0.24338494,-0.9368567,0.9530287,0.6101277,0.7531559,1.4731622,0.337251,-1.3515346,0.9455084,0.00424695,0.60953194,-0.39201975,-1.241022,-0.42418906,-0.081215516,0.686836,1.3647668,-1.3495415,-0.6025199,-0.019277804,-0.05335418,-0.34482664,0.23402375,0.17369153,0.32839662,1.975008,1.4581056,0.27231896,-0.8683925,-0.578774,1.0398412,0.4590915,-1.0820729,-0.24853179,-1.4975646,0.9746796,1.2008827,0.210597,0.2977293,-0.6574902,-1.2275125,2.5295105,-0.8427736,0.22498283,1.0607241,-0.81585556,0.5461065,0.3662028,0.6240639,0.09919351,0.80968654,-0.746812,0.91649437,0.6791252,0.78050834,-0.3565375,-0.24421637,-0.7890185,0.42813,-0.48797646,-1.2485836,-0.56954557,0.33227015,-0.9944425,-1.9016746,1.1784741,0.10304667,-0.597436,-0.7268628,0.960476,-0.116464004,-0.4841773,-0.39356104,-0.29042372,1.2840389,-0.3829557,1.0791047,-0.42113075,-1.1405226,-0.36594233,0.8531194,0.808351,0.5826832,-0.663787,1.12208,0.9315769,0.23732956,-0.61432487,0.26488668,0.74632776,-0.6491156,-0.5581993,0.3687102,0.74225813,-0.40718406,0.023135526,-0.16529714,-0.22933424,-2.3143399,-1.5709474,-0.115069725,1.6323109,-1.7706634,0.5113289,-0.13344118,-1.4992878,0.33921793,0.10643615,0.21204115,-0.09728958,-1.0906037,1.6201422,-0.7848111,-1.181771,-0.40963006,-0.55097806,-1.3641037,-0.22239855,-0.99989086,-2.0494962,-1.4207925,-1.393555,1.6998318,0.5035324,-1.1189766,-0.84995085,-1.1966606,-0.3241186,-0.0566268,1.0930021,0.78661984,-0.87293607,-1.0723153,-0.59064424,-0.8250842,-0.36735836,-0.62995595,0.30818143,-0.27494317,0.66279876,0.72704214,1.4051778,0.8604716,0.558435,-1.503317,-0.5662057,-0.19392546,0.31208357,1.5843227,0.18027575,-0.8453423,0.7292419,-0.19844396,1.0599291,0.09558708,-0.61559045,0.35940412,0.16309051,0.7517103,-0.11927347,2.3871005,1.0518271,-1.0353171,-0.5478955,0.08636834,0.29730436,0.6558832,-0.996121,-0.24923488,0.42819783,-0.22736742,-0.48909312,0.44576147,-0.9432459,0.16204502,0.670881,1.3615173,0.008119783,-0.40736324,-0.10357212,-1.646745,0.70115674,1.3406192,-0.29255638,-0.38875324,0.4411144,-1.5025727,0.91395766,-0.6911834,1.3910939,-0.39179817,0.6754497,-0.09149741,0.7727914,-0.81608236,0.72800654,-1.1135519,-2.2381682,-0.6868981,-0.23041323,0.7381655,-0.19757965,0.33588174,0.06964368,0.23337665,0.32465568,-0.8988029,-0.36254764,1.2119846,0.94216126,-0.11593388,1.119586,-0.4130514,0.7171065,0.99245495,0.9051701,0.5029135,0.24620722,1.6887081,-1.0190254,1.2651899,0.99430233,0.83569145,2.562428,0.9847976,-1.6233333,-1.2056979,1.2611648,-2.253162,-0.6137367,0.8790345,-1.4195384,0.96869236,-1.1016015,-0.87112826,1.8429506,0.799364,0.14444171,-1.4325289,-1.1579435,0.95232195,0.7823076,-0.10602125,-0.05732873,-1.0940125,0.16919494,-0.3919912,-0.5917741,0.76664597,0.53910595,0.6746198,0.95000744,-0.8919417,0.81632423,0.47887516,0.095148005,0.097200476,0.7376083,-0.85551083,0.7713881,0.6307468,0.0623104,-0.5551217,0.6692253,-0.42092246,0.8110806,-0.20853737,0.9693103,1.0115677,-0.690972,0.026290486,-0.28784388,0.6671609,0.71379757,1.3392565,-0.15139012,-1.7721592,-0.5521188,0.092002645,1.0270641,0.6413708,0.37783834,0.12395545,0.86863667,-0.1448314,0.5188978,-0.23379768,-0.6280125,-0.12232151,0.41268596,0.4709708,0.075026,0.379032,-0.8204166,-0.6622863,0.2686124,0.52107984,-0.7144526,-0.911602,-0.67996216,-0.95082825,0.13563111,0.13018636,-0.015555459,-0.45797655,-1.0295545,-0.42437145,0.53971994,0.7247682,-2.0827856,-0.249505,-0.24407883,-0.6084115,0.3430429,0.28931364,0.21618295,-0.21664958,0.6359793,-1.3212265,0.55368066,0.11717512,1.016514,1.6075764,0.21754803,1.1381861,-0.3986713,-0.067846194,-0.50080144,0.45864016,0.45611697,-1.921753,0.6601825,-1.003375,-0.46889657,1.6109278,-1.0868708,-0.22308056,-0.8518278,0.1992594,-0.5122412,-1.4933412,2.2030694,-2.0387743,1.5424858,-1.633352,-0.41335982,-0.78578275,-0.6934887,-1.2661828,0.06007599,0.25933963,0.15853916,0.3541484,0.41834918,0.010035379,0.1556895,-0.32410455,1.5564765,0.4227055,0.19034846,-1.2975485,-1.5351702,0.25116023,0.97985977,-1.4002472,-0.8985104,-1.061956,-0.25441176,0.17650934,-0.28169617,-0.7168313,1.1257101,-0.30432394,0.45406437,-0.63887846,-0.4959762,-0.036857013,-0.8747672,1.3689883,-0.36748034,1.6411561,-1.1913265,-0.712975,0.47676805,-1.0113628,-0.11199311,-0.40176964,1.8341818,0.79149926,0.85742587,0.19281994,0.71684945,-0.22405995,-0.3740635,1.1632383,0.19031122,2.024692,-0.0661646,-0.27457303,1.8838279,0.2308432,0.77445614,-0.624256,-0.39953953,1.6715256,-0.20848258,-0.6293283,-0.30305687,0.15411139,-0.18811406,-0.12001664,1.0170634,0.07340821,-0.28568208,0.41767716,0.76172286,-0.24959207,-1.4878265,-0.6003956,0.85229874,1.3039864,1.3644702,1.3300513,-0.30143315,-0.5505334,-1.6909926,0.07267942,1.3787448,0.60027355,0.20805158,-1.5148836,0.8948436,0.49681935,0.53577125,-1.4711756,-1.6104126,1.7205249,0.7350771,0.0068423557,1.6538818,-1.036123,-1.7773154,-0.43043825,-0.32645774,-0.20379896,-1.0750726,-0.8311515,0.29829985,0.19754593,1.058702,1.1356037,0.8392294,-0.5470907,-0.7456397,0.44093224,0.007466444,-1.025158,0.18430625,-0.25010082,0.5127005,-1.5352191,-0.61705446,0.6328593,-2.5074794,1.4111844,0.11121751,0.4175911,-0.2812877,-0.21879046,-0.66298866,-0.08577734,-0.04835781,-1.0410734,-0.8246711,0.5725761,-1.5109211,-1.1962017,1.1226285,1.214183,-0.48449644,0.30588624,1.1720476,0.18194303,0.8960732,-0.4135185,-0.6712932,-0.20633316,-0.17313202,0.28134683,-0.57069,-1.5244046,-0.62977105,0.5609047,-1.0556008,-1.563081,0.7276386,0.6486908,-1.2581968,-1.0981444,-0.16502737,-0.704281,0.59664553,1.0822661,-0.03577354,-0.2747486,-1.0090405,-0.493619,-0.02334659,0.034934025,-0.5275664,-0.33387437,-0.01957272,-0.69388235,0.36997923,1.9347239,0.2360213,1.4216179,1.2578981,0.2683397,-0.12789126,0.924287,-0.25851107,-0.03374745,0.96739763,-0.9423508,-0.782051,1.3831946,0.13218008,-0.9394835,-0.26800385,0.78594244,-0.58633596,-0.5878316,-0.18688202,0.40430245,1.6591314,1.4192151,1.398216,-0.20331833,0.14590414,-0.415225,0.35578814,-1.4578427,-0.43331164,-0.46047455,0.28137723,2.1305754,-0.3866944,0.45190212,0.9322687,-1.2630804,-1.377465,0.25220516,0.18453972,-0.038924564,-0.6263123,0.14788146,-1.4632331,0.46477324,-1.8126227,-0.14397383,0.7747172,1.2003577,-0.624762,0.4689784,0.49767542,0.13645682,-0.8978447,-0.28237426,0.7833405,1.7511568,-0.3526716,-0.7760995,0.4833567,-0.17694381,-1.5320603,0.1994026,-1.003561,-0.59423345,0.25298414,-0.43832704,-0.39435998,-0.6588071,-0.6027403,1.0396403,0.1717043,-0.017311586,0.53506017,-0.97664535,1.4410217,0.1699808,-0.74403936,1.4576215,0.59860504,-1.023484,0.44284335,-1.6693594,1.1376048,-0.64867765,1.0874451,0.939425,0.45469692,-0.88741547,1.1120175,-0.23691614,-0.02504309,-0.55564076,0.64802724,-0.21831986,0.330808,-1.645791,1.1380163,-1.6678632,-0.54353803,-0.21916784,0.96413606,-0.7832659,0.46040758,-0.28006783,0.67344046,0.106513895,-1.2057445,0.32303306,1.9624327,-0.5961805,-1.1584017,0.56510603,0.29899573,-0.72742176,-0.14298877,2.420406,0.593625,0.31988785,-1.266097,-0.90676147,0.9144403,-0.19242232,-1.2702268,-0.771371,-0.5084433,0.2337875,0.3649804,-0.31207332,0.9509386,-0.6810958,0.52649134,0.66146857,-0.50831014,-0.43162325,-0.25366467,-0.43125063,-0.9342881,-1.4681149,0.2906049,0.71551424,-0.55506176,0.8026754,0.9826113,1.484935,0.80811876,-0.12601689,-0.62931025,0.70088834,0.5713317,0.93809193,-1.3671873,-1.3611984,0.6291689,0.9855541,-0.5207618,0.5413438,0.20703062,-0.49595806,-1.8231052,1.2592691,-0.07980365,-0.036586728,1.373053,-0.080219015,-0.1338924,0.6821098,-0.040313993,0.43996266,0.016894447,-0.48272628,-0.015699506,-0.06379251,-0.7779218,0.27872276,-0.81036127,0.5213505,-0.26657408,0.41833693,-1.5705545,0.558608,-0.028280292,0.41820914,0.96581405,0.24879467,-1.2838824,-0.7894535,-0.42275247,1.6133327,0.7859191,-0.3982564,-0.6641903,-0.045203347,1.3488148,0.87391883,-0.43687075,-0.01843976,0.1030377,-0.68878603,-0.320971,-0.71750695,-0.4941626,0.05019315,0.098157786,-1.091881,1.0213358,-1.8423222,1.1259066,0.005080027,-1.8685625,-0.038979497,0.21641915,-0.80947864,2.184283,1.0777014,0.029664602,-0.27605268,1.0034896,0.73765725,-0.81293184,-0.7613533,-1.0151229,0.8637943,1.3687428,0.80673844,-1.1540457,-0.108044855,0.5775655,-0.3137744,1.1724741,-0.03646484,-0.40789035,-0.90181273,-0.1742666,-0.8559236,-0.29788312,-0.20395899,0.25306585,-0.91268235,0.8053945,-0.5250445,-1.3196665,0.8623519,-0.6971923,0.035867475,-0.07704761,0.6859816,0.6748844,0.7654781,0.55636346,-0.61304796,0.38625988,-1.120126,-0.57072157,0.52604467,-0.92137253,0.69355804,0.4965873,0.9255057,1.3941666,0.4609628,-1.4375494,0.36980444,-0.0903048,0.6263183,-0.44030884,-0.827769,-0.60909986,0.22204052,0.42666197,0.70436496,-1.4533659,-0.47157618,-0.22872026,0.5982871,0.08418649,0.6039143,0.24153359,0.4677093,2.0571148,0.89324313,0.15142396,0.0
コ,-0.0340031236410141,0.8183595538139343,0.2433686256408691,-0.5561447143554688,0.2802871465682983,0.6069374680519104,0.6057878136634827,-0.6498515009880066,-0.5274603366851807,-0.087485633790493,0.5277066826820374,-0.1518214493989944,-0.3976146578788757,0.0472632050514221,0.2966916859149933,-0.4141279458999634,0.2939834594726562,-0.0302294623106718,0.0346110872924327,-0.2148605436086654,-0.4736972749233246,-0.9393248558044434,0.1819484978914261,-0.0629787817597389,0.1376109272241592,-0.5495492219924927,0.0773554146289825,0.3990333676338196,0.2394121438264846,-0.1204172298312187,-0.0343516841530799,-0.6025769710540771,-0.1766440719366073,-0.5221533179283142,-0.0869409441947937,-0.2001602947711944,-0.1847722381353378,0.1021099090576171,-0.2839568257331848,-0.4356396198272705,0.0691074132919311,-0.1340977698564529,-0.4789541661739349,-0.0677442923188209,-0.0704328864812851,0.5955693125724792,-0.1120096072554588,0.5034266710281372,0.4221847057342529,0.2600983679294586,-0.282476395368576,0.2817046046257019,0.487569510936737,0.3008280992507934,0.0540202818810939,-0.1705782115459442,-0.0220259428024292,-0.1351057589054107,-0.2677259445190429,0.0610149316489696,-0.6938619613647461,-0.1240047886967659,-0.0449293702840805,0.2433164864778518,-0.3293831646442413,0.2824154198169708,-0.2802900969982147,-0.050543013960123,-0.0480194613337516,-0.6974805593490601,0.3621856570243835,-0.186056300997734,-0.3159201443195343,0.0936432480812072,1.1232609748840332,-0.3044705390930176,0.3986206948757171,-0.6243464946746826,0.4297222197055816,-0.0946053937077522,-0.4320188760757446,0.4253063797950744,-0.2564952373504638,-0.5731629729270935,-0.1995331346988678,0.5594104528427124,-0.8605560064315796,-0.8517721891403198,0.7521985173225403,0.0316954106092453,0.1146657839417457,0.1722393482923507,0.2203297615051269,0.3439126908779144,0.1820033937692642,-0.3973152339458465,0.2981396913528442,0.0717239156365394,-0.0453803241252899,0.6213529109954834,-0.547691822052002,-0.3270001113414764,0.1197584271430969,0.1090586930513382,0.2521000504493713,0.060041069984436,-0.5943869352340698,0.5301752686500549,0.1436663419008255,0.356762558221817,-0.1056319326162338,-0.5691098570823669,-0.5391380190849304,0.1870022118091583,0.2958047986030578,-0.1872135549783706,0.0966304689645767,0.3558715283870697,0.1035567373037338,0.6967304348945618,-0.1131389886140823,0.5107061862945557,-0.0445971302688121,-0.2875761985778808,-0.1721107810735702,-0.1586776822805404,0.6383427977561951,-0.5430346727371216,-0.2401546984910965,-0.6306242942810059,-0.1484814137220382,0.3846207559108734,-0.8772335052490234,0.1549317687749862,-0.3266439139842987,0.6349375247955322,-0.2287134975194931,0.5758288502693176,-0.507465660572052,-0.6152151823043823,-0.1733145117759704,0.1262280941009521,0.7106241583824158,-0.8495229482650757,0.0233728121966123,0.1522354930639267,0.0007958691567182,-0.1546593308448791,0.7762715220451355,0.4533135890960693,-0.0208476968109607,0.6053337454795837,-0.7553942203521729,0.1840923428535461,-0.1235842183232307,-0.0977719277143478,-0.4354102313518524,0.6226243376731873,0.0795721709728241,0.9358035922050476,0.179002583026886,-0.3639645874500274,0.2905438840389251,0.8882123231887817,0.1021220088005065,0.3869930505752563,0.6231674551963806,0.2506987750530243,0.5901870727539062,0.8353998064994812,-0.0245349071919918,0.6254921555519104,0.3349493741989136,-0.4877169132232666,0.1490896791219711,0.5924546122550964,0.5168889760971069,-0.0316922403872013,0.1873729079961776,-0.3480761051177978,-0.300012856721878,-0.1274639964103698,-0.3677489459514618,-0.5244307518005371,0.5279595851898193,-0.6383877396583557,0.0331762693822383,0.2402998059988021,0.0682033598423004,-0.0742740109562873,-0.1411427557468414,-0.3529611527919769,0.2400992959737777,-0.6403679251670837,-0.444272518157959,0.2436493933200836,-0.4155641198158264,0.1550244241952896,0.2128624022006988,0.2951393127441406,-0.1171310693025589,-0.1791588515043258,-0.4974051117897033,-1.40239155292511,-1.1121594905853271,0.201140746474266,0.2422089576721191,0.0974566042423248,0.1299090832471847,0.1414601802825927,-0.2572685778141022,0.0215118564665317,-0.0061117275618016,-0.0877538472414016,0.3592338562011719,-0.0725206136703491,-0.8138288259506226,-0.0657663121819496,0.4472335278987884,-0.0912438035011291,0.3201605081558227,-0.3822491466999054,0.2720367312431335,0.0585039779543876,-0.4547987580299377,0.3145098686218261,0.2304123640060424,-0.4066919684410095,-0.0803591907024383,0.4826646745204925,-0.2941773235797882,-0.5430424213409424,-0.927678406238556,0.1456206887960434,-0.3890388607978821,0.2608943581581116,-0.3139927685260772,0.3506138324737549,-0.2995033860206604,0.4876782894134521,-0.1009906381368637,-0.5688871145248413,-0.0237294547259807,-0.2468496859073639,-0.016034360975027,0.4771899878978729,0.0960796624422073,-0.2209601998329162,-0.721571147441864,0.1237160265445709,-0.8587709665298462,-0.3702521622180938,0.2084938287734985,-0.125054270029068,0.8561576008796692,0.3545325398445129,0.098218947649002,-0.1303649991750717,-0.0967959985136985,0.035430796444416,-0.485871285200119,-0.5665261745452881,0.0779870674014091,-0.2448350489139557,0.2387376874685287,-0.1702984273433685,-0.0843780785799026,-0.7326935529708862,-0.7162457704544067,-0.3566745221614837,-0.0507580563426017,-0.1114444211125373,-0.3715841174125671,-0.3268958330154419,-0.395800918340683,0.3832271993160248,-0.1375539153814315,0.6400394439697266,-0.3324882686138153,0.4136174321174621,0.0378613770008087,0.5311905741691589,-1.2227998971939087,0.2423387318849563,0.2643733024597168,-0.090776652097702,-0.2555358707904815,-1.0790878534317017,-0.3856020867824554,0.4622474610805511,0.1391490399837494,-0.3347684144973755,-0.1343449801206588,-0.0755908712744712,-0.3671323657035827,-0.1547251641750335,-0.1537169814109802,0.1455210745334625,-0.0318582169711589,0.4836118817329407,0.2976148128509521,0.1736702173948288,0.2587470710277557,-0.4899360239505768,-0.5400435328483582,0.0129702212288975,0.132869467139244,-0.1389400362968444,0.6009823679924011,0.0774345844984054,-0.0049581113271415,1.1982955932617188,-0.753678023815155,-0.1699552088975906,1.047492265701294,0.021575316786766,-1.3781263828277588,0.2430467307567596,0.5067936778068542,0.1910175383090973,-0.1753830164670944,0.8416633009910583,0.1722878515720367,0.2553046941757202,-0.4198486804962158,-0.4210230112075805,1.1585345268249512,0.2639740407466888,-0.5317935943603516,-0.2449529320001602,0.7173960208892822,-0.1825700849294662,0.460462361574173,-0.2998168766498565,-0.4181250631809234,0.3802643716335296,-0.3565736413002014,-0.097490444779396,0.0203913953155279,-0.3031749427318573,-0.7905824184417725,0.4337897896766662,-0.1926117241382599,0.5280560255050659,-0.7425007224082947,-0.2979576289653778,0.4027956426143646,1.205311298370361,0.6395196318626404,0.6795264482498169,-0.2822528779506683,0.0215375516563653,0.7731603980064392,0.0630646646022796,0.4176326096057892,0.1847046464681625,0.1459806710481643,-0.4251129627227783,0.9144890308380128,-0.1272546201944351,-0.4637171030044555,0.3191159069538116,0.5118274092674255,0.6511702537536621,0.0109212165698409,-0.2184841930866241,0.4718876779079437,0.0835557430982589,0.7722237706184387,0.9567552208900452,0.6269862651824951,0.0676405504345893,0.2783718705177307,-0.2525599300861358,0.7704999446868896,-0.5130504965782166,0.0404873602092266,0.1691445857286453,-0.0506784245371818,-0.4096050262451172,-0.7896668910980225,-0.0951197668910026,-0.190251737833023,-0.4232967793941498,-0.4163311719894409,-0.904510736465454,-0.8187723755836487,0.2476653605699539,0.4802009463310241,-0.7863510847091675,0.1253589242696762,0.2823011577129364,0.3999513387680053,-0.5533230900764465,-0.2056994438171386,0.2420236021280288,-0.4316062927246094,0.1183766797184944,0.1866742670536041,0.4331836402416229,-0.4527700841426849,0.0833026096224784,-0.4700226187705993,-0.2195780426263809,-0.930724024772644,-0.6145902276039124,-0.48273366689682,0.0883011817932128,0.2604240775108337,0.4405651688575744,0.1609053760766983,0.4128524363040924,-0.2534724175930023,0.0670503824949264,-0.1848768293857574,-0.4453849494457245,-0.1389960646629333,0.467279851436615,0.2476060837507248,0.631031334400177,0.1701588481664657,0.5189031958580017,0.0359810627996921,0.0001593940833117,0.0637744069099426,-0.0433488115668296,-0.3509524762630462,-0.3590390086174011,0.6874834299087524,-0.1527695059776306,-0.1093897968530654,-0.032236274331808,-0.0438390485942363,0.7215205430984497,-0.0634018927812576,-1.1009061336517334,-0.1578927338123321,0.3412964046001434,0.086253210902214,0.3658733069896698,0.3955022394657135,1.095646858215332,-0.2067486047744751,0.2040024846792221,0.5863773226737976,-0.0785374492406845,0.7585672736167908,-0.0316875278949737,-0.2848192453384399,-0.3171622157096863,0.1475665122270584,0.6658414602279663,0.0679170861840248,-0.1075601354241371,0.2487683594226837,0.4160451889038086,-0.2993917167186737,-0.1975582689046859,0.3300756514072418,-0.0990340039134025,-0.6717370748519897,-0.3461562693119049,-0.5350250005722046,-0.6363522410392761,-0.1347622871398925,0.3775000274181366,0.2809948623180389,-0.0043147327378392,0.4331027269363403,-0.6108114719390869,-0.6757115721702576,-0.4988411366939544,-0.949790060520172,0.3834239244461059,-0.204540878534317,0.566437304019928,0.56732177734375,0.051968615502119,-0.5260674357414246,0.2733159363269806,-0.1199569478631019,0.437942624092102,0.8928155899047852,-0.3022160828113556,-0.1618416905403137,0.4910007119178772,-0.1365165412425995,0.6803961396217346,-0.2313521206378936,0.173795685172081,-0.3022543787956238,-0.0317599214613437,-0.0861420556902885,0.1398086249828338,0.0332722030580043,-0.5364129543304443,0.8430767059326172,0.1158542856574058,-0.3748884499073028,-0.4092483222484588,-0.6426430344581604,-0.1108079925179481,0.4495895206928253,-0.7456057667732239,0.0217578317970037,-0.6096863150596619,0.1936643421649933,0.6532236933708191,0.8423157334327698,-0.693938136100769,0.4560171663761139,0.1893327087163925,0.0764791220426559,-0.1876739710569381,0.2293040305376052,-0.3870456516742706,-0.3213069140911102,0.0400711372494697,0.5270309448242188,0.1770189553499221,0.6846286058425903,-0.5615328550338745,-0.8350558280944824,-0.0550360083580017,-0.2283198535442352,-0.6278354525566101,0.3529067635536194,0.0703449323773384,0.2998480200767517,-0.5315501093864441,0.21905018389225,-0.7149791717529297,0.5290278196334839,0.3577248752117157,0.1506180614233017,0.0988623574376106,-0.747942328453064,-0.1628214567899704,-0.4417280256748199,-0.9568366408348083,0.463358998298645,0.4129658639431,-0.8096800446510315,0.0292298663407564,0.4387030601501465,0.5181941986083984,-0.6921684741973877,-0.5763434171676636,-0.3937412798404693,0.0918499454855918,0.4852310121059418,0.2012185007333755,-0.0292095225304365,0.0014059082604944,-0.3015966713428497,0.1659068763256073,0.5815778374671936,0.6984782814979553,0.6661532521247864,0.093969352543354,-0.0294664017856121,0.1551216542720794,-0.7050092220306396,0.0515378005802631,-0.2038450837135315,-0.1349681764841079,-0.0561633892357349,0.9253513216972352,0.5316236019134521,-0.4030947983264923,-0.1510088890790939,0.9344865679740906,0.4135709404945373,0.8285344243049622,-0.4161840379238128,-0.179562360048294,-0.4568018615245819,0.4439434111118316,0.1185143068432807,-0.2827330231666565,-0.0111502949148416,-0.1118798106908798,-0.3399610817432403,-0.2813072800636291,-0.3189838528633117,0.275723248720169,0.0629651471972465,0.2881417572498321,0.1762231439352035,-0.262073814868927,0.4365310370922088,-0.249325543642044,-0.4775751829147339,-0.189346969127655,0.4378216862678528,0.1738985180854797,0.7869111895561218,0.2153527587652206,0.2706262767314911,-0.3228563368320465,-0.9982818961143494,-0.3618471026420593,0.3107124865055084,0.3703764379024505,0.7742481827735901,-0.7681684494018555,-0.5580154061317444,0.1159905046224594,0.2893818616867065,-0.0541180036962032,0.0931880623102188,-0.9020599722862244,-0.3801321387290954,0.1893595606088638,-0.6947675943374634,0.3493660092353821,0.2778467833995819,0.1849676221609115,-0.2186990082263946,-0.4491661489009857,0.0659638345241546,0.5699921250343323,-0.1784543246030807,-0.5488167405128479,0.3589185774326324,-0.0475102439522743,-0.0517831854522228,0.153852641582489,0.1201682537794113,-0.0557288192212581,-0.0342426635324955,0.1678056418895721,-0.4462345242500305,0.0553899183869361,-0.2601107358932495,0.395022451877594,0.0024176747538149,0.2881033718585968,-0.1590177863836288,-1.040870189666748,0.0851010456681251,-0.0117336260154843,-0.4974397718906402,-0.3010345697402954,-0.2175718694925308,-0.3181649446487427,-0.0154365450143814,-0.1197224855422973,-0.2467281967401504,0.3238625824451446,-0.317559152841568,0.5852050185203552,-0.12265095859766,-0.6328884363174438,0.3056196570396423,0.3998624980449676,-0.3827398121356964,-0.8353005051612854,0.3577028810977936,0.4121659100055694,0.4390000700950622,-0.0357071831822395,0.0517107285559177,0.1340836137533188,0.3389334678649902,0.4900949597358703,-0.6081032156944275,0.5324382781982422,-9.796019554138184,-0.3710661232471466,-0.6012843251228333,-0.3195273876190185,-0.3207091391086578,-0.058256696909666,1.07630455493927,0.0674293786287307,-0.1247841790318489,-0.1629563421010971,-0.0872951075434684,-0.0150995729491114,0.490367978811264,0.8817635178565979,-0.6942055225372314,-0.5374621152877808,-0.071591280400753,-0.3044888377189636,-0.4261961579322815,-0.1006945148110389,0.0400756448507308,-0.2514041364192962,1.0619125366210938,-0.0617653802037239,-0.338840126991272,-0.3505962789058685,0.1020156890153884,-0.0128545742481946,-0.2467370778322219,0.8902862668037415,-0.7341428995132446,1.4908009767532349,0.1811008304357528,-0.095840536057949,-0.2637326717376709,0.078388825058937,-0.0842657387256622,0.383993536233902,-0.6185378432273865,0.5441694855690002,0.1768823564052581,1.0294491052627563,-0.2234426140785217,-0.123551994562149,0.535986065864563,-0.0185154695063829,0.4372779726982116,0.1871225237846374,0.2563006579875946,-0.169576495885849,-0.1905618011951446,-0.4083457291126251,0.147109717130661,-0.1906646192073822,0.1804751604795456,-0.1623864918947219,0.6506508588790894,-0.6856341361999512,0.0207714401185512,0.0801436305046081,0.5251412391662598,-0.1489992588758468,0.5699613690376282,0.6552631258964539,-0.4029736816883087,0.0719710811972618,0.2270816564559936,0.0152651006355881,-0.5923919677734375,-0.2474207729101181,0.2751559019088745,0.0559971444308757,0.0935863703489303,0.3795277774333954,-0.3104695081710815,0.5262947082519531,-0.1554690450429916,-0.3090550303459167,0.7421126365661621,0.3248776197433471,1.0074902772903442,-0.1159013956785202,-0.0603499189019203,0.1926866769790649,-0.8887192606925964,0.4231337010860443,-0.1655093878507614,0.3203942477703094,0.579544723033905,-0.6267620921134949,1.0005608797073364,0.0516397580504417,-0.056191861629486,0.2780204117298126,-0.0257949437946081,-0.1430043429136276,0.6821844577789307,0.556321382522583,0.535772442817688,0.1373044699430465,-0.8152119,-0.55612564,0.9404999,0.9241274,-0.91163623,-0.99282134,-1.0015588,0.9461485,1.2925223,-0.07981684,0.23809905,-0.08819474,-1.744128,2.2382073,-0.85336274,0.34608716,0.6606976,-0.9739536,-0.020830031,-0.048644453,0.3052469,0.41053644,0.92418414,-0.91405153,0.737783,0.52032876,0.5865652,-0.4138607,-0.16477573,-1.1883991,0.38235086,-0.85359925,-0.8876978,-0.05770015,0.11861517,-1.0017315,-1.12504,1.6364172,0.1581862,-0.9584487,-1.0168784,0.6832209,-0.11156229,0.075921446,-0.71010363,-0.08173175,1.7994245,-0.400667,0.73394096,-0.4239374,-0.9938,-0.729379,0.431105,0.6054955,0.68859637,-0.3934193,1.6850722,0.66306615,-0.13686924,-0.30004287,0.4303642,0.8021409,-1.1385335,-0.33802766,0.38151395,0.7431488,-0.36152858,-0.21901198,-0.27113745,-0.24719334,-2.5369573,-1.099234,-0.12756965,1.4814433,-1.3962629,0.74685955,0.03389315,-0.4839136,0.19883035,0.0012326293,-0.07714957,0.081206545,-0.81420195,1.5966649,-0.6379801,-1.0244082,-0.6104666,-0.3914019,-1.0485221,-0.11236608,0.046133604,-1.6361729,-1.4200326,-1.414203,1.1379558,0.06988062,-0.6970073,-1.1638472,-1.2395412,-0.091814734,0.14265609,1.3099799,0.44769508,-0.9227767,-0.8537394,-0.08741256,-0.60556954,-0.34572428,-0.12723562,0.9396664,-0.008213433,0.69018304,0.8049075,1.3892298,0.83089143,0.8903588,-1.2663449,-0.93095607,-0.60995513,0.25561753,1.1216342,0.64542466,-0.6034842,0.7099284,0.24024494,0.7482808,0.030257095,-0.97540677,0.36367634,-0.07334248,0.8207876,-0.027050238,2.02617,0.92000306,-0.70216,-0.59142315,0.30128533,0.56915164,0.3294859,-1.0229249,-0.70895374,0.2925076,-0.36555225,-0.17561126,0.53636706,-1.5570548,-0.012145807,1.0612711,1.1675808,0.28331763,-0.13104525,-0.20821366,-1.4188994,0.47894984,0.75080097,-0.09737337,0.09622373,0.47740668,-1.5354044,1.4015338,-0.10462985,1.2522856,-0.76917374,0.5638562,-0.29557925,0.62782514,-0.6341837,0.6763671,-0.78514993,-2.2517908,-0.28868374,-0.21834895,0.37089172,-0.059770346,0.3581582,-0.28579825,0.42891923,0.21087031,-1.0696777,-0.41751242,1.0811045,1.1293511,0.052054398,0.80407554,-0.384049,0.5815863,0.34777457,0.56299555,0.6198851,0.28107566,1.2207181,-1.023953,0.8694992,1.0386472,0.9462711,2.3823664,0.90191066,-1.6511528,-1.477009,0.89747506,-2.1239717,-0.49017674,0.8471106,-0.7806796,0.8030592,-0.82526493,-0.7102884,1.5309746,0.49983984,-0.21021852,-1.1251988,-1.4224166,0.9040755,1.077277,-0.7185394,-0.22103724,-0.881394,0.22778714,-0.5631408,-0.37380612,0.6119027,0.6445859,0.49185902,1.2148467,-0.8919563,0.7048868,0.57953596,0.16697489,0.11865266,0.7034508,-0.83421385,0.54603946,0.29830128,-0.15222335,-0.27337995,0.6156775,-0.29676393,0.7032871,-0.38916916,0.6705969,0.6727172,-0.5754746,-0.15234873,-0.4843277,0.8817706,0.8161165,1.5618027,0.08985372,-1.4906733,-0.71306235,0.7730533,0.74591374,0.36079758,0.1615332,0.5935458,1.0535004,-0.4464136,0.10781349,-0.6170086,-0.5479622,-0.16300976,0.6005933,0.34672695,0.13400742,0.5078218,-0.7946168,-0.6425211,0.20345566,0.13007735,-0.7152027,-1.1482146,-0.5252961,-0.81914264,-0.25914678,0.476693,0.12412944,-0.61816514,-0.8675097,-1.181847,0.34934312,0.7166356,-1.7364343,-0.20915084,0.16211711,-0.88072634,0.44898695,0.091392115,-0.29255393,0.15402547,0.65076977,-0.9713291,0.5927304,-0.24557164,0.61949193,1.4176161,0.0033418268,0.81764936,-0.67164534,0.25009742,-0.8393132,0.54677916,0.80530757,-1.5947479,0.5210234,-0.7761516,-0.36683142,1.2329699,-1.3853884,-0.49281603,-0.42158324,0.14995751,-0.24816875,-1.3338914,1.8933913,-1.6900942,1.5094452,-1.9096733,-0.598588,-0.5467742,-0.2007544,-1.3076192,0.59000427,0.3323859,0.15108249,0.94207984,0.17864786,0.49823493,0.36594427,0.2294625,1.3214551,-0.2620053,0.6409431,-0.90390193,-1.5946666,0.14647889,0.7920336,-1.1741407,-1.4466347,-1.4294643,-0.27042723,0.1800538,-0.27844915,-0.23749122,0.8440571,-0.32150513,0.5982857,-0.9449892,-0.3789863,-0.092362285,-0.76190895,1.0007831,0.20159611,1.4334263,-0.95081484,-0.76519674,0.8704928,-1.5539905,0.091277145,-0.3451677,2.1498513,0.7913772,0.60423744,0.3400453,0.4038929,-0.45287687,-0.4071969,1.0534388,0.23312302,1.9872996,0.43307972,-0.2878645,1.0808527,0.19381824,0.5172841,-0.6402532,-0.17371932,1.9474036,-0.28824845,-0.51630175,-0.40778106,-0.44739944,-0.14667246,-0.080492854,0.62700737,-0.18407008,0.047937393,0.60900337,0.6522746,-0.85226107,-1.1261944,-0.34627384,0.5004227,0.9596051,1.4315664,1.2541232,-0.32900205,-0.7480031,-1.7142849,0.18070164,1.3555658,0.30420262,0.07389184,-1.9753717,0.33490402,0.008235922,0.3013838,-0.9465439,-1.4820135,1.437421,0.12422226,0.6967784,1.7147474,-0.9022843,-1.6022861,-0.53349715,0.4788649,-0.2485516,-1.1677053,-1.013807,0.4257888,-0.59264743,1.1354902,0.6633107,0.34714127,-0.034630734,-0.5632421,0.49328175,0.37980518,-0.6388146,-0.6115907,0.2064908,0.62808657,-1.0161536,-0.33289054,0.7602788,-2.3203073,0.76733094,-0.4604632,-0.26241997,-0.20488814,-0.07619351,-0.6845453,-0.14095601,-0.017931366,-1.2123855,-0.44920197,0.2066874,-1.0467708,-1.5636517,0.9105867,1.3907281,-0.83083266,0.5729853,0.3548013,0.401328,0.69347775,-0.28968793,-0.25183138,0.43167648,-0.25643867,-0.34647506,0.11804012,-1.1996787,-0.3729648,0.38461047,-0.9574522,-1.3061798,1.1484987,0.8818914,-1.8488595,-0.86594284,-0.00865023,-0.6105134,0.3110993,0.7047351,-0.10561266,-0.07291444,-0.7939579,0.11329068,-0.21739063,0.35379916,-0.25933546,-0.2847665,0.6895371,-0.50440896,0.42088255,1.6140614,0.32316986,1.0972741,0.919724,0.0846764,-0.28605986,0.62356746,-0.2925929,-0.24488166,0.62113255,-1.0821353,-0.74888766,1.4271221,-0.18077816,-1.0397737,-0.14553848,0.38823646,-0.40618363,-0.19153203,-0.07759313,0.7486238,1.3995241,1.0769566,1.4257605,-0.06378355,-0.37018955,-0.6393788,-0.015152043,-1.0489658,-0.67412245,0.1842587,0.656141,1.9941002,-0.8366564,-0.210687,0.9672062,-0.608391,-1.2491066,0.07997654,0.33483058,-0.27150908,-0.4685915,0.5251218,-1.1569788,0.31453997,-1.7857031,-0.2370433,0.5888473,1.070216,-0.87996674,-0.20061691,0.46403304,0.23264344,-1.3298542,0.20219764,1.4718562,1.2520258,-0.37659803,-0.64718497,0.5589144,-0.014020706,-1.381073,-0.11139114,-0.73001915,-0.6683173,-0.06748133,-0.40903807,-0.2816539,-0.9924537,-0.33716622,1.6336877,0.033148218,0.0036317527,0.6692265,-0.56941926,1.4916009,-0.49641833,-0.6593839,1.0088469,0.7872937,-1.6789364,0.19042125,-1.0614109,1.0138199,-0.6707915,0.99432373,1.5352367,0.47053915,-0.25536773,1.2702469,-0.4690198,-0.26283446,-0.45100236,0.4104579,-0.28919822,0.6948236,-1.911197,0.99631435,-1.4920659,-0.9225302,-0.12044082,0.71691644,-0.7537943,0.19785953,-0.2546187,0.8029884,0.25951558,-0.90704024,1.1412117,1.5870947,-0.26074943,-0.6605425,0.5524651,0.17946006,-0.67016876,-0.13881543,2.6951003,0.3918149,1.0519687,-1.3657871,-0.659563,0.88351935,-0.35789728,-0.9458705,-0.4662911,-0.5750683,-0.0069136545,0.3385226,-0.43096644,0.78314096,-0.7361556,0.29815933,0.8285715,-0.910557,0.0699993,0.72900665,-0.5972816,-1.1393402,-1.3094798,0.70153826,0.54401684,-0.7638946,0.6653006,0.7750333,1.5170056,0.821243,-0.25243512,-0.6198309,0.7557874,1.0528893,0.7872133,-0.76486176,-1.1450669,0.5049244,1.1396786,-0.7697794,0.8874157,0.31619993,-0.454701,-1.7573369,0.86229515,0.39470834,-0.020313034,1.0336143,0.20220652,-0.3372199,0.5099296,-0.1606754,0.08348463,0.2048291,-0.6748414,0.19037655,0.071943134,-0.7708821,0.2289041,-0.6447877,-0.21331568,-0.5947697,0.9101037,-1.2629414,0.41810822,-0.08596191,0.71833265,0.545665,0.1698108,-0.88114166,-0.3481626,-0.4510023,1.6295643,1.1919601,-0.41500384,-1.1958973,-0.28062758,1.0847849,0.99295104,-0.12518995,-0.1027063,0.25722605,-0.6209191,-0.17816369,-0.7667973,-0.57764167,0.24870591,0.7831181,-0.6723764,1.1355674,-1.7818257,0.6882182,-0.15832382,-1.5966594,-0.011135239,0.1213267,-0.7483296,1.7095534,1.0637705,-0.22983599,0.007187748,0.95925397,1.0950325,-0.6143295,-0.52212924,-1.2442694,0.89109993,1.4038508,0.5548914,-1.271667,0.45519486,0.24440777,0.10210006,1.6454115,-0.11150403,-0.6792773,-0.9052644,-0.11601895,-1.1017041,-0.24881335,-0.6139574,0.22886968,-1.2449036,0.43757933,-0.69590276,-0.7755504,0.541307,-0.89284074,0.13967158,-0.08553819,0.8536533,0.04526878,0.42542392,0.39308268,-0.577352,-0.025884604,-0.8251759,-0.67340463,0.42448264,-0.7297288,0.48789963,0.47074336,0.9842777,1.7253084,0.55318695,-1.2123023,0.8176595,0.03618278,0.19345433,0.10538981,-0.8866719,-0.39607206,-0.12251668,0.20370486,0.9584588,-1.3998973,-0.38246697,-0.16483371,0.26564854,0.24792142,0.6676514,0.33113188,0.14567532,1.8622305,1.2048451,-0.0055067255,-0.75379646,-0.778788,0.75380623,0.693863,-1.1072522,-0.19707112,-1.1401815,1.3762152,1.1066461,0.14678016,0.7533246,-0.5244541,-1.64551,2.1497624,-0.3590773,0.14102426,0.92636,-1.0002134,0.47980437,-0.71550685,1.0099051,0.5199374,0.5914702,-0.86300313,1.0920312,1.0933073,0.438497,-0.18011296,-0.91342086,-0.4964971,0.5665637,0.018863846,-0.6927827,-0.10299184,0.08343027,-1.909591,-1.1322806,1.0994561,0.064864054,-0.79306525,-0.5171944,0.77789533,0.032954883,0.041279607,-0.5090206,-0.22177441,2.0371597,0.37536317,0.77097756,-0.56756586,-1.2406327,-0.35487023,0.67437863,0.6443477,0.91219854,-0.2538899,1.6895317,0.7259897,0.68087494,-0.6494044,0.2965837,0.55506265,-1.4634798,0.10893917,0.92982197,1.1372936,-0.13394073,-0.68909144,-0.66902983,-0.107525826,-1.9651778,-1.0882728,-0.14924768,0.95136386,-1.1817687,1.0268834,0.16070966,-0.48483086,0.1119905,0.6470926,0.3043007,0.29727602,-1.3438798,1.4451389,-0.74824476,-0.6326963,-0.2832132,-0.42850772,-1.1188744,-0.27322012,-0.26306134,-1.5313199,-1.5256982,-1.5883878,1.0143598,-0.32896274,-0.85672253,-0.81119967,-1.2630674,0.069220275,0.111547686,1.2357696,0.2073102,-0.6903678,-1.3513243,-0.35283387,-0.9132929,-0.4724602,-0.501461,1.5685073,-0.5004147,0.40603733,0.5762345,1.3177849,0.49364066,1.3764158,-1.1442654,-1.1762416,-0.026471222,-0.2467515,1.4649165,0.34725863,-1.0736837,-0.09146486,-0.21262689,0.9534489,0.4693314,-0.92091495,0.69613475,0.15535244,0.8427528,-0.43872637,1.9572865,0.5154016,-0.86000377,-0.6029159,-0.4371345,0.47555012,0.105786346,-1.087455,-0.68219435,-0.76170087,-0.48105446,-0.19776432,0.16765037,-1.1880656,-0.02903241,-0.048650045,1.126263,0.56264544,0.021866119,0.28639865,-1.5830053,0.39036697,0.9957218,0.10319708,0.31430426,0.21290939,-1.3196528,0.7963817,0.29606774,1.281674,-0.5700855,0.49017033,0.3267495,0.31397888,-0.82956284,0.6055492,-0.6546929,-1.8241428,-0.017592197,-0.089813024,-0.034807585,0.067242876,1.1441462,-0.5971645,0.009717619,-0.009117854,-1.0019075,-0.40884128,0.8004503,0.9576292,-0.054581057,1.0299299,-0.43171233,0.5350035,0.8996857,0.5452464,0.5918921,0.026404392,0.87166727,-0.66232336,1.6395782,1.4947609,1.115258,2.8125834,1.207868,-1.6906143,-1.6344773,0.20507857,-2.0656986,-0.87147284,0.35727897,-1.165304,0.9253009,-1.3317362,-1.0693048,1.4950241,0.35564175,0.18409987,-1.389207,-1.3914671,0.61564195,0.9103152,-0.14250441,0.34792727,-0.4921317,0.34885356,0.17670615,-0.65029943,1.0931053,0.65907466,-0.0039362013,1.6876218,-0.82162905,0.345951,0.64189625,0.0120489355,0.39524356,-0.2436655,-1.1373191,0.19607738,0.7780963,-0.31324014,-0.5138284,0.5220763,-0.23401709,0.88443613,-0.17663234,0.7516863,0.73835737,0.07143389,-0.41053396,-0.41717497,0.8012584,0.5535222,2.0329366,0.14512673,-1.4491934,-0.6592417,0.47254115,0.54613775,0.62009335,0.03266678,0.3969311,0.7053016,-0.4785021,0.99140847,-0.107672915,-0.69620657,0.64095455,0.40441146,-0.3846218,0.4605917,0.0866756,-0.3047832,-1.0946305,0.61143285,0.543773,-0.94770813,-1.4610517,-0.8358884,-1.1522572,0.124094605,-0.101933494,0.016014587,-0.98980266,-0.25171095,-1.467877,0.17387024,0.25574133,-1.5822262,-1.1572963,0.205542,-0.83118755,0.4810566,-0.23847303,-0.2006394,0.83839715,0.05964911,-1.6998022,0.8800063,-0.075305395,1.1571846,1.2007247,0.49229354,0.97089463,-0.8309711,0.7501334,-0.27584267,0.7082618,0.9406295,-1.7772655,0.524329,0.06661199,-0.813961,0.47008115,-1.5282552,-0.5876926,-0.13344467,-0.07113658,-0.5780231,-1.3671126,1.901714,-2.0129437,1.4239607,-1.2868564,-0.55335265,-0.4693222,-0.78756344,-1.1643801,1.161689,0.124390975,0.3357831,0.7174498,0.07231346,-0.26525503,0.7093464,0.20100002,1.1484644,-0.8784437,0.19267456,-0.761749,-1.5028132,0.44487756,0.9253643,-1.3676183,-1.4622782,-1.3908492,-0.5543891,0.8729063,0.123951234,0.20120278,1.2377219,-0.35716376,0.29627746,-0.8622726,-0.24658127,-0.056574486,-0.5188426,1.2320517,0.17022535,1.6861048,-0.9036522,-0.61806077,0.4173564,-1.2491633,-0.06749875,-0.70400095,1.6397307,0.5680562,0.014891023,0.521042,0.5906854,-0.4756421,-0.40653858,1.121617,-0.1623057,1.5237643,0.04758535,-0.1945282,1.9967858,0.097075395,0.68116236,-0.5460648,-0.40104517,1.9864514,-0.3767044,-0.09740436,-0.48244196,-0.35646883,-0.28797853,0.574219,0.4278857,0.021712486,-0.2828855,0.80370265,0.5137251,-0.86382353,-1.5216318,-0.35171694,0.46976346,1.012773,1.4511487,1.3707324,-0.075131066,-0.2066586,-1.4711461,-0.22872417,1.0685506,0.26384097,0.9678814,-1.2920418,-0.20208383,0.5295952,0.24126545,-0.3815237,-1.265181,1.439591,0.31891733,0.29637927,1.8902584,-0.9762745,-0.8967719,-0.5331845,0.39931908,0.050541688,-1.07717,-0.63985527,1.3499625,0.015400735,1.1345028,0.4734148,0.22521591,-0.1925791,0.25665537,0.8409479,0.43375668,-0.73791254,0.07894416,0.33100373,0.68834317,-0.9739233,-0.42327785,0.56382334,-2.174581,1.0702311,-0.33604836,0.14015064,0.020567697,-0.14123416,-0.28156847,-0.5127888,-0.4935735,-1.2561846,-1.0189264,0.08790815,-1.0858376,-1.2750891,1.3636302,1.3988187,-1.580335,-0.03973656,0.94711816,0.16793714,0.6828345,-0.18355528,-0.3784005,0.50559604,-0.498902,-0.09547931,-0.009875056,-1.0311463,-0.54063743,0.35095972,-1.2866853,-1.0856116,0.7421632,0.96805364,-2.02092,-0.6792609,-0.04057331,-0.23576912,1.285726,1.1264943,-0.23039642,-0.112902366,-0.36097223,-0.5699421,0.14485468,0.6670468,-0.50570154,-0.18469295,0.23453763,0.060306467,0.38423932,1.7998527,0.19088289,0.8813566,0.91626436,0.5828642,0.010566679,0.31584758,0.33414972,-0.57658494,0.37586537,-1.9625756,-0.5817485,1.7563868,-0.7569045,-0.7274601,-0.055086344,0.8666121,-0.6435654,0.1233958,-0.04176771,0.6136552,1.7498882,1.1562688,1.7132342,0.26585615,-0.35480264,-0.62745583,0.5402778,-1.311105,-0.95276546,0.7232207,0.73628795,1.893432,-0.31999356,-0.014594853,1.129987,-1.0088985,-1.4003887,0.19169454,0.26121822,-0.29444283,-0.028998327,0.2993364,-1.0451685,0.86563826,-1.7060554,-0.16901298,0.3015775,0.9298868,-0.39271307,0.47424212,0.6467845,0.52151096,-0.7741188,0.812438,1.1930764,0.98938644,-0.061376084,-1.152088,0.3567864,-0.35847026,-2.4341989,0.21850152,-0.75079733,-0.7449211,0.57493514,-0.4874217,-0.45904192,-0.52879196,-0.6241662,2.020804,-0.0405586,-0.8337824,0.9732448,-0.9200794,1.043361,0.5478133,-0.17297995,1.1527748,0.69575465,-1.51882,0.18630226,-1.2315754,0.7663432,-0.8651859,0.50729865,1.4061745,0.59419847,-0.69643486,0.80158585,-0.70093036,-0.3524588,0.07780351,0.9133088,-0.38006178,0.4221472,-1.8526976,1.010161,-0.9578611,-0.6133959,-0.63121367,0.26670092,-0.97941476,-0.47482595,-0.46614957,0.40414447,0.32046288,-1.0102316,0.7237154,1.652694,-0.8340049,-0.9950075,-0.20011401,0.45030633,-0.3391467,-0.057753444,2.2248797,0.500006,1.0160656,-1.3585516,-0.848176,0.4377183,0.03446839,-0.9931874,0.12446684,-0.31460065,0.38072532,0.13795125,-0.014124483,1.2475541,-1.0164055,-0.21938801,1.1528137,-0.679378,-0.46210712,0.42995405,-0.10365399,-1.3990492,-1.92225,0.62822664,0.745258,-0.54220045,0.4247675,0.5289008,1.3322275,0.69774276,-0.101000145,-0.43546718,0.8326355,1.0571619,0.37659398,-0.9812915,-1.2746336,0.7478899,1.1638209,-0.9241024,0.24552837,-0.41708088,-0.043828763,-1.583444,1.4546254,0.28316537,0.13815232,1.2248247,0.008246124,-0.15125895,0.44015685,0.11241953,0.007402809,-0.23517652,-0.7922142,0.07360276,-0.22067818,-0.1871002,0.1960031,-0.88936204,-0.03708273,0.21496387,0.7969155,-1.5547204,0.28938356,-0.702302,0.65387076,-0.19858535,0.29286584,-1.2155707,-0.4716599,-0.7085415,0.8991281,0.85351497,-0.28510755,-1.7276665,-0.22866149,1.6012955,0.9777589,-0.9018316,0.44181672,0.7206756,-0.66681254,-0.42939696,-1.0259374,-0.31959105,0.2924616,0.68015414,-0.55975175,1.5266325,-1.8128954,0.6039518,-0.24142317,-1.7793709,-0.60556686,0.40445113,-0.5881655,1.6979774,1.1675081,0.12070348,0.3482376,1.0636731,0.45592403,-0.41679907,-0.6390051,-1.7922182,0.6277486,1.4087989,0.50603694,-1.0854639,-0.040189266,0.60254365,-0.50212526,1.2549756,-0.536234,-1.0696318,-1.0767853,-0.2863184,-0.6237225,-0.037905127,-0.6938671,0.1843541,-1.2792206,0.40139455,-0.32218844,-0.6871942,0.23458633,-0.73184395,0.14583737,-0.41932935,1.1585236,0.42445174,0.24395557,0.15560748,-0.29655823,-0.58090717,-1.1378323,-1.2176371,1.1185576,-0.19870195,-0.12516701,0.69410443,0.59903955,1.7184372,0.34292513,-0.9325892,0.009476853,0.18166576,0.023525964,0.29887265,-0.940252,-0.11574088,-0.2403688,-0.07470937,0.67882025,-1.8905513,-0.6530754,-0.21918435,0.74545187,-0.27210099,0.8271615,0.8094371,0.35243112,1.7611812,0.38317138,0.07870345,1.0
エ,0.0749431177973747,0.5010326504707336,0.3710091114044189,-0.6560860276222229,-0.0393311083316803,0.1110338270664215,0.0859642401337623,0.0129492720589041,0.0309907756745815,-0.211056187748909,0.9358340501785278,0.1515482664108276,0.2768792510032654,-0.5607249140739441,0.5666325688362122,-0.4205234050750732,-0.0514361336827278,-0.409527987241745,0.0087934993207454,-0.2534026503562927,-0.662889838218689,-0.5673192143440247,-0.4004799723625183,0.3462963700294494,0.2720090448856354,-0.3106721639633178,-0.0153719121590256,0.1219049021601677,-0.0711736679077148,-0.1898295879364013,-0.5257799029350281,-0.5601031184196472,-0.0119114443659782,0.3211928606033325,-0.5740010142326355,0.2335926294326782,-0.0217736177146434,0.2182086557149887,0.381268709897995,-0.3959852457046509,0.1372956931591034,0.4798860251903534,-0.0752676799893379,-0.2060661315917968,-0.0997740179300308,0.5041969418525696,0.1902588605880737,0.2213988602161407,0.1714688241481781,0.0679966434836387,-0.4217140674591064,-0.0168467536568641,0.2043122053146362,-0.1903988867998123,0.0538444705307483,0.4335804581642151,0.0571286678314209,-0.5621520280838013,-0.0375801064074039,0.3367684483528137,-0.4257773756980896,-0.3871409296989441,-0.4007278382778168,0.4770677387714386,-0.31719970703125,-0.2118542194366455,-0.2097134888172149,0.0095695564523339,-0.440587431192398,0.0129947438836097,-0.3038898408412933,0.0424129404127597,-0.0943005010485649,-0.6754307746887207,0.8318064212799072,0.0375881008803844,0.4462927281856537,-0.6719961166381836,-0.1212290599942207,-0.1193667128682136,-0.5262832641601562,0.3429143130779266,-0.2234872728586197,-0.6913549304008484,-0.4837868809700012,0.3528997004032135,-0.6478340029716492,-0.7440022230148315,0.7960655689239502,-0.0685420781373977,0.0856943354010582,-0.0958595424890518,0.2736121714115143,0.4215126633644104,-0.1404181718826294,-0.0187079757452011,0.2700517773628235,0.0099487397819757,-0.0817176774144172,0.3633236289024353,-0.0221207719296216,-0.186085358262062,-0.0417227186262607,-0.0841543450951576,0.1982919126749038,-0.2140036225318908,-0.0435556881129741,0.1449015885591507,-0.0029432601295411,-0.0543723404407501,-0.1221221834421157,-0.7235029339790344,-0.2588759660720825,0.2878579795360565,0.1313011646270752,0.0211674720048904,-0.2963569760322571,0.8375142216682434,-0.4395132958889007,0.4824954271316528,0.0797572657465934,0.3578066527843475,-0.1532616764307022,-0.2701750993728637,-0.2237030118703842,0.574558675289154,-0.102646104991436,0.3830364048480987,0.1745470762252807,-0.5298358798027039,0.2133499234914779,-0.2185020595788955,-0.1887807995080948,0.4014162719249725,-0.0559132732450962,0.6713578701019287,0.2789525687694549,0.4715734720230102,0.3285359144210815,-0.7746561169624329,-0.0957909896969795,0.3114047646522522,0.2697217166423797,-0.3401710391044616,0.5627554059028625,-0.2159447371959686,0.2518156170845032,-0.0929246991872787,0.1412185430526733,0.3115687370300293,0.1791305094957351,1.2047104835510254,-0.2105723321437835,-0.1966185718774795,-0.2365557551383972,-0.051765888929367,-0.3071994185447693,0.1252636611461639,0.1052574664354324,0.4957506954669952,0.4416899681091308,-0.3907606899738312,0.0425344593822956,0.4740809500217438,-0.2821821570396423,0.6412449479103088,0.5071831941604614,0.0508637130260467,0.3439184427261352,0.6333444118499756,-0.0284297224134206,0.5089585781097412,-0.1086053624749183,-0.5634750723838806,-0.0309455096721649,0.7188382744789124,0.311085969209671,0.6358630657196045,0.6108752489089966,-0.8965632319450378,-0.1295465379953384,-0.1185513958334922,0.4232197403907776,-0.8145791888237,0.4032543897628784,-0.3262531161308288,0.0159038063138723,-0.214253544807434,0.1698854565620422,-0.1010085046291351,-0.698457658290863,-0.0076903025619685,0.1109161227941513,-0.1491693258285522,0.0695568621158599,-0.2233514934778213,-0.0167310871183872,-0.015342017635703,-0.4737337827682495,0.6624923944473267,-0.1559403836727142,0.2207432687282562,0.0569845475256443,-0.5219500660896301,-1.2316482067108154,-0.4402652084827423,0.1799165308475494,0.6104909181594849,0.1239572167396545,0.150706797838211,0.1248641982674598,0.5599746108055115,0.17961485683918,0.4113308787345886,0.8713894486427307,0.0085140224546194,-0.808025598526001,-0.4608233869075775,0.7838011384010315,-0.863122820854187,0.0805009827017784,0.1366147398948669,0.2772863805294037,0.1550791710615158,-0.7040775418281555,-0.0131914457306265,0.4275945723056793,-0.072159469127655,0.1844909191131591,0.793224573135376,-0.0839586034417152,-0.751721978187561,-1.2341216802597046,0.1730105280876159,-0.6860142946243286,0.2278774529695511,-0.5205190181732178,0.5394347906112671,-0.2303494960069656,0.7310740351676941,-0.1670832484960556,-0.0219035483896732,0.3549574315547943,-0.2393565475940704,-0.5964962244033813,0.2471265792846679,0.277322769165039,-0.6431230306625366,-0.8614026308059692,0.1485059857368469,-0.3955720067024231,-0.3469831049442291,0.5136789679527283,-0.1920532435178756,0.4309240579605102,0.2742425203323364,0.3554822504520416,0.2859397530555725,-0.1083761602640152,-0.1788811236619949,-0.4731722474098205,-0.5599711537361145,-0.2128765732049942,0.3954005241394043,0.357731431722641,0.4167017638683319,0.235432744026184,-0.5407547354698181,-0.7101407647132874,0.0172899886965751,0.2256495356559753,-0.8143934011459351,-0.1771579086780548,-0.4117016196250915,-0.3668525516986847,0.4502196907997131,-0.010294952429831,0.3205542862415313,-0.0579238422214984,0.6466991901397705,-0.3707708418369293,0.1495065540075302,-0.6712538599967957,-0.1695050746202469,0.0971602499485015,-0.1352232992649078,-0.5953330993652344,-0.5814643502235413,-0.6016782522201538,0.3324083983898163,0.27141934633255,0.1118214651942253,-0.450823575258255,0.162023589015007,-0.2617408037185669,0.1260527372360229,0.7692469954490662,-0.1068775355815887,0.0980919077992439,0.8634207248687744,0.2058811634778976,0.1528165489435196,0.1129610240459442,-0.2915551662445068,-0.0847493857145309,-0.6286470890045166,-0.3785236477851867,-0.3954266309738159,0.6105015277862549,-0.3894446492195129,-0.1456832438707351,1.0077064037322998,-0.1247380748391151,0.1983711421489715,0.8306106328964233,0.6311897039413452,-1.380234956741333,-0.0884410068392753,0.1388814002275467,-0.0937888920307159,-0.2333306223154068,0.3486403524875641,0.3726886212825775,0.0771161168813705,-0.1585301458835601,-0.2015129178762436,0.8199771046638489,0.6578356623649597,-0.3070632815361023,-0.4453116059303283,0.5956208109855652,0.1386835277080536,0.3188926875591278,0.0521704368293285,-0.1059231013059616,0.3507256507873535,-0.4518594443798065,0.2438142448663711,-0.4377323389053345,-0.2286379337310791,-0.1234437376260757,0.199282705783844,0.0153326885774731,0.3558323681354522,-0.1752387136220932,-0.1933534294366836,0.5626264810562134,0.920954167842865,0.3658363819122314,0.7407443523406982,-0.1070056408643722,-0.0405289568006992,0.2043249756097793,0.6213338971138,0.2409420162439346,0.1001663953065872,-0.5828248262405396,-0.2984749674797058,0.3780459463596344,-0.211902230978012,-0.4752582013607025,0.5304667949676514,0.1041564494371414,-0.2018498927354812,-0.477229505777359,0.7384042739868164,0.5590384006500244,-0.2059563547372818,0.6611539721488953,0.5554072856903076,0.6567457318305969,0.2722589671611786,-0.1388095766305923,-0.3048117458820343,-0.0825459584593772,-0.0733940079808235,-0.0752356722950935,0.1497256457805633,-0.3450393676757812,-0.2782748341560364,0.0019222253467887,0.0486252047121524,-0.4260407090187073,0.1734906882047653,-0.2195824682712555,-0.6376174688339233,-0.7793687582015991,-0.063861608505249,-0.5986669063568115,-0.4026835560798645,0.1535077095031738,0.3492183685302734,0.4964047968387604,-0.7464361190795898,-0.1271601021289825,0.251165896654129,-0.4921227097511291,-0.0871448442339897,0.3863778412342071,0.2233757823705673,-0.2901251018047333,0.3032810091972351,-0.3707574307918548,-0.4037947356700897,-0.5771791338920593,-0.044406022876501,-0.104837954044342,0.2173322588205337,0.4064656794071197,-0.2222395986318588,-0.0843929201364517,0.4954863786697387,-0.3509054481983185,-0.1521254926919937,-0.3213151395320892,-0.2467758059501648,-0.3823592960834503,-0.0004126716521568,0.2382006198167801,-0.0721666291356086,0.4457323253154754,0.12066450715065,0.2801474034786224,-0.2946795523166656,0.0558578930795192,-0.0915755033493042,-0.0672047361731529,-0.6947820782661438,1.043548822402954,-0.2698815464973449,0.6022354364395142,-0.1585612595081329,-0.1920691132545471,0.5223063826560974,0.1901698559522628,-0.3558352589607239,-0.0084017505869269,-0.0078360205516219,-0.7592402100563049,0.3996194899082184,0.1867904961109161,0.4296346008777618,-0.6996725797653198,0.2841742932796478,-0.0073746871203184,-0.3833093047142029,0.3453073799610138,0.0295856371521949,-0.0858638137578964,-0.176126018166542,0.2847397327423095,1.128198742866516,0.2592743933200836,0.5765736103057861,0.2231803685426712,0.0346827544271945,-0.2903764843940735,0.3834536373615265,0.5880371332168579,0.4451239109039306,-0.0262109413743019,0.0362952724099159,-0.5897907018661499,-0.1578114777803421,-0.2345291525125503,-0.1075652614235878,0.2756355404853821,-0.0312539003789424,0.4429961740970611,-0.2004246711730957,0.0638856515288353,-0.1451282352209091,-0.9031107425689696,0.1222156733274459,-0.1834559738636016,0.1905830055475235,0.6729186773300171,0.0866291671991348,-0.1776756793260574,0.6918963193893433,0.0155387427657842,0.2878796756267547,0.2941742241382599,-0.5048111081123352,-0.2961974442005157,0.0720140784978866,-0.2909269034862518,-0.0977205261588096,0.2293915599584579,0.3342984318733215,-0.4124390780925751,-0.684638261795044,0.3148770630359649,0.1597632616758346,-0.0436460860073566,-0.2034602612257003,0.176448568701744,-0.1126431450247764,-0.4202786982059479,-0.3832724690437317,-0.4151628315448761,-0.3104378879070282,0.1650653779506683,-1.2466304302215576,-0.2332406938076019,0.1884365230798721,-0.2688154578208923,-0.0736619308590889,0.4764087200164795,-0.3358447849750519,0.1452673226594925,0.2703050971031189,0.2237081676721573,-0.2590507268905639,0.0192719046026468,-0.0795586183667182,0.0360382497310638,-0.1438534706830978,0.817067563533783,0.1579559445381164,0.5941767692565918,0.3027631342411041,-0.7028121948242188,-0.5920444130897522,-0.4645710289478302,-0.7179806232452393,0.6742623448371887,0.2435949891805648,0.8040297627449036,-0.008918591775,-0.1653932631015777,-0.0711243376135826,0.4084788560867309,0.0711899250745773,0.060596790164709,0.1597693860530853,-0.2148708552122116,0.5213537216186523,-0.7979964017868042,-0.7235814332962036,0.6335520148277283,0.1019856408238411,-0.4841380715370178,0.1760994046926498,0.4590330421924591,0.1125073805451393,-0.3673014938831329,0.0359121635556221,0.0998397096991539,-0.3449825346469879,-0.1475851982831955,0.0724823996424675,0.337226003408432,0.2343750745058059,-0.284378707408905,-0.2747551798820495,0.8732015490531921,0.5530959367752075,0.3112063705921173,0.0513002574443817,0.0139406127855181,-0.0974974036216735,-0.3201525807380676,-0.0299951583147048,0.4052170515060425,0.5808098316192627,-0.0588267035782337,0.5734966397285461,0.3379321992397308,-0.4853165745735168,-0.1704242974519729,0.954895794391632,0.0769428685307502,0.4070640206336975,-0.3711090385913849,-0.2573497295379638,-0.7029648423194885,0.1889971941709518,-0.3051510155200958,0.0327525250613689,0.6434774994850159,0.399682879447937,0.3450816571712494,0.1136735007166862,0.1362553387880325,-0.0839655026793479,0.3553557097911834,0.2357159852981567,0.3322381377220154,-0.1449383348226547,0.177589938044548,0.3900604546070099,-0.3421905934810638,-0.4446595311164856,-0.1966626197099685,0.3757204711437225,0.7618974447250366,0.0669720694422721,-0.0896947532892227,-0.1943534165620803,-1.4250625371932983,0.0408629849553108,0.2390487492084503,-0.1056598871946334,0.6612232327461243,-0.3579338490962982,-0.0024675633758306,0.5101805329322815,0.7155277729034424,0.904975652694702,-0.3297808766365051,-0.7374759912490845,-0.150851309299469,-0.0983057022094726,-0.2111362665891647,0.3975003063678741,0.1607130616903305,0.3469347953796386,0.2551337778568268,0.019056286662817,-0.0540425591170787,0.6164014935493469,-0.0906426012516021,-0.1723643839359283,0.5014562606811523,0.208467498421669,-0.0607839860022068,0.0516667477786541,0.0861604735255241,-0.0767332762479782,-0.333077609539032,0.0226525943726301,-0.4775790572166443,-0.1980053484439849,-0.0786902010440826,-0.0766219198703765,0.2640433311462402,0.0717762410640716,-0.1749752908945083,-0.2701096832752228,-0.0458554662764072,0.2411010712385177,-0.5189756155014038,-0.4917986094951629,-0.1243263110518455,-0.0921150967478752,-0.1277189403772354,-0.3560868799686432,-0.8639858961105347,-0.74403977394104,-0.0318985469639301,0.0938406363129615,-0.6164048910140991,-0.4533934295177459,0.3096181154251098,0.3297369182109833,-0.1638644486665725,-1.0943195819854736,0.4664691388607025,0.0408923849463462,0.5658580660820007,-0.4973099529743194,0.1925394237041473,-0.2818112969398498,-0.0399208925664424,-0.6177926063537598,-0.3555668890476227,0.4475041925907135,-10.153399467468262,-0.3599840402603149,-0.7595536112785339,-0.6855631470680237,-0.2458588033914566,0.2240585684776306,1.2206475734710691,0.3808872699737549,-0.4861872792243957,0.0686450004577636,0.1692031621932983,0.2285959124565124,0.0912148728966713,0.6852289438247681,-0.3793286681175232,-0.3994357883930206,-0.1460523605346679,0.1557333469390869,-0.0443009510636329,0.1980044394731521,-0.2460727840662002,-0.1713671833276748,0.3375617563724518,0.2444052994251251,0.0044457670301198,-0.3166196942329407,-0.5726965069770813,-0.1580016314983368,-0.1992977410554886,-0.0791026130318641,-0.4226790964603424,0.2348426133394241,-0.2147015035152435,-0.1036305800080299,-0.292151540517807,-0.0128618264570832,-0.1198069527745246,0.0942057892680168,-0.8203505873680115,0.4572871029376983,0.3889889121055603,-0.1811655312776565,0.32080078125,0.0758871957659721,0.350387841463089,0.0100688440725207,0.8307955861091614,-0.1307865381240844,0.3256823122501373,-0.0503523461520671,0.3469188213348388,-0.5069632530212402,0.2867747247219085,-0.3743391335010528,-0.1176211014389991,-0.0606089197099208,0.8165594339370728,-0.8023248910903931,0.0516206808388233,0.102803461253643,0.0552830509841442,0.1893246471881866,0.6527770757675171,0.3593394458293915,-0.2308391034603119,0.0804167315363884,0.2592554092407226,0.0644260793924331,-0.4231237769126892,-0.2595343887805938,0.0551220141351223,0.1739334911108017,-0.1747120320796966,0.0012442307779565,-0.2372197359800338,0.4570473432540893,0.5787063241004944,0.4222153723239898,0.2878996431827545,0.0781440958380699,0.3834221065044403,-0.5836068987846375,0.3235379159450531,0.0089804455637931,-0.6085178852081299,0.2586498558521271,-0.2114227265119552,-0.0624385923147201,0.3221389055252075,-0.6665878295898438,0.635194718837738,-0.480550467967987,0.0325992666184902,0.278866171836853,0.6550256013870239,0.1526957303285598,-0.2973670959472656,0.0376310832798481,0.3147817552089691,0.097697764635086,-1.0171857,-0.8749648,0.50939703,1.7952887,-0.23089556,0.15687451,-1.6333809,-0.21670048,0.8846482,-0.86357963,0.1903125,0.18647335,-1.0312954,1.6461242,-0.06033519,-0.22188182,0.7698113,-0.8146258,0.33000278,-0.5876075,0.92570484,0.6728581,0.27185005,-0.09045789,1.0489125,1.0115535,0.6338123,-0.6200491,-0.17706892,-0.14965883,-0.03240168,-0.54990435,-0.37274492,-0.60105133,0.33318397,-1.394659,-1.8191433,1.5642438,0.7044841,-0.1668513,-0.9795114,0.9366678,-1.228349,0.38754687,-1.0564606,-0.6469518,1.5236958,-0.04908964,0.5136857,-1.0655532,-0.5457933,-0.86513066,0.93046165,0.95941883,1.4556351,-0.97824174,0.5592474,1.0893717,-0.030427977,-0.55228794,0.72875667,1.2789873,-1.2317092,0.78586966,0.87216157,1.7837524,0.68614304,-0.31006452,-0.6303032,-0.91656107,-2.981248,-0.64502966,-0.084350854,0.82533664,-1.655878,1.2671852,-0.5001913,-0.06278713,0.24639113,0.56447875,0.45535934,-0.12241246,-1.1447977,1.7156224,-0.51996744,-0.53124106,-0.03611009,-0.24888694,-1.3291659,-0.21281052,0.37363207,-1.1800251,-1.6518254,-1.8827167,0.9647123,0.015982792,-1.040261,-0.28796718,-0.885057,0.1965541,0.1139407,1.1648253,-0.48981565,-0.19304034,-1.693131,-0.3399907,-1.4556204,-0.3065433,-0.6404776,0.7814657,-0.007977679,0.097990945,0.6191618,0.6996106,1.216546,1.0945443,-0.47498256,-0.7966478,-0.08836513,0.07304947,1.2248046,-0.050889194,-0.4960887,0.5351666,0.78869635,1.7644143,0.06931856,-1.1784096,0.7294028,-0.40050903,0.55452985,-0.13763341,1.503019,1.1349537,-0.7439263,-0.26403493,-0.30099595,0.28629908,0.2530188,0.019164972,-0.85799676,-0.43794486,-0.22036445,-0.41009906,0.9136134,-1.575903,0.5579902,1.2328718,1.1016909,-0.20781446,-0.048581585,-0.10601473,-0.93424916,0.66640264,0.33074516,-0.1500116,-0.36780566,-0.039334506,-1.2290981,1.0277835,-0.09572928,1.1312928,-0.3463364,0.3571032,0.3509018,0.2638969,-0.4604279,0.41402137,-0.59768224,-2.2643864,0.09017638,-0.3913166,-0.1538772,-0.17674051,0.21571907,0.57514757,0.5197245,0.08842303,-0.5366235,-0.12427968,0.09520531,1.4039832,-0.31176156,1.1568588,-0.42366657,-0.11896098,0.03447693,1.1018316,-0.5394332,0.40205818,0.37558848,-0.49825135,0.6612261,1.457057,1.480128,2.1901808,0.44566768,-1.8138747,-0.53173006,0.42092708,-1.7781157,-0.026286777,1.0304992,-0.3527481,1.9255788,-1.1033854,-1.1809071,1.986652,1.1627046,0.12210675,-1.1151941,-0.9936031,0.6798542,0.31759498,-0.45098147,-0.41985708,-0.4378419,0.80006427,-0.8419186,-0.44035357,0.49494952,-0.11229922,1.0836561,2.1966138,-0.8213573,0.12847748,0.6709262,0.37852156,0.31097576,0.7759937,-0.74169135,0.028237268,0.5099882,-0.83525705,-0.72185063,0.6830613,-1.0579693,0.7164167,-0.18850431,0.14257494,-0.26054966,-0.6446939,0.21718882,-0.07645687,0.086409,0.62575966,1.9197803,0.4743144,-1.3861992,-0.0015953481,0.49789846,1.3495691,0.76912236,-0.20998645,1.358319,-0.34857368,-0.66865116,1.1754327,-0.10435161,-0.01369679,-0.07234444,0.6590292,-0.5002651,0.20177928,0.66946805,-1.0642718,-0.23416516,0.022134006,0.48335546,-0.7644429,-0.21031362,-0.045727402,-1.5093374,0.36034638,0.55428326,-0.19672076,-1.1363572,-0.41727212,-1.0230441,0.68100804,0.3813369,-1.4357448,0.103950985,-0.5912799,0.19090487,0.14515471,-0.3561592,-0.7514764,0.47184283,0.8001069,-1.4293513,0.6551592,-0.5543535,0.66053665,1.4395807,-0.28028017,1.263408,0.24233027,0.26253906,-1.4688637,-0.11589214,1.2349501,-2.0704637,1.0936189,0.20864864,-0.50155216,0.9643305,-0.9205703,0.010160923,-0.6635058,0.5710043,-0.3018952,-1.4373932,1.518457,-2.2169108,0.98877215,-1.944212,-0.22874205,-0.83115506,-1.36324,-1.659778,1.267513,0.3096304,-0.016406164,-0.11051616,-0.11530788,0.19974285,0.837151,0.17616145,0.26885453,-1.0054721,0.6534101,-0.96532464,-1.3921047,-0.012194842,0.6321755,-0.9310284,-0.9443406,-1.3707829,-0.5624787,0.7924932,-1.1692125,0.19123253,1.0661964,0.56553113,1.6808374,-0.61487913,0.5060644,0.5793018,-0.5025031,1.5750549,0.2030547,1.3715705,-0.574715,0.022921026,0.16541493,-2.0530038,-0.78745234,-1.0989224,1.2321815,0.89121974,-0.94345933,0.277564,0.894034,-0.93201387,-0.57150996,0.4025534,-0.350536,1.171849,0.67162544,-0.73055947,2.125187,0.542263,0.48802763,-0.5364194,-0.52406967,1.2290252,0.27265874,-0.4323969,-0.37797982,0.10772605,-0.30352578,0.83980876,-0.4989214,-0.177297,-0.649785,0.56854826,1.2522081,-1.5186374,-1.1023095,-0.36108768,0.9005844,1.822915,1.5578501,1.5074794,-0.4137234,-1.0323386,-1.7877673,0.050694853,0.8683702,-0.07164319,1.4529756,-1.1976821,0.4345178,0.28689325,-0.100588284,-1.091145,-2.1217833,2.0094676,0.3572564,0.66946644,2.134266,-0.67999196,-1.0849576,-0.6265373,-0.14962764,0.1004069,-0.8258854,-0.5651938,1.0829372,-0.4276323,0.7804986,-0.050129548,0.33856535,-0.48356354,0.048570096,-0.168838,0.6456526,-1.3497893,-1.0961668,0.2788803,0.4297942,-1.0259426,-0.43343937,-0.397694,-1.6560192,0.7428098,-0.73714435,-0.24732417,-0.83178556,-0.29644197,-0.75598824,-1.1818067,-0.39326817,-1.7176383,-1.1679115,0.95156,-1.844769,-1.0455784,1.4112859,0.791123,-1.5405368,-0.09198859,0.30554435,0.1684604,0.641534,-0.09810802,-0.11444545,0.17991576,-0.44521928,-0.17900744,-0.41296685,-0.9019027,-0.70833313,-0.5240075,-1.5514643,-1.5351098,0.71990895,0.62965506,-1.8375001,0.006486222,0.33625495,-1.0107316,0.97208655,0.5213689,0.13693891,-0.4042851,-0.8374119,-0.43964285,0.2261649,1.123544,0.49700084,-0.1525614,0.5008843,0.39788482,0.14714187,1.2562525,0.19265887,0.10918681,1.166838,0.49731046,-1.4764858,0.5222406,0.22036797,-0.04819265,1.2224379,-1.5370799,-0.6535758,1.7565618,-0.77120006,-1.6176531,0.11439747,0.98653746,-0.44370592,0.9085325,-0.35631546,0.86048687,1.774931,1.0967714,2.20591,-0.3161741,-1.4474325,-0.27310348,0.4610185,-0.2980516,-0.68853086,0.5937176,0.6774733,2.7941604,-0.3171501,-0.2224066,0.21027601,-0.30527443,-1.2129445,0.38555694,0.08863613,0.06024477,0.11230004,-0.91058314,-0.5847836,0.40905806,-1.1888855,-0.12478329,0.65223145,0.46519583,-0.056335468,-0.55683625,0.24184868,-0.1836208,-0.61223924,1.0106587,1.1237123,1.7092967,-0.45439634,-1.8322239,-0.10620101,-0.71914816,-1.6514978,-0.4961393,-0.06527884,-0.9080387,-0.0038471222,-1.3127799,-0.2937815,-0.87543863,-0.34057266,1.727679,0.4092631,0.07834381,-0.51069206,-0.8922926,2.222875,-0.19869846,-0.48242718,0.9430721,0.27484053,-1.5835333,0.8614067,-0.8294866,-0.41206282,-0.5548982,0.06043179,1.1555634,0.66633403,0.28625876,1.486552,-0.052644372,-0.19086406,0.08214635,0.21555981,0.322218,0.62214386,-2.6239038,1.1110854,-1.2031755,-1.6000247,0.33032355,0.011218153,0.004517719,0.10193339,-0.24993484,0.26783732,-0.05454424,-0.978755,0.83138555,1.9222982,-0.49611884,-0.64581,1.268311,0.25093406,-0.5126406,0.19295314,1.9549072,0.4620877,1.0210034,-0.9094397,-0.38315398,-0.6941947,-0.2540857,-0.80450404,-0.18373363,-0.13840798,-0.14255908,1.185303,-0.030879766,0.4381342,-1.9155637,-0.12791577,0.9413234,-1.0516838,-0.6555929,-0.5794155,-0.5906404,-1.6946638,-1.7758684,1.0821106,1.4132297,0.06308752,-0.25842896,0.65816975,1.5781522,-0.13286515,-0.046789423,-0.03281641,0.025203675,1.0185723,1.4984751,-0.7438175,-1.4345155,0.7728914,1.673659,-0.8944035,0.3269902,-0.8480755,-0.56142735,-0.9951291,0.4771139,0.68949103,0.6245306,1.6730376,0.7656255,-0.054596312,0.94128996,-0.46856833,-0.40637556,-0.41446513,-0.29025888,0.32816935,-0.17540333,-1.0413371,0.5973323,-0.76241124,0.40333182,0.4414007,0.7538518,-2.1314692,0.7636415,-0.6584592,1.0093583,0.07398798,-0.5330368,-0.40280792,-0.28877497,-0.9656484,1.6372923,0.39288163,0.1897384,-1.7292641,0.17752212,1.0600983,0.22244306,-0.39675498,0.7557481,0.40409178,-0.99416447,-0.8838645,-0.8919775,-0.5123467,0.26709145,0.6642084,-0.008978844,1.1346923,-1.9897672,0.18011072,0.27787986,-0.3233133,1.4972534,-0.033394422,-0.5698004,1.3991313,1.4895517,0.5143782,1.0854944,1.1681304,1.1571224,0.029572785,-0.32157704,-1.4905957,0.93596756,0.9548537,0.62244505,-0.6432109,0.038317084,-0.08783166,-0.2565157,1.9765162,-0.18989211,-0.62933785,-1.0537231,-0.5589928,-0.5961945,-0.48032528,-0.7074369,-0.70479035,-1.9103074,0.63944733,-1.0434265,-0.11178957,0.22212443,-1.6431698,0.39220116,0.18849531,0.82605475,1.0755663,0.39094347,0.8065577,-0.3348365,-0.014641583,-1.1297157,-0.6844449,0.5072077,-1.2153232,0.05000025,0.18832602,1.0580559,1.692606,0.92414737,-0.16923773,0.1324906,0.390113,0.49131715,0.72209543,-0.4355486,-0.50185937,0.16607419,0.16263515,0.47208396,-1.3184092,0.08233526,0.14007989,0.5512418,0.43864608,0.7952762,0.6384034,0.43666673,1.2999984,0.39785075,-1.2207723,-1.1322879,-0.53783685,0.56798613,0.87088805,-1.0676745,-0.75722337,-2.0287898,0.3621297,1.0021027,-0.42999414,0.61420673,0.12502784,-1.2262138,1.9389234,-0.9774788,-0.16263746,0.9688024,-0.92747426,0.4449618,-0.13584734,0.50753933,0.46913838,0.66072637,-0.8294177,0.8255506,1.1306806,0.34620157,-0.6220512,-0.1460631,-0.27830023,-0.25279668,-0.7813434,-1.1774509,-0.86218005,0.1390085,-0.89469427,-1.575235,1.972909,0.06255816,-0.38106108,-1.3384215,0.89416534,-0.084171526,-0.0019827858,-0.59328765,-0.01585194,1.6711936,-0.48324767,0.70012885,-0.7123943,-0.95381975,-0.10275912,0.1051079,1.0861036,0.1118471,-0.20082252,0.644045,0.8654633,0.12261344,-0.45619312,0.85374993,1.1943702,-0.59030294,-0.032624494,0.82557535,1.1264882,0.124530494,-0.1495762,0.18968125,0.48576865,-2.0152724,-1.0363616,0.009479958,1.8727511,-1.498691,0.70641357,-0.09672318,-0.6958143,0.32064074,0.54150206,0.19886334,0.098207034,-0.57995963,1.4742823,-0.4068186,-0.9063475,-0.34761986,-0.5490197,-1.2088683,0.31243125,-0.47134638,-1.628693,-1.6661105,-1.3565401,1.1975296,0.209938,-0.68705875,-0.10517188,-1.2727867,0.13566847,-0.2573438,1.1392235,0.34096465,0.46766737,-1.6590776,-0.6100314,-0.9310172,-0.4809889,-0.43582463,0.26774558,-0.27031,1.0309888,0.39851478,1.242313,0.6970081,0.41231403,-1.0359131,-0.9269313,-1.2437226,0.43776497,1.3675117,-0.3153647,-0.58953017,0.21007992,0.16651331,1.2174915,0.21407694,-0.6881351,0.9663808,0.13346489,1.1727585,-0.1728887,2.0974987,0.8967061,-0.7603979,-0.44881344,-0.13095212,0.8320449,0.6646469,-0.9222269,-0.89846045,-0.44854268,-0.16195007,-0.15721077,-0.24025638,-1.6178375,0.5221692,1.0681347,2.0707695,0.272552,-0.13400374,0.39741066,-1.2657356,0.54786587,1.3295887,-0.39210954,-0.08132198,0.4311217,-1.4780755,1.6500216,0.030412586,1.0474526,-0.8432534,0.33478346,-0.08152399,0.5039962,-0.33219653,0.43615866,-1.1702971,-2.6505826,-0.61541694,0.37367007,0.35047832,-0.27079502,0.5690237,-0.1921506,0.07925477,0.22825575,-0.79323316,0.080698706,0.52410585,0.64816946,-0.116008945,1.461645,-0.06366493,0.771444,0.753262,0.763694,0.53501314,-0.07836359,0.84411365,-0.65926504,1.3075732,0.858057,1.2583066,2.483015,0.3823265,-1.6321653,-1.3190366,1.1321725,-2.796871,-0.24787392,0.71139336,-0.8450667,1.1811968,-1.2991781,-0.7797391,2.037997,0.5144553,0.29288813,-1.9117085,-1.5908647,0.573425,0.7748599,-0.38061535,-0.12642856,-0.9909604,0.6481661,-1.1339886,-0.40562627,0.7758859,0.7976346,0.86111957,1.1482967,-0.87953776,0.8112607,0.10239595,0.2813758,0.17254652,0.8898322,-0.8960061,0.059593096,0.7775636,-0.3636719,-0.33010462,0.0060648597,-0.8937993,0.83235353,0.04340905,0.30711544,0.023247985,-0.8180118,0.517041,-0.10674584,0.44583142,0.94211745,1.8148702,0.76169735,-1.9317656,-0.5196667,0.4762005,0.6734622,0.7641144,0.18293075,1.196725,0.4680203,-0.8613572,0.19764285,-0.18470764,0.17746289,-0.31828192,0.45796728,0.04449876,0.8293939,0.38678768,-0.8066855,-1.0091981,-0.07003138,0.32957807,-0.19479533,-0.50068915,-0.4345639,-1.6859611,0.1487206,0.1441908,0.021821788,-0.79664755,-0.77697784,-0.32322437,0.34881422,0.64296275,-1.8715715,-0.6128829,0.110193886,-0.37053692,0.44784573,-0.31119034,0.43583965,0.39526248,0.5515534,-1.717961,1.1035786,-0.40944442,0.96449953,1.1135055,0.1019901,1.1111037,0.032354906,0.30997983,-0.8843853,0.21729974,0.39651144,-1.7143995,0.60100776,-0.6281482,-0.790701,1.1336685,-1.3734089,0.08800343,-1.1563226,0.5551763,-0.030621687,-1.2247169,1.8481501,-1.6454018,1.1465771,-1.6161275,-0.5531011,-0.122572094,-0.6197402,-1.8362727,1.0346805,0.14863749,0.3167566,0.069042146,0.0967803,0.31636694,0.54506767,0.18942268,1.0505086,-0.2402119,0.5668973,-1.4005648,-1.3578688,0.43900812,0.45184684,-0.9833741,-0.9731279,-1.6338273,-0.077575274,0.6619819,-0.5061925,-0.111238815,0.62081766,0.15810202,0.30390817,-1.348883,-0.70970535,0.36399695,-0.8597998,1.963643,-0.5881343,1.4885482,-1.1817747,-0.91912603,0.5660796,-1.4080399,-0.7505174,-0.4573934,2.1101635,1.2840396,0.42878103,-0.07094986,0.45469436,-0.89928174,-0.06786958,0.6984927,-0.313174,1.4819155,0.53910154,-0.5294253,1.8536967,-0.013154939,1.1026908,-0.6533878,-0.43192735,1.6163124,-0.43533817,-0.69143605,-0.6155565,-0.4690756,-0.3183469,0.39542022,0.3022379,-0.121117316,0.10113307,0.58416754,1.0606061,-0.89701015,-1.053016,-0.606036,0.77268434,1.3893648,1.3860797,1.8508731,-0.35124895,-0.38454607,-2.0347996,-0.16950738,0.9654865,0.037722576,0.5982185,-1.4121021,0.22733669,0.28210846,0.111249626,-1.6708546,-1.6550531,1.3269409,0.4016944,0.034371775,1.6982075,-0.7511971,-1.4762502,-0.64378226,0.5112428,-0.10942215,-0.95781404,-0.7834704,0.6268761,-0.5310178,1.1479005,0.77140766,1.0534123,0.31636867,0.00077910227,1.0964247,-0.11101244,-1.1195636,-0.20155425,-0.3010415,0.49542034,-1.4263326,-0.5551302,0.47609183,-2.0801818,0.8890548,-0.6531226,-0.4371432,-0.02575385,0.021801611,-0.6785359,-0.3311636,-0.13334905,-0.6566219,-0.8041765,0.64082277,-1.4553457,-1.5177428,1.1429588,0.9569114,-0.46937552,-0.047450703,0.249672,-0.32355368,0.6161074,-0.21766354,-0.42497444,0.19823729,-0.56251276,0.06349548,-0.35403052,-1.1714058,-0.61795247,0.42300093,-1.1434623,-1.2805369,0.75552756,0.70568734,-1.3297247,-0.46062902,0.014233355,-0.46490213,1.0572544,0.11986258,0.19080724,-0.10668286,-0.76394606,-0.108976394,0.08089097,0.5990433,0.18577552,-0.21556936,0.613923,-0.40358594,0.4447128,1.5062629,-0.07719314,1.0174216,1.423223,0.23500483,-0.17045085,0.6994292,-0.11606679,-0.2298819,1.401755,-1.6089772,-0.5612679,2.016165,-0.47201562,-0.9601756,-0.3927879,0.03212441,-0.2863199,0.32212684,0.12641494,0.8406783,1.1271166,1.0856124,1.7996546,-0.24667446,-0.18166287,-0.498909,0.28213894,-0.7573941,-0.91566783,0.5819246,0.82583183,2.3412282,-0.45582137,0.5772822,0.59826314,-1.2199954,-1.2301193,0.7535608,0.8776768,0.08892191,-0.95476013,0.26493827,-1.1789092,-0.119796276,-1.6726223,-0.066758044,0.72622806,0.46249962,-0.6696972,0.45633793,0.62955326,0.17235254,-1.497001,0.289783,0.8335872,1.1606292,0.08774457,-0.79954416,-0.047145624,-0.60452604,-1.3785664,-0.29947755,-0.3665273,-0.7762153,0.060726654,-0.3310608,-0.23552375,-0.7347979,-0.6875429,1.1806334,0.14520152,0.047923904,0.09737448,-1.162095,2.1046956,-0.7850229,-0.9109669,1.5206264,0.5415999,-1.5684274,0.38665378,-1.1581535,0.4627334,-0.87634486,0.029824207,1.0790591,0.33034012,-0.68290275,1.3734273,-0.4153606,-0.19751914,0.09002704,0.8380661,-0.18287319,0.25806573,-1.5443245,0.90907,-1.3262624,-0.86509776,0.42355475,0.7071607,-0.6781216,0.014770269,-0.57461154,0.5099025,0.35008273,-1.5056218,1.0410014,1.6785927,-0.3108361,-0.69247395,0.89165145,0.37873563,-0.6366753,0.036628753,2.0684626,0.5876551,0.66617256,-1.0507267,-0.5847629,-0.015527996,-0.39646137,-0.7185767,-0.38504764,-0.1994533,-0.18119656,0.82163644,-0.13879955,0.8872469,-0.52411884,0.13019636,0.9543855,-0.6423443,-0.64242965,-0.09182793,-0.53604174,-1.5413771,-1.2207072,0.62010354,0.7962305,-0.41639736,0.42815265,0.70814615,1.4510269,0.83404094,-0.5980916,-0.09311193,0.47198927,1.0089008,0.7965555,-1.1876401,-1.2295278,0.8387487,1.0098977,-0.96261245,0.4965366,-0.036899935,-0.28673562,-1.7708334,0.7811134,0.3231754,-0.11586567,1.1979529,0.48450598,0.37722743,0.9500509,-0.19972527,0.2570241,-0.024460072,-0.26954454,0.21045673,-0.39293328,-0.6004166,-0.42133895,-0.27347267,0.28567034,-0.12628566,1.1224995,-1.5496143,0.47554848,0.05762313,0.4240211,0.44924316,-0.59394664,-0.50793415,-0.518825,-0.6438253,1.7252827,1.0385237,-0.25703928,-0.9422653,0.58294725,0.9787752,0.44055322,-0.03719882,0.23210686,0.40797114,-1.3237901,-0.47549176,-0.91732436,-0.48138794,0.6482352,0.74253845,-0.7673316,1.4843432,-1.3703189,0.55217826,0.09369861,-1.2778999,0.09972119,-0.37526846,-0.55983275,1.9982376,1.7262591,0.7436474,0.2504345,0.840194,1.0811578,-0.38691857,-0.913112,-1.7296453,0.580653,0.94908667,0.5475214,-1.3420367,-0.08179101,1.0730026,0.010346398,1.0408324,-0.21914996,-0.4342718,-0.99129033,-0.14794545,-0.30677772,-0.38781276,-0.5931416,0.3799478,-1.6455283,0.42145738,-0.2992836,-0.4420681,0.7761461,-1.2263311,-0.16208392,0.2283817,1.1322721,0.6836181,0.6120112,0.40773514,-0.83629066,-0.21280415,-1.3901576,-0.7872793,0.4108045,-1.1253272,0.04359068,-0.033682186,0.57392234,2.3372657,0.33015653,-0.4914495,0.03115648,-0.41178706,0.060486913,-0.13606414,-1.0162057,-0.35566416,0.284573,0.24836285,-0.15795879,-1.1395577,-0.30039993,-0.3559358,0.3588483,0.25028062,0.03914401,-0.030990208,0.7751341,1.9027704,0.5802614,0.199327,0.0
ナ,-0.1362178474664688,0.3797858357429504,-0.0792758390307426,-0.5095354914665222,-0.0019531878642737,0.0265511032193899,0.3281624317169189,0.1861244142055511,-0.4104674160480499,-0.4797930121421814,0.5647793412208557,-0.1588413566350937,-0.3582498729228973,-0.1217365786433219,0.8010639548301697,-0.2623790800571441,-0.11465685069561,0.574271559715271,0.0707754716277122,0.2660210728645324,-0.1864161938428878,-0.6596825122833252,0.0399309322237968,0.0296137742698192,0.4265962839126587,-0.2262868136167526,-0.052745908498764,0.2430423498153686,-0.1876699179410934,-0.3396024405956268,-0.6153855919837952,-0.7272216081619263,-0.2415434718132019,-0.5589014887809753,-0.3997542262077331,0.3637759983539581,0.419665515422821,0.1368676126003265,-0.1266152411699295,-0.3625671863555908,-0.3516811430454254,-0.3007530272006988,-0.3072763979434967,-0.3415670096874237,0.182689756155014,0.7734752297401428,-0.1720715165138244,0.2982960343360901,1.0979080200195312,-0.005193208809942,-0.2243406027555465,0.3364683389663696,-0.009599239565432,-0.0048853498883545,0.10727359354496,-0.1526814997196197,0.6554461121559143,0.0333327949047088,-0.0453105270862579,0.3108712434768677,0.0676823854446411,-0.1046774536371231,0.4562392830848694,0.2242245823144912,-0.7091209292411804,-0.3746768534183502,0.0451853908598423,-0.0666756927967071,-0.3653551638126373,-0.4554404318332672,-0.3054660558700561,-0.1938807070255279,0.0306158047169446,-0.0807640776038169,0.0183492302894592,-0.4414375424385071,0.1642738133668899,-0.0463895201683044,0.5953296422958374,-0.070133663713932,-0.0036555682308971,0.5081160068511963,0.0508597157895565,-0.1960279941558838,0.267019659280777,0.046284295618534,-0.3443635702133178,-0.9884848594665528,0.3150283992290497,-0.2648761868476867,-0.1398319154977798,0.5505351424217224,-0.2558797895908355,0.1758257299661636,-0.5803845524787903,-0.12873475253582,0.1765579879283905,-0.1891331225633621,0.0604552999138832,0.2592227458953857,-0.0422254391014575,-0.0770054459571838,0.7048823237419128,-0.0576668567955493,-0.1539286226034164,0.3426323533058166,-0.3431151509284973,0.0449620112776756,0.0242110751569271,-0.0746607407927513,-0.3880045115947723,-0.3231051862239837,0.1318096220493316,0.5695911645889282,-0.0686645954847335,0.2547732889652252,0.0870746672153472,0.2537732720375061,0.256878912448883,0.2004173398017883,0.4361348450183868,0.8562715649604797,-0.2303464859724044,-0.1053100228309631,-0.5411909818649292,0.5030717849731445,-0.1986553072929382,-0.3059727549552917,-0.114055685698986,-0.5995706915855408,0.0472426526248455,0.2752458155155182,-0.1289475411176681,0.2383800148963928,-0.520284116268158,0.778640866279602,-0.1019662767648696,0.4084859192371368,0.0454666316509246,-0.4162798225879669,0.3094289302825928,0.0298197530210018,0.0251705292612314,0.1337717473506927,-0.3042338490486145,0.3027165532112121,0.1369137018918991,-0.0002073767682304,0.3766601383686065,0.5684347152709961,-0.1347536444664001,0.7109366059303284,-0.7649931311607361,-0.1175610125064849,0.1906614154577255,0.333658754825592,-0.7870627641677856,0.2367504388093948,0.4834461212158203,0.8275333046913147,0.0874495357275009,-0.8203038573265076,0.0506666861474514,-0.0536461994051933,0.3011941909790039,0.136812224984169,0.1216096580028534,-0.3142650127410888,0.4179130494594574,0.4487386345863342,0.317748486995697,0.2466225177049636,0.0227483808994293,-0.2002296298742294,0.6438930630683899,0.6773337721824646,0.2436851114034652,0.2577062845230102,-0.011525085195899,-0.176610916852951,-0.2479922026395797,-0.4405090808868408,0.0768386200070381,-0.1658186316490173,0.0974546149373054,-0.3759149312973022,-0.1545321494340896,-0.3641048371791839,0.1888476610183715,-0.159631922841072,0.0668581053614616,-0.2982872724533081,0.3538864850997925,-0.1149933189153671,0.0027279816567897,-0.5533915162086487,-0.0380839705467224,-0.4138252139091491,-0.0975275039672851,0.2528819441795349,-0.4011818766593933,0.055850800126791,-0.1114967763423919,-0.142224833369255,-1.0803029537200928,-0.0520593337714672,0.3119887113571167,0.799841582775116,0.4607810974121094,0.4706590473651886,-0.1188201978802681,-0.0265575479716062,0.6864751577377319,0.1832474321126938,0.0220387484878301,0.1382425725460052,-0.660987377166748,0.132219061255455,0.2956674993038177,0.0598401091992855,-0.583511233329773,0.1122259795665741,0.2059175968170166,0.4037990868091583,0.0457566790282726,0.0679417625069618,0.0897147133946418,-0.1063357815146446,0.2764896154403686,0.2205427587032318,-0.0918733924627304,0.0229321420192718,-0.7944410443305969,-0.1390953212976455,-1.1955822706222534,0.4448839724063873,-0.1012329161167144,0.5709475874900818,-0.072651483118534,0.0801285803318023,0.0390290692448616,-0.0242909956723451,-0.0713287591934204,-0.1064570397138595,-0.0504622235894203,0.5219945907592773,-0.2179352194070816,-0.2630242109298706,-0.3880722522735595,0.0634832829236984,-0.0922822654247284,-0.6150838136672974,0.2723695635795593,-0.2328356653451919,0.6310198307037354,0.4557644426822662,0.4664447605609894,-0.6272209286689758,-0.3091628551483154,-0.3475953936576843,-0.233423426747322,-0.5476057529449463,0.1950253844261169,-0.3928027749061584,-0.2446364015340805,-0.0061393175274133,0.3073616623878479,-0.7441533207893372,-0.2544948160648346,-0.5410863757133484,0.2851300835609436,-0.7326651811599731,-0.0365930125117301,-0.2105489820241928,-0.1570228040218353,-0.2613617181777954,-0.2508982717990875,0.2972123622894287,-0.7761359214782715,0.1283585578203201,-0.5886006951332092,0.4963007569313049,-0.7179306149482727,0.2759207189083099,0.2244712710380554,-0.2240024954080581,-0.4969954192638397,-0.1193629875779151,0.2062171548604965,0.1595669388771057,0.2917115092277527,-0.1502279639244079,-0.1065319776535034,-0.288291186094284,-0.2692958116531372,-0.1277631372213363,0.1799372136592865,-0.2579139769077301,0.1824936121702194,-0.0106588555499911,0.4385907351970672,0.5496039390563965,0.5107809901237488,0.0862148404121398,-0.1892444640398025,-0.510406494140625,-0.0806207209825515,-0.401949018239975,0.8372795581817627,-0.1275036484003067,0.0681416690349578,0.8434178233146667,-0.3431235253810882,0.4274209439754486,0.4926106631755829,0.3576692044734955,-1.839627385139465,0.0863521471619606,0.1836011856794357,-0.1789918392896652,-0.1024377644062042,0.4957447648048401,0.3244171142578125,0.3796284794807434,-0.282256156206131,-0.2427776604890823,0.1538814455270767,0.4302539825439453,-0.2431138902902603,-0.5064449310302734,0.2942398488521576,-0.1209528073668479,-0.1113872677087783,-0.577569305896759,-0.2615371346473694,0.3225050568580627,0.5524027943611145,-0.0749784409999847,-0.0416341237723827,-0.4511786997318268,0.014636498875916,-0.0489417016506195,-0.0773097872734069,-0.0348984971642494,-0.5185117721557617,-0.0218516904860734,-0.0055019068531692,0.4799433350563049,0.5316974520683289,0.6181427240371704,0.5171914100646973,-0.0368477813899517,0.4157385230064392,0.4096370637416839,0.2786488234996795,0.2582052052021026,-0.1924786865711212,0.033805102109909,0.6540768146514893,0.4567236304283142,0.1256777793169021,0.2348229736089706,0.2942491471767425,0.57227623462677,0.4934375286102295,0.2866349220275879,0.306924045085907,0.1742322891950607,0.4807227551937103,0.7678423523902893,0.4619968235492706,-0.1493976265192031,-0.5355450510978699,-0.2071954011917114,0.0461773090064525,-0.7192046642303467,-0.0236712545156478,0.1698399186134338,0.4680967032909393,-0.6636702418327332,-0.3454443216323852,-0.2951996624469757,0.017624132335186,-0.7022309899330139,-0.3587249219417572,-0.6695570349693298,-0.6393516063690186,-0.193379059433937,0.1655769944190979,-0.4111172258853912,0.0545201897621154,-0.0607914477586746,0.7058797478675842,-0.6727307438850403,-0.3999496400356293,0.1138952225446701,-0.6311031579971313,-0.2936523258686065,-0.3775314688682556,-0.1636169552803039,-0.3910045623779297,-0.1254418492317199,0.3143227100372314,-0.4704281985759735,-0.7830004096031189,-0.288838267326355,-0.6095014214515686,-0.3226684331893921,0.3075338006019592,0.5026311874389648,0.0361660122871398,0.5987076163291931,0.211616113781929,0.3223414421081543,-0.3804580271244049,0.7365859746932983,-0.8929827809333801,0.4006620645523071,0.2416159361600875,0.4036802947521209,0.6133442521095276,0.5353419184684753,0.4901753067970276,0.0857306346297264,0.1547495126724243,-0.0034764525480568,-0.1795608252286911,-0.6789594888687134,0.6715021133422852,-0.4024254381656647,0.5003883838653564,-0.1759690940380096,-0.262269526720047,0.4493978917598724,-0.3345303535461426,-0.2274314761161804,-0.1889231353998184,0.3938538134098053,0.0331171937286853,0.188998281955719,0.2921696901321411,0.9073356986045836,-0.1432060152292251,-0.183547168970108,0.0928238034248352,0.1604364365339279,0.488099992275238,0.168469950556755,0.0557058043777942,-0.0600753910839557,0.2548568844795227,0.1469791680574417,-0.1442832499742508,0.2384084910154342,0.2793016135692596,0.4879505336284637,0.173891007900238,0.2028154581785202,0.2596497535705566,-0.1507309824228286,-0.4011282324790954,-0.4442631006240845,-0.7445241808891296,-0.3408256471157074,-0.5522549748420715,-0.0767023488879203,0.9341081976890564,-0.2396037727594375,0.0225190129131078,-0.4282954335212707,-0.4491731822490692,-0.342966765165329,-0.5468061566352844,0.1060744822025299,0.4814439117908478,0.2843141555786133,0.9183987379074096,0.1309673488140106,-0.7456665635108948,0.1766426861286163,0.2210115790367126,0.4072530269622803,0.6630637645721436,0.0090906601399183,0.0350896939635276,0.1838118582963943,0.1826800107955932,0.4706596136093139,-0.1019745618104934,0.0626978725194931,-0.9408326148986816,-0.652404248714447,-0.3243503868579864,0.3679737746715545,0.3671248853206634,-0.2214016020298004,0.4151610732078552,0.0994877517223358,-0.4924309253692627,-0.7804092764854431,-0.2404239326715469,-0.3428009450435638,0.1296757310628891,-0.9905015230178832,-0.0937732756137847,0.1185069605708122,-0.167349025607109,0.4453926980495453,0.283873438835144,-0.4394272863864898,0.2523773312568664,0.4213992953300476,0.5713346004486084,-0.7269734144210815,-0.0295927468687295,0.0291597377508878,0.0424708947539329,0.2928731441497803,0.2045894414186477,-0.102795161306858,-0.0758736431598663,-0.1951157301664352,-0.825254499912262,-0.4652692675590515,-0.52791428565979,-1.1743812561035156,0.6211022734642029,0.1460735648870468,0.0134798642247915,-0.4546681940555572,0.3696656823158264,-0.0939018353819847,0.1792593896389007,0.3465519249439239,0.2715671956539154,-0.409156322479248,-0.9878359436988832,0.1171231865882873,-0.4001004099845886,-0.7797207236289978,-0.0615735836327075,0.7607941031455994,-0.3062030673027038,-0.1512177437543869,0.0668269395828247,-0.0468070358037948,0.0050074951723217,-0.0384405627846717,-0.2850349545478821,-0.0758327543735504,0.0727977305650711,0.1188515201210975,0.2821918725967407,0.108784444630146,-0.0596040971577167,0.1467514038085937,0.2271818965673446,0.8859285712242126,0.2844792902469635,0.1180546805262565,-0.3822091519832611,-0.2018074989318847,-0.070785753428936,0.0698361918330192,0.2021834254264831,0.4531839489936828,-0.6448084712028503,0.125333160161972,0.6755113005638123,-0.6161952018737793,0.0616117045283317,0.4955038130283355,0.6561368703842163,0.2380898743867874,-0.3153005242347717,-0.0100683271884918,-0.6444019675254822,0.3054373860359192,0.4041594266891479,0.6762205958366394,-0.1200245693325996,0.0989443287253379,-0.109465941786766,-0.8934169411659241,-0.6440494060516357,0.1706785857677459,0.2328259497880935,0.358750581741333,0.2909024357795715,0.0603955313563346,0.3649828433990478,0.2887881398200989,0.325582206249237,0.2985080480575561,-0.2118531763553619,-0.1695878505706787,0.9255813360214232,-0.1009673550724983,0.4197610318660736,-0.5971749424934387,-1.1232987642288208,-0.1141418293118476,-0.1001313403248786,0.2892661690711975,0.6184216141700745,-0.0226853135973215,-0.2464569658041,0.5184265971183777,0.3938007056713104,0.2337699979543686,-0.0389728210866451,-0.7222448587417603,-0.0515709593892097,-0.0879537984728813,-0.0318342112004756,0.2173696607351303,-0.0924059897661209,0.3816921412944793,0.4860692620277405,0.4054915904998779,0.0501701906323432,0.2692783176898956,0.0719921067357063,-0.2633828520774841,0.3929260671138763,0.2747476100921631,-0.4123144447803497,-0.3012425601482391,0.2443157285451889,-0.4215478003025055,0.0070913634262979,0.3574845492839813,-0.2732046246528625,-0.5034641623497009,-0.1946508884429931,-0.3369966149330139,0.3472018837928772,0.1808288395404815,-0.5291323065757751,-0.0322091542184352,-0.0623873732984066,0.0367710627615451,-0.1782532483339309,-0.0406050495803356,-0.0381089188158512,-0.0867923498153686,-0.1656219661235809,0.0379243269562721,-0.6919816136360168,0.0161953512579202,-0.8072909116744995,0.1266151368618011,-0.2164772897958755,-0.7056525945663452,0.4078202545642853,0.0720290839672088,-0.422391802072525,-1.1993558406829834,0.3849692344665527,0.1557509452104568,0.5936563014984131,-0.2869654595851898,0.4225751161575317,-0.2090086191892624,0.3654916882514953,0.0206109527498483,-0.5050346851348877,0.005863984581083,-10.23861598968506,0.2936953008174896,-0.8075652122497559,-0.0465996786952018,-0.219530776143074,0.2158771157264709,0.4066363573074341,0.2026185095310211,-0.114357590675354,0.0783499702811241,0.4850668013095855,0.6264637112617493,0.2036891281604766,0.3304344415664673,-0.5969442129135132,-0.2574581205844879,0.1551214903593063,-0.5216343998908997,-0.0414517931640148,-0.0680052563548088,0.3141174614429474,-0.0596499517560005,0.7124574780464172,0.4580225050449371,-0.0448841117322444,-0.2838736474514007,-0.4762881398200989,0.6189512014389038,-0.3416233658790588,0.332348108291626,-0.5620764493942261,0.2322999238967895,0.3244329690933227,0.0509893335402011,-0.3028528988361358,-0.2849497199058532,-0.088307499885559,0.136656254529953,0.1839410811662674,0.1228803843259811,-0.0462945289909839,0.4574522674083709,0.0545233748853206,0.0643202438950538,0.2690537273883819,0.3591102659702301,0.0433827117085456,0.3146442770957947,0.5465113520622253,-0.0206803921610116,-0.1340801417827606,-0.2385149747133255,0.1483725160360336,-0.1078565493226051,0.3607557713985443,-0.031327050179243,0.7971142530441284,-0.2669445276260376,-0.3021100759506225,0.0360109582543373,0.4785548746585846,-0.1680028587579727,0.6273515224456787,0.3932524025440216,0.3066513538360595,0.3537012338638305,0.5445164442062378,0.3998957574367523,-0.2984490096569061,-0.3678299486637115,0.2153547406196594,0.2464151680469513,-0.1147739514708519,-0.3168849349021911,-0.3189666271209717,0.603009045124054,0.0661231353878974,-0.2575885951519012,-0.0231780111789703,0.0941014364361763,0.2655852437019348,-0.0053372578695416,-0.4464967548847198,0.0585658699274063,-0.959826111793518,-0.063415840268135,-0.0314684808254241,0.4644874632358551,0.1353489309549331,-0.6520333290100098,0.4948523044586181,-0.1963709145784378,0.1206039637327194,0.0520343333482742,-0.0796077027916908,0.0975164324045181,0.2765413820743561,0.1296504288911819,0.6510397791862488,0.3145537972450256,-1.0563017,-0.62058496,0.69292647,1.3807547,-0.7378098,-0.37303925,-1.3570443,0.31291628,1.2980502,-0.31300217,0.1916879,0.1901629,-1.7722744,2.5424216,-0.7476331,0.022393158,0.92191803,-0.73368496,0.415705,-0.39339426,0.65106106,0.29768398,0.7580265,-0.875305,0.8853138,0.7667214,0.48708153,-0.67514,-0.6933366,-0.5216928,0.29993105,-0.72690666,-0.4713246,-0.45290726,0.031814218,-1.3669854,-0.958478,1.0849,0.3630531,-0.58436996,-0.7953924,0.7326385,-0.06588238,-0.03071483,-0.3048398,-0.49796507,1.4019672,-0.07750447,0.4296394,-0.88409185,-0.5789897,-0.3539125,0.19342956,0.35151598,0.4409442,-0.53661394,0.8702782,0.7548916,0.24034838,-0.90061045,0.27524704,1.2157158,-1.1958009,-0.014743209,0.7768623,1.0262337,0.0359931,-0.35362864,-0.5480336,-0.60015965,-2.3702984,-0.957147,0.067418896,1.0354844,-0.9992465,0.97564036,0.31817955,-0.71291316,0.28354362,0.54157084,0.014251007,0.2664154,-0.96739537,1.3864566,-0.79746085,-0.37284014,-0.4078981,-0.22183986,-1.4022509,-0.15800336,0.09932648,-1.479967,-1.6237432,-1.4556091,1.1133364,-0.2641032,-0.5799629,-0.15471962,-1.2619938,-0.15713866,-0.13586755,1.0273638,-0.28097373,-0.23682046,-0.9479308,-0.7157703,-0.9266595,-0.66304106,-0.7163184,0.9624742,-0.47390038,0.4288597,1.0778034,1.5872614,0.6515902,0.86198944,-1.0126141,-1.0076251,-0.73880345,0.013810361,1.4233316,0.03578519,-0.84149396,0.71571624,0.16017477,0.8310734,0.40268627,-0.20353262,0.73896855,-0.018117948,1.148456,-0.6320687,1.6524494,0.90893364,-1.0406696,-0.64222944,-0.536363,0.19975238,0.4282014,-1.0056508,-0.62716424,-0.44239596,-0.3624292,-0.054643415,0.5725193,-1.6190588,-0.0061237877,0.7329957,1.2043016,-0.005627662,0.21270902,-0.33121163,-0.73283195,0.8413841,0.9698678,0.43407685,0.016332677,0.2948707,-1.3579652,1.2380743,0.5438187,1.1097826,-0.88437927,0.3347358,0.08810658,0.59612453,-0.49937454,0.42129493,-1.1804684,-2.0567586,-0.5373922,0.2369223,0.5269722,0.018069187,0.72644955,0.009321077,0.42909807,0.0065030926,-0.5926825,0.096767485,0.5004683,1.2850523,0.25979307,0.9433636,0.07797707,0.49647623,0.63587874,0.6456445,-0.07228782,0.086920075,0.8304395,-0.5599844,0.7134896,1.2457651,1.2958295,2.704972,0.6067566,-1.6916035,-1.2705399,0.6587043,-1.7404411,-0.50511676,0.61225986,-0.4980423,1.2749072,-0.7118364,-1.1533664,1.9550807,0.3073664,0.2580091,-1.1592032,-1.4192848,0.95861524,0.5163272,-0.67742854,-0.6123534,-0.681178,0.5919851,-0.5154258,-0.38504192,0.3542898,0.419843,0.7225005,1.813576,-0.9255877,0.88581294,0.186461,0.5261621,0.37022543,0.6136457,-1.0901601,0.2403018,0.4652327,-0.3638857,-0.4135155,0.44229493,-0.94410056,1.0038432,-0.62311596,0.4384227,0.041130934,-0.7666813,0.36803937,-0.17103228,0.4454767,1.1828592,1.8286259,0.27838287,-1.0871207,-0.55750823,0.40032125,0.93786657,0.47458124,-0.14444812,1.2445782,0.65416896,-0.66739386,0.49360257,-0.27820015,0.24025714,-0.14163928,0.48256525,-0.3465647,0.6436142,0.62188774,-0.70754564,-0.60328096,-0.26149994,0.11026148,-1.1919485,-0.6812746,-0.7926084,-1.2616619,-0.10457317,0.036798038,0.16491328,-0.9711965,-0.9194225,-1.3520715,-0.07098831,0.4596837,-1.4359109,-0.6611603,0.15739395,-0.15258467,0.9199394,-0.662576,0.17111097,0.5023666,0.61635166,-1.4228457,0.69829017,-0.15128537,1.0084822,1.4833231,0.15110905,1.027693,-0.35283753,0.559822,-1.3636314,0.70427746,1.0745105,-1.1814709,0.8032085,0.029489951,-0.57102793,0.66550684,-1.4439027,-0.2072245,-0.6492756,0.86621046,0.03794795,-1.8005717,1.7774321,-1.8115019,1.2685072,-1.4588115,-0.6850805,-0.33671734,-0.39341614,-1.4533474,1.1758536,0.46943417,0.28066483,0.29570886,0.26435181,-0.0018023168,0.08445711,0.4023352,0.8677773,-0.31526217,1.0954267,-0.8625778,-1.3177555,0.38469735,0.6771408,-1.3667217,-1.3666141,-1.4390476,-0.770552,0.4678611,-0.6328369,0.2748483,0.9644212,-0.12031381,0.7984436,-0.88743544,-0.2931447,-0.00016944323,-0.8503657,1.8379185,0.1411023,1.5672275,-0.9251935,-0.25394395,0.62146634,-1.8177378,-0.443784,-0.46005824,1.850112,0.6141698,0.29927477,0.5654799,0.41858605,-0.71185225,-0.22212858,1.0066572,-0.14655614,1.6559316,0.47490272,-0.78876346,1.6429617,0.118861,0.43132386,-0.7994388,-0.5648359,1.7499397,-0.13607001,-0.39452848,-0.26436183,-0.08666672,-0.07069129,0.5224758,0.307502,0.24245839,-0.14181516,0.5575002,0.36754775,-0.8457027,-1.1846415,-0.32353956,0.47490257,1.1355268,1.7009805,1.4357511,-0.3047803,-1.0104629,-1.9639703,0.11800402,0.9055139,-0.16489504,0.623405,-1.4719867,0.37501815,0.3246045,0.19851069,-0.5503715,-1.8304015,1.5441934,0.47906682,0.43366775,1.6616685,-0.72435254,-1.3098841,-0.47898486,0.77496994,0.08877348,-1.2620972,-0.59000915,0.73733175,-0.94124115,1.3961821,0.34835675,0.51533085,0.21437666,-0.15259895,0.645539,0.65201855,-0.7355871,-0.6077135,-0.36981493,0.66032064,-1.398617,-0.37733713,0.46574667,-2.1021285,0.6639975,-0.54044586,-0.49327374,0.093616255,-0.7414641,-0.67669153,-0.86540127,-0.117198996,-0.73459846,-0.7675935,0.24665222,-1.4459194,-1.6001911,1.306629,1.7398131,-1.0642651,0.1794019,0.5433685,0.6059122,0.70508033,-0.1661787,-0.06372034,0.62108785,-0.44353226,-0.17833889,-0.32439104,-0.85441023,-0.58297485,0.30417058,-1.0700076,-0.8971449,1.2497675,0.9547315,-1.683884,-0.4557833,0.17058492,-1.3145319,0.61449397,0.5294412,-0.24785542,-0.15260874,-0.45363745,-0.12293539,0.21411698,0.75495386,-0.10415025,-0.6680708,1.1087121,-0.16268858,-0.37432986,1.699005,0.092829116,1.0705494,1.0393541,0.47910285,-0.8381403,0.4285018,0.2573005,-0.3163508,1.015007,-1.6014963,-0.83247364,1.5796813,-0.8720646,-0.8736512,0.0014183947,0.5415034,-0.59442675,0.46359515,0.5728938,1.3526534,1.847818,0.93944055,1.4955828,-0.75424725,-0.8371965,-0.32400042,0.4091081,-0.91449594,-0.8131203,0.4277822,0.7395026,2.1909802,-0.4346095,0.14032671,0.47378403,-0.6759723,-0.59248245,0.29572958,0.41615206,-0.4992908,-0.5505455,0.03447065,-1.1484898,0.21919778,-1.6862209,-0.119364165,0.40259925,0.94346017,-0.6624341,0.054754827,0.4676111,0.55681473,-0.6566823,0.508311,1.1094351,1.1227772,-0.28092062,-0.89572984,0.52137667,-0.76193106,-1.7080405,0.23606952,-0.72716004,-0.8626641,-0.004800278,-0.55905277,-0.26371917,-1.185087,-0.53163844,1.6812648,0.060006227,-0.19754818,0.7445621,-0.4897494,1.5886682,-0.68919426,-0.6473455,0.76636463,0.6155221,-1.4479561,0.02527876,-1.2608012,-0.037398577,-0.9063471,0.3127853,0.7886378,0.82540566,-0.45437923,1.2303274,-0.28632027,-0.50088936,0.023559872,0.6638192,-0.22216876,0.29122016,-2.3130653,1.0682131,-1.4397013,-0.90625155,-0.16430481,0.5241729,-0.33273846,-0.34683874,-0.44948265,0.7103528,0.4223878,-1.0006231,1.0569595,1.7313385,-0.8441865,-0.84407127,0.76360464,0.26354203,-0.47705588,0.21381791,2.5056496,0.4241878,1.0484974,-0.80597353,-0.68568796,0.24283756,-0.24641433,-0.6012636,-0.12888975,0.009482561,0.23718895,0.53001267,-0.025802672,0.8426294,-0.89602023,-0.020829096,0.86501133,-0.72938585,-0.17732464,0.26729006,-0.17791179,-1.5955584,-1.2934066,0.41012007,0.72003716,-0.4388459,0.11761008,0.6239181,1.291808,0.88667136,-0.33084774,-0.38598326,0.735762,1.1674134,0.6657929,-0.5374547,-0.9854349,0.7653777,1.1982163,-0.9165625,0.28745714,-0.5701594,-0.7311103,-1.3365902,0.64142936,0.46824926,0.15791905,0.9421004,0.53438395,0.36059132,0.5857024,-0.3777592,0.34964496,-0.55979717,-0.21800181,-0.07575326,-0.115906306,-0.77192986,-0.24590445,-0.8147407,0.13407585,-0.3879449,1.0251354,-0.8507772,0.2478864,0.13723439,0.687003,0.19486251,-0.17950584,-0.6608575,-0.4938691,-1.0448465,1.5012845,0.92626697,-0.06792982,-1.6607524,0.021702835,1.1182615,0.40556926,-0.3888823,0.19871393,0.102067225,-0.8591833,-0.37488848,-1.0169827,-0.2543272,0.79520506,0.89730036,-0.9656005,1.0714794,-1.9304436,0.67700064,-0.27206725,-1.6037226,-0.025520056,0.2740484,-0.38950497,1.6980479,1.2094973,-0.15649137,0.32951584,0.7210478,1.0603182,0.07308189,-0.15421727,-1.6012193,1.1275929,0.8843209,0.15081097,-1.355295,-0.12773822,0.63768685,-0.08255426,1.5526358,-0.668159,-0.48092753,-0.67357093,-0.7465767,-0.79751724,-0.38259888,-0.9111041,0.22415888,-1.1546772,0.2560168,-0.75017977,-0.490308,0.504421,-1.1972452,0.36697215,0.29136923,1.3469461,0.8044053,0.6205221,0.50975513,-0.92888767,0.07897159,-0.6411816,-0.563043,0.46150994,-1.0999041,-0.18136252,0.15388998,0.87751245,1.8474331,0.2329558,-0.39729646,0.36987442,-0.21383186,0.21627833,0.19985951,-0.9793358,-0.6099562,0.17674133,-0.026343793,0.13603993,-1.5022267,-0.31934324,0.07327658,1.0724167,0.33456686,0.6429796,-0.009596535,0.7019211,1.8047717,0.50653493,-0.56730926,-2.0481567,-0.28588855,1.1710478,0.7056531,-1.5228463,-0.70170724,-1.5935509,1.1265333,0.64729434,0.08145225,1.2620564,0.42197004,-0.8154079,1.3581691,0.17832014,0.0036240225,1.1032679,-0.7269158,1.2483695,-0.17568678,0.8921386,0.42385805,0.53247666,-1.9369779,0.9202987,1.611762,0.41498184,-0.8415302,-0.44282043,0.09660342,-0.7204816,-0.64464056,-1.0055552,-2.2868736,0.47259447,-0.96636796,-2.3978298,1.4389871,0.02500651,-0.10615122,-0.7632118,0.49027094,0.18439773,-0.6495193,-0.51989084,-0.2552108,1.0048919,0.078375906,1.116623,-0.5295046,-0.9560297,0.06866808,0.91588885,1.0251088,0.4118719,0.33026955,0.5838888,0.75268686,0.11829002,0.6555778,1.5426626,1.0512049,-0.33783072,0.20690542,1.0875269,1.0503316,-0.0009192154,0.24049765,0.59283185,-0.020670356,-2.809986,-0.9588853,0.09372586,1.615422,-1.013522,0.42266586,-0.020091102,-1.1070025,0.42628723,0.49310565,0.55125034,-0.67037326,-1.0429323,1.2498968,-0.49738812,-0.92048484,-0.13648108,-0.90431154,-1.2672032,0.016892083,0.26630136,-1.6030557,-1.2377008,-1.9234734,0.71145034,-0.55450666,-1.038891,-0.7766627,-1.3735774,0.23863026,-0.63239175,1.0746222,0.4645533,-0.0345307,-1.7277339,-0.060302585,-0.3399305,-0.40998793,-0.928807,0.47697705,-0.09454115,0.98234284,0.44134334,1.3807036,0.49887156,1.2162145,-1.404814,-0.6778238,-0.902199,0.5586873,1.1789728,0.29782513,-0.39778876,1.0784743,0.3471576,1.05732,0.6020563,-1.3104587,0.6681782,-0.28500068,0.60101634,0.08697714,1.8615992,0.1019938,-0.40431425,-0.7629575,-0.38704193,0.26115978,0.8411876,-0.60061896,0.13860776,0.19287491,-0.14296505,0.25729805,0.16970374,-1.0546046,0.44232914,0.99478257,1.5756955,-0.09807798,-0.45330125,0.7326837,-0.587685,0.2165308,1.3559637,-0.48101544,-0.34697533,0.7648586,-0.6683715,1.5573301,-0.7993783,0.8820316,-0.6877636,0.7159132,0.07090059,0.5005881,-0.43087664,0.862889,-0.8714051,-2.4127443,-0.19932947,-0.38723934,-0.06835058,-0.6756238,0.6862558,-0.19744103,0.67458576,0.12328829,-0.38722453,-0.7913896,0.5897621,0.32369012,-0.015069764,1.4051125,-0.35560098,1.2672107,0.78424525,0.95075464,-0.2310496,0.22624998,0.9702553,-0.9202634,1.4762881,1.0568242,1.720978,2.8719697,0.8329908,-1.0943083,-1.2828628,0.5907703,-2.7342312,-0.65877205,0.13035867,-1.471484,1.3052326,-1.8689532,-1.2521147,2.07121,0.22351284,0.36046034,-1.3282632,-1.5191332,0.5611192,1.1537746,-0.46329737,-0.46390802,-1.0368359,0.47166353,-0.95077556,-0.24009098,1.0396991,0.6685436,0.54681987,1.3799706,-0.59874636,1.3927754,0.2055297,0.11168212,1.3871424,0.30538452,-1.4576063,0.021009058,0.78393507,0.06089683,-0.7631152,0.15177849,-0.68332714,-0.16783534,-0.47013712,-0.08575785,-0.12584479,-0.68809724,-0.21299396,0.34249288,0.5142472,0.66342336,1.6615155,0.36078978,-1.3729019,-0.2430786,0.45859137,0.8644157,0.1849725,0.14332727,0.98533857,0.61169666,-0.56455946,0.22395328,-0.3699236,-0.36131167,-0.4569031,0.8740116,0.06708469,0.74112135,0.049759135,-0.6188445,-1.9960312,0.14897278,0.39014634,0.34515104,-0.932051,-1.2132901,-0.6708166,0.9785838,1.0834184,0.029799655,-1.5948856,-0.8553546,-0.04795961,0.35103497,0.6024566,-1.5536971,-1.2657084,-0.7887049,-0.93928266,-0.30165362,-0.23209262,0.4172874,0.3469092,-0.050757706,-1.5978756,1.189001,0.18678094,1.1870052,0.9601586,0.5678917,1.6920383,-0.33667234,0.12970652,-0.12296679,0.54773647,0.7665421,-2.085519,0.42160633,-0.06095545,-1.1708548,1.6990004,-0.39323235,-0.4331044,-1.100265,0.46010327,-0.38196263,-0.3718689,2.1062322,-1.848797,0.8797672,-1.7503626,0.13724181,-0.736783,-1.4271173,-2.2574415,0.11799878,-0.0304472,-0.2883132,0.5006577,0.031516045,0.12623274,1.4427875,0.46419954,0.15298879,-0.32754132,0.21357211,-1.3764958,-0.6094353,0.26956767,1.1869862,-0.8289221,-0.45447758,-0.69716823,-0.36649048,0.42414507,-0.65847754,0.081153244,0.2664832,0.35082746,0.71823466,-0.9427576,-1.2725823,-0.28187817,-1.1318748,2.0898118,-0.0059818923,1.3646858,-0.77282476,-1.2961167,0.5175433,-1.7445564,0.056323726,-1.0566057,2.382218,0.8353171,-0.06520894,0.28108793,1.7066908,-0.4942466,-0.17280066,0.3621411,0.40971184,1.401597,0.62543166,-0.1879983,1.2922013,-0.32690096,1.0983955,-0.3741973,-0.77938145,1.778188,-0.5554701,-0.7289694,-0.3891003,0.12638989,-0.9414716,0.86849475,0.40212405,-0.031789154,-0.11821318,0.16248463,1.4503732,-1.3252405,-1.0530034,-0.2662099,0.99760604,1.1338812,1.8324649,1.6614714,0.38571692,-1.1642668,-2.3533437,-0.3816329,0.8133387,0.19896406,-0.036357492,-0.6742114,0.44876125,0.6900567,0.34957835,-1.4457891,-1.6986879,2.0884385,0.8482732,-0.31468245,1.1529603,0.6748102,-1.85179,-1.1704855,0.5794106,-0.27238625,-0.11824772,-0.29664674,0.391051,0.1011129,0.33651304,0.6592406,0.80080295,-0.08435264,0.13889924,0.57678264,0.47102365,-1.3846389,-0.07429731,-0.25466484,0.8106361,-1.9331098,-0.6712407,0.3264571,-2.4532514,0.6994955,-0.5378754,0.104531586,0.039804183,0.41330907,-0.81853896,-0.92362046,-0.41213697,-0.7279456,-0.55969214,1.0025028,-1.5994585,-1.6321465,0.7795972,0.840153,-1.1014731,0.87458366,0.13204446,-0.5774268,0.9209919,-0.3113989,-0.92059004,-0.21676484,-1.3029158,0.11885999,-0.78584313,-1.511003,-0.867206,0.55345374,-1.6478508,-0.9764312,0.29733354,0.21186665,-1.3686104,-0.17594792,-0.5379431,-0.83258474,1.5213895,0.31634122,-0.6136524,-0.13171202,-0.90531707,-0.6828812,0.9723687,0.5315877,0.609752,0.10344086,0.44499657,-0.39643747,0.34891102,1.9291337,-0.5481107,0.54361147,1.5060773,0.71515316,-0.47708225,0.3423571,-0.27584964,-1.2563294,1.2275888,-1.4637544,-0.48479068,2.562738,0.19441448,-1.4434651,-0.56908846,-0.27719045,-0.10285239,-0.2438994,-0.07034907,0.8023858,1.2478391,0.8775996,2.0074108,0.37064126,-0.69467384,0.27097717,0.7370579,-0.954007,-0.86789244,-0.048291117,0.548756,2.911472,-0.5398389,0.048387304,0.3649391,-0.9929498,-1.1753258,0.81069255,0.85378915,0.11722571,-0.41272002,0.6259399,-1.1575567,-0.5062779,-2.1936822,0.12068057,0.82684326,0.25195485,-0.32059497,0.7043321,0.56689525,0.5262853,-0.88002753,0.7248975,1.1085408,2.236627,0.5800239,-0.45588538,0.80504465,-0.09379265,-1.8113005,-0.077056766,-1.1073182,-0.18073541,0.37249005,-1.258832,0.2580567,-0.8131237,-0.7028277,1.4334064,0.033046372,0.16844676,0.34254974,-2.0141854,2.0876021,-0.17123333,-0.5673348,1.6938095,0.5141256,-0.7692539,0.41658002,-1.8695362,0.7232132,-0.3386584,-0.7551862,0.6254221,-0.17386311,-0.80189157,1.7821579,-0.52964073,-0.2529868,-0.20757785,0.3028556,0.3678603,0.55292624,-0.9139309,0.48337376,-0.9531963,-1.2608142,0.16455907,0.28243837,-0.15758109,0.32388544,0.1920822,-0.18194456,0.06418683,-0.8270751,0.31397504,1.4589566,-0.2199058,-0.3088575,1.3397143,0.61642134,0.03599664,-0.28874338,1.9839191,0.76374614,1.2570682,-0.8106014,-1.0740132,-0.7048961,-0.27542365,-0.8186406,-0.63688457,-0.36162502,-0.35445547,0.8796226,-0.19910796,0.8493073,-0.7533927,0.6647154,0.09631573,-0.75613385,-0.24205792,-0.04008113,-0.5515206,-1.136699,-1.1536566,0.49001712,1.5349872,-0.3928545,0.6547482,0.95899034,1.6851256,-0.09651078,0.06286082,-0.7110629,0.008285433,-0.025361858,1.4425954,-1.5010574,-1.3755705,1.0427902,1.2776855,-0.4351967,0.026092915,-0.22567369,-0.0034166987,-1.2162632,0.8931426,0.17601185,-0.51445454,1.3100245,0.9424024,-0.33999836,0.7753437,0.58917594,-0.4664235,-0.6497524,-0.28894293,0.19620797,-0.48877364,-0.8924561,-0.44921672,-0.58988917,1.0104264,0.1204451,1.0567064,-1.5265427,0.65073633,-0.02158682,-0.21057348,0.24316575,-0.98480946,-1.1335324,-0.8142587,-1.331891,1.5342687,0.9259163,-0.055789515,-1.1642258,0.5316419,1.0419904,0.5565103,-0.12507892,0.10424539,0.53285956,-1.2927318,-0.5818094,-1.5301354,-0.5924966,0.67754966,1.1508101,-1.0838172,0.47503775,-1.3973868,0.1650349,0.25202045,-1.2209302,0.5150366,-0.6041942,-0.34193736,2.8878179,0.92382693,0.29934666,-0.24999698,0.8125148,1.962515,-0.3479653,-0.017691508,-1.044193,0.372449,1.3598416,-0.3419534,-0.87321377,-0.8014629,0.66898656,-0.81807494,0.91326094,-0.97681797,0.09385309,-1.1945201,-0.11870161,0.69024116,-0.86695594,0.13933109,1.2575011,-0.68233395,0.7551225,-0.5001776,-0.7232555,0.32172632,-1.2294489,0.3711291,-0.39803618,0.8766986,0.8585129,0.35105878,1.1501285,-0.40340722,-0.30001658,-0.48606881,-1.0377011,-0.14792544,-1.1958585,0.82349545,0.0809101,0.31865466,1.788552,0.2614196,-1.2637446,0.23007658,-0.11943849,0.59436655,0.07636529,-0.8382994,-0.38968018,0.10188722,0.2450557,0.31824717,-0.74257654,-0.19783556,-0.24473214,-0.010461789,-0.29081658,-0.18921074,-0.55533636,0.6483693,1.6620699,0.3480135,-0.36164623,0.0
イ,0.2505481839179992,0.4489372670650482,0.1492974162101745,-0.5586414337158203,-0.0013604935957118,0.0918458104133606,0.3721223175525665,-0.0234025865793228,0.0832772254943847,-0.4972952902317047,0.922433853149414,0.0710767582058906,-0.3678937554359436,-0.0582557208836078,0.4592601954936981,0.0477102994918823,0.3026152551174164,-0.0985034108161926,-0.3389739096164703,-0.3084463775157928,-0.4294740259647369,-0.4628788530826568,0.0032123664859682,0.1254025250673294,0.4180895090103149,-0.4004127383232116,-0.0911752507090568,0.2276809960603714,-0.1435918509960174,-0.1566646099090576,-0.3757165074348449,-0.3744196891784668,-0.1879740059375763,-0.2184703797101974,-0.278684914112091,0.8278489112854004,0.1410537958145141,-0.2761842608451843,0.0495626181364059,-0.0305525045841932,-0.2750777900218963,-0.103702962398529,0.1346310377120971,-0.2775102853775024,-0.3408503830432892,0.5337256789207458,0.0850845575332641,0.2999982237815857,0.3017307221889496,-0.0298516284674406,-0.4111286401748657,0.4123713672161102,0.2305360287427902,-0.0554429590702056,-0.0002612370881251,-0.1306027173995971,-0.1068493500351905,-0.177051767706871,0.1526751071214676,-0.0106077278032898,-0.080419547855854,-0.2179279178380966,0.1381518840789795,-0.0645262748003006,-0.4898168444633484,-0.2554144263267517,0.0158404614776372,0.0089113507419824,-0.1771092265844345,-0.5936737656593323,-0.3995041847229004,0.2752134203910827,0.1364410668611526,-0.409847617149353,0.4420993030071258,-0.3259541392326355,0.3144108355045318,-0.1611713469028473,-0.1378859132528305,-0.1059435307979583,-0.2272272706031799,0.4182016253471374,-0.1328671723604202,-0.6189823150634766,0.1171788424253463,0.0059523768723011,0.1065851971507072,-0.4834829270839691,0.3780913650989532,-0.5386707186698914,-0.3544098436832428,0.272403359413147,0.5725651383399963,0.3448121547698974,-0.2858032286167145,0.0702245160937309,0.1583373248577118,-0.2321749329566955,-0.2503252625465393,-0.1264444589614868,0.5010859966278076,-0.3914403915405273,0.1215318441390991,-0.1627832204103469,-0.1635713726282119,0.1289453953504562,-0.4897728264331817,0.5729210376739502,-0.0315574333071708,-0.1191677451133728,-0.2018569260835647,-0.2577365636825561,-0.3563779592514038,0.4040128290653229,-0.2662290036678314,-0.1149513870477676,-0.1682388335466385,0.3997953832149505,-0.2984249293804168,0.1948220431804657,0.2346782982349395,0.2928614318370819,0.0676141455769538,0.1553054451942443,-0.0961431860923767,0.5456915497779846,-0.2279289662837982,-0.0558218955993652,0.0611917041242122,-0.2349888235330581,0.2706878185272217,0.0724034383893013,-0.3393912613391876,-0.1392006874084472,-0.5784204006195068,0.2526203095912933,-0.155659407377243,0.0599726513028144,-0.0823525488376617,-0.5838775634765625,0.047910239547491,-0.2668199837207794,0.2308844178915023,0.1897561997175216,0.0472326166927814,0.0304461829364299,0.4092461466789245,-0.2077170759439468,0.446753054857254,0.1353139877319336,-0.0519040711224079,0.783359169960022,-0.3722396194934845,-0.2989800870418548,-0.2798097133636474,0.042486522346735,-0.3434524536132812,0.0400078408420085,0.0653272718191146,0.4727227985858917,0.2746033072471618,-0.6966155767440796,0.0782220959663391,0.4430415630340576,0.2624966502189636,0.7815207242965698,0.1209591776132583,-0.0958712175488472,-0.0241772830486297,0.5504213571548462,0.2618978321552276,0.4256070256233215,0.1255105286836624,-0.5663151741027832,0.2344573885202407,0.5653722882270813,0.1362340450286865,0.1511902064085006,0.2922266721725464,-0.4613509178161621,0.1085969433188438,-0.4493367969989776,-0.2269296944141388,-0.4779540002346039,0.5775596499443054,-0.1593138724565506,-0.1407499462366104,0.0492161028087139,0.0404408201575279,0.0006456886767409,-0.5783886313438416,0.0301188584417104,0.5472155809402466,-0.4307481944561004,-0.0494826287031173,-0.1220207810401916,-0.0579941235482692,-0.3472139537334442,-0.1853754818439483,0.5233907103538513,-0.0871587991714477,0.2898628711700439,-0.2703546583652496,-0.2009024322032928,-1.124642014503479,-0.222978800535202,0.2935783565044403,0.4990005493164062,0.2641696035861969,0.1191057860851287,-0.4838886857032776,0.2278601378202438,0.4431247413158417,0.4852368533611297,0.0213789027184247,0.0502767190337181,-0.2780689299106598,0.179585114121437,0.3599025011062622,-0.5641339421272278,0.0423757135868072,-0.1109554767608642,0.0774233862757682,0.3421428501605987,-0.2297710478305816,-0.103759691119194,-0.0296202395111322,0.0609361641108989,-0.1472322195768356,0.7782184481620789,0.2733465433120727,-0.0964207574725151,-0.5749717950820923,-0.4450890123844147,-0.9197883009910583,0.2412146925926208,-0.1610824167728424,0.22455695271492,0.3092661798000335,0.297025203704834,0.2582457661628723,-0.2680031061172485,-0.1428358107805252,-0.2700835466384887,-0.2408133894205093,0.3363486230373382,0.1937740296125412,-0.1581805199384689,-0.5909778475761414,0.3315999209880829,-0.5108320713043213,-0.2683800160884857,0.6358513236045837,-0.1435994505882263,0.5744237899780273,0.1409382820129394,0.4897727072238922,-0.0853540748357772,-0.1874617785215377,-0.0955950766801834,0.0436156764626503,-0.4138393998146057,-0.1069721728563308,-0.2344851791858673,0.0109996134415268,0.1046502217650413,0.0584264323115348,-0.636326253414154,-0.0737071558833122,-0.3163428604602813,0.1024644523859024,-0.5688919425010681,-0.0704476460814476,0.230291873216629,-0.3569014072418213,0.250668466091156,-0.1041097939014434,0.3356075882911682,-0.2991388738155365,-0.0898166894912719,-1.0346769094467163,0.462022066116333,-0.7326732873916626,0.3542755842208862,0.1198809146881103,-0.1020419746637344,-0.0654364451766014,-0.1256033927202224,-0.1999105513095855,0.5118235349655151,0.1648826599121093,-0.2880998849868774,-0.5125777721405029,-0.0331790335476398,-0.1484315097332,0.0892459005117416,0.1570788919925689,-0.2203528583049774,0.0077931177802383,0.118221990764141,0.5483359098434448,0.1169387027621269,0.1514610946178436,-0.168676421046257,-0.3166066408157348,-0.8211398720741272,-0.174249917268753,0.1659409701824188,0.6097294688224792,-0.3898724913597107,-0.1515483856201172,1.065920114517212,-0.1712241768836975,-0.2753693759441376,0.2073781341314315,0.4925227761268616,-1.4006301164627075,0.1897653192281723,0.588225245475769,0.0082712536677718,0.0532373040914535,0.3261024951934814,0.305587887763977,0.3564168214797973,-0.5224007368087769,-0.0392370522022247,0.3144610822200775,0.3735979497432709,-0.0036170836538076,-0.3670718371868133,0.3963320851325989,-0.0700402110815048,0.0745707526803016,-0.612056314945221,-0.3191026151180267,0.4119139909744262,-0.0874440968036651,0.0874632224440574,-0.0170665271580219,-0.3100562393665313,0.0694663971662521,-0.2886847555637359,0.2692031264305115,-0.325777143239975,-0.2060827612876892,-0.2726702988147735,0.2635100781917572,0.449198842048645,0.661635160446167,0.5164912939071655,0.3551589548587799,0.2686977684497833,0.4473485052585602,0.3802987933158874,0.4603124260902405,0.3109914064407348,-0.1063156351447105,0.0195352584123611,0.5475675463676453,0.3219617009162903,0.2603946328163147,-0.0276618730276823,-0.2409785836935043,0.6404382586479187,-0.0342877991497516,0.4841922223567962,0.4391713440418243,0.6220520734786987,0.3925226628780365,0.2461102455854416,0.4162329435348511,-0.1992395222187042,-0.1421195566654205,-0.3447634279727936,0.2172411680221557,-0.2869605720043182,-0.159542977809906,-0.1537368595600128,0.2500409781932831,-0.1458094269037246,-0.51259446144104,0.1407272219657898,-0.4438359141349792,-0.0136881181970238,0.1929426491260528,-0.2214354574680328,-0.5873409509658813,-0.4135623872280121,-0.4071406424045563,-0.5993702411651611,0.487648457288742,0.2242782115936279,0.1675911098718643,-0.5403475761413574,0.1199017167091369,0.1179696023464202,0.1697641909122467,-0.1759710162878036,0.0114829167723655,-0.1525502800941467,0.0282090436667203,-0.1229961067438125,0.0094847762957215,-0.6527937650680542,-0.4276649355888366,-0.5186935663223267,-0.8451845645904541,-0.1182984411716461,0.1161651164293289,0.3922761380672455,-0.0325253829360008,0.1955144107341766,0.1770944148302078,0.2159095853567123,-0.2994886338710785,-0.1859803646802902,-0.8119920492172241,-0.0156768765300512,0.2146668434143066,0.2322666496038437,0.232969045639038,0.1962420046329498,0.1099632307887077,-0.0482075437903404,-0.2861345410346985,-0.012153910472989,-0.2400132715702057,-0.2711018323898315,0.9789894223213196,-0.2605230808258056,0.4552047252655029,-0.1963374316692352,0.1221195682883262,0.3167569637298584,-0.1554841697216034,-0.112817458808422,-0.0907303839921951,0.4706625342369079,-0.1368854939937591,-0.1007928028702735,0.0552294701337814,0.4654022455215454,-0.323762983083725,0.1653086394071579,-0.0653367415070533,0.1071037575602531,0.2053379118442535,-0.0762300416827201,-0.1510095745325088,-0.2405013442039489,0.1477335095405578,0.2341473698616027,0.2862294316291809,0.2517187595367431,0.2906464636325836,0.603635311126709,0.0465304367244243,0.2981800138950348,0.2586971819400787,0.7238072156906128,-0.2899322211742401,-0.2150292694568634,-0.4939345717430115,-0.0892949178814888,-0.4694490730762481,-0.1574169397354126,0.5626305937767029,-0.2203343510627746,0.2118527293205261,-0.1339785903692245,-0.6529372930526733,-0.0651318654417991,0.0051952362991869,0.0690673440694809,0.0703841000795364,0.3648920953273773,0.4399062097072601,-0.0126997204497456,-0.6327009201049805,0.5944579839706421,-0.3083150088787079,0.5145155787467957,0.3459455370903015,-0.5750617384910583,-0.2742610871791839,-0.0764722600579261,0.0789083093404769,0.0509687885642051,0.2437104284763336,0.5642279982566833,-0.3491406440734863,-1.0541503429412842,-0.1875897049903869,0.253937304019928,-0.1902288049459457,-0.4174838066101074,0.2181191146373748,0.1227318570017814,-0.9403929114341736,-0.6611847281455994,-0.3907082676887512,-0.2368012964725494,-0.0750048086047172,-0.9417609572410583,0.2107371240854263,0.0918762311339378,-0.0685869976878166,0.4357554912567138,0.0065562450326979,0.0523173697292804,0.2633278965950012,0.4124357998371124,0.32712522149086,-0.5278412699699402,-0.0882996395230293,0.1802866458892822,-0.0107608418911695,0.0757314711809158,0.4335595369338989,0.0022350514773279,0.1346089839935302,-0.0360789820551872,-0.6570267677307129,-0.1326983571052551,-0.3951635062694549,-0.8622023463249207,0.3906485438346863,-0.0485257804393768,0.2440661787986755,-0.4389907419681549,0.3586048185825348,-0.2363224476575851,0.0419668890535831,0.1436831504106521,0.0125273689627647,0.0706452205777168,-0.6102577447891235,0.3147449195384979,-0.4907277226448059,-0.4119032323360443,0.8037401437759399,0.6327239871025085,-0.277031272649765,0.0262137148529291,0.3444098234176636,0.0450162589550018,-0.3139759302139282,0.0423781313002109,-0.0282185282558202,-0.0554161630570888,-0.1430779546499252,0.2068943828344345,0.3075024485588074,0.0210439786314964,-0.2298358529806137,-0.2397428303956985,0.5746675133705139,0.4281243979930877,0.2773855924606323,-0.1015438437461853,-0.0849071964621543,-0.2149445414543151,-0.3835354745388031,0.1777462214231491,0.1371704339981079,0.6504777669906616,-0.1978227198123932,0.90113627910614,-0.1241719648241996,-0.3456954061985016,0.2918019294738769,0.6946764588356018,-0.100216694176197,0.2651370167732239,0.1185874417424202,0.1118910908699035,-0.889651358127594,0.1925767362117767,-0.256352037191391,0.2200701981782913,0.1242488473653793,0.4356253743171692,0.467876672744751,-0.6214590072631836,-0.260323166847229,-0.1672984957695007,0.1883513331413269,0.0608341209590435,0.5436148047447205,-0.025854293256998,0.0934903025627136,0.2462126761674881,-0.1927277445793151,-0.0298794582486152,0.1243695616722107,0.0780878812074661,0.8339083194732666,0.2224399149417877,0.0871190205216407,-0.2118162512779235,-0.8105356693267822,0.3458636999130249,-0.0689836740493774,0.018697315827012,0.4625156223773956,-0.282231330871582,0.1249693036079406,0.3071497082710266,0.6096946001052856,0.1468066424131393,-0.2993062138557434,-0.793890118598938,0.1002339199185371,-0.0204421188682317,-0.0992076396942138,0.2560797929763794,-0.0415349118411541,0.3648510277271271,0.203915536403656,-0.1634592562913894,0.0352919995784759,0.5447142124176025,-0.1733648031949997,0.0036587237846106,0.304246574640274,0.1871929317712783,-0.4307031333446502,0.0009281226666644,-0.2076293379068374,-0.4050754308700561,-0.4266373217105865,-0.2039306312799453,-0.2270745187997818,-0.0535288043320179,-0.1840565502643585,-0.0797881931066513,0.2254985123872757,0.1304506063461303,-0.1006392464041709,-0.3923006653785705,-0.3506778478622436,0.5158728361129761,-0.7764759063720703,-0.1357771307229995,-0.1237556636333465,0.0765950009226799,-0.1074878200888633,-0.0110861044377088,-0.3666615784168243,-0.1664658933877945,-0.1050653979182243,0.1489000916481018,0.0398935228586196,-0.416027158498764,0.2048544883728027,0.2299579083919525,-0.1175116971135139,-0.788458526134491,0.1993530094623565,-0.0932439640164375,0.6569687724113464,-0.1900956332683563,0.2818269431591034,-0.2750597894191742,0.2358642965555191,-0.3131818175315857,-0.1302007734775543,0.0328198932111263,-10.583672523498535,-0.0490938015282154,-0.445158988237381,-0.1263294517993927,-0.4172158241271972,0.4067028164863586,0.6914451718330383,0.2893685698509216,-0.4186541438102722,0.0356551110744476,0.3733002245426178,0.3360385596752167,0.267772227525711,0.3577016592025757,-0.6444789171218872,-0.2057143747806549,0.1316499561071396,-0.0891802087426185,-0.1396465450525283,-0.2161887139081955,0.2653757333755493,-0.0017534146318212,0.2895424365997314,0.6346953511238098,0.0794324725866317,-0.5257126092910767,-0.4686369895935058,0.2963267862796783,0.0342756062746048,0.2951556444168091,-0.3470078706741333,0.142052948474884,0.0479567125439643,0.319089412689209,-0.3116777241230011,-0.2718498408794403,-0.1247318685054779,0.3276664912700653,0.1142612621188163,0.191989004611969,0.2599020004272461,0.657625675201416,0.285983681678772,0.0854373276233673,0.2722641825675964,0.4464370608329773,0.5172173380851746,0.294055163860321,0.6834058165550232,-0.0487478226423263,0.0203231442719697,0.3268148303031921,-0.1709272563457489,-0.1003255695104599,0.3273875713348388,0.0490538142621517,0.7690467834472656,-0.6563530564308167,-0.44570192694664,0.073697306215763,-0.0454915389418602,0.0713259354233741,0.9178944230079652,0.5181217193603516,0.0308233760297298,-0.0776502043008804,0.312881737947464,0.4847948849201202,-0.5009794235229492,-0.2229619175195694,-0.0355613268911838,0.2150739580392837,0.0117330383509397,-0.0769709050655365,-0.5127115845680237,0.275899589061737,-0.004084981046617,-0.2585968971252441,0.3279469013214111,0.2067940235137939,0.1488009393215179,0.2203200012445449,0.015926444903016,0.1426022797822952,-0.5167419910430908,0.1087146177887916,-0.2099006623029709,0.1725313067436218,0.0848772972822189,-0.4644400477409363,-0.07003665715456,-0.2248544692993164,-0.0309130512177944,0.7703751921653748,0.4164022207260132,-0.0329809635877609,-0.0987273156642913,0.102551057934761,0.5012519955635071,0.0252322237938642,-1.0162802,-0.78043234,0.8581212,1.2713346,-0.7626579,-0.5822551,-1.6011119,-0.050669674,1.0438576,-0.5569155,0.5668588,1.0096643,-1.0568086,1.8183048,-0.51093584,0.0761808,0.6687947,-0.44633597,0.024745405,-1.0558196,0.6096827,0.702002,0.61903477,-0.79031295,0.78782463,0.5027438,0.33187857,-0.6156006,-0.5248822,-0.37424183,-0.42312765,-0.5327338,-0.82031494,-1.3590178,0.045291025,-1.2298954,-0.67862797,0.92583835,0.11804116,-0.2903619,-0.63120526,0.43660086,-1.1876719,0.1451488,-0.8101019,0.00044991076,2.0301256,-0.5359763,1.0319326,-0.9335564,0.11081318,0.0049339235,1.1065238,1.5359164,1.8418915,-0.10938933,0.27396598,1.0167891,-0.07386309,-0.29147673,1.1390929,1.3564898,-1.2663213,0.37321717,1.1873164,1.3484852,0.51080287,-0.9853204,-0.411936,-0.4542418,-2.0987656,-0.03942032,0.33814994,1.4880205,-1.8545605,1.369687,-0.5736346,0.44599876,0.5255883,-0.10399757,-0.0005889982,0.87464213,-0.9286325,2.1957123,-0.20064925,-0.6246127,-0.5949078,-0.3991929,-0.5767441,-0.036827296,0.27656734,-1.3716688,-1.3560147,-1.5316812,1.3550882,0.20369494,-0.9773128,-0.4175365,-1.2745142,-0.08954944,-0.63221526,1.3767266,-0.6740804,0.4278019,-1.4654472,0.44673446,-0.80910814,-0.18302786,-0.20851251,0.53349453,-0.0286332,0.015826017,0.5699687,1.3789881,1.1285262,1.8311865,-1.2455798,-1.0811785,-0.073507965,0.015031874,1.2545595,-0.089132965,-1.196733,-0.06603055,0.6853996,1.3359063,0.59328115,-0.3118539,0.49126658,-0.29866952,1.026406,-0.5861281,0.9926306,0.87918097,-0.82083863,-0.53764606,-0.4498399,0.4716133,-0.118409395,-0.5531157,-0.5809731,0.019640893,0.09896929,0.16882749,-0.60856473,-0.9546329,0.23034479,1.1150799,1.3082459,0.67233986,0.16707703,-0.026910305,-0.876182,0.35524595,1.3705157,-0.39745024,0.33194196,-0.3710997,-1.3196969,1.8283949,0.22016795,1.5588745,-0.63502526,0.26634383,0.004477199,0.12605262,-0.33825982,0.65733635,-0.6840613,-2.282703,-0.32956344,0.4505795,-0.5543242,-0.09289718,-0.11949213,0.25550044,-0.1395278,0.1368734,-1.2674544,-0.09041165,0.14863743,0.6087311,-0.06538247,2.5297437,-0.8301165,0.08590127,0.656585,0.44670364,0.24775875,0.30574995,0.49612626,-1.3262249,0.8964002,1.2567475,1.3661442,2.5917056,0.3401041,-1.1215382,-1.2992396,0.5713011,-2.1237488,-0.35462546,0.8659062,-1.0622852,1.7196722,-0.25305557,-1.1887822,1.4961687,0.83078337,0.36761785,-1.256058,-0.77960443,0.5301526,0.4665751,-0.89468145,-0.20823908,-0.7189108,0.09769617,-0.74571943,1.0466397,0.32467762,-0.57891905,0.13238364,1.5092998,-0.7312107,0.7047201,0.65257853,0.26973987,0.26732707,0.55981874,-1.4881724,-0.20252076,0.41617092,0.089617684,-0.9010133,-0.36012334,-0.57488996,0.80331784,-0.32591006,0.3055018,-0.27160776,-0.19005027,-0.13612017,0.024355143,0.56194645,0.37767023,1.595849,0.4268922,-2.1107378,-0.49965975,0.049997047,1.3895617,0.11663625,0.24293315,0.6148317,0.08385837,0.30934435,-0.5074339,-0.031515032,0.025059432,0.46198523,1.2434357,-0.39337832,0.99278617,0.7448779,-0.9374568,-0.4160858,0.43050152,0.27844638,-0.7541534,-1.2565186,-0.50249,-1.3818204,0.45059967,0.65727174,0.35261446,-1.363493,0.60118735,-0.93834966,0.90420085,0.97741795,-1.1217382,-0.67480195,-0.4179142,0.21825673,0.30397284,0.044954523,-0.19180855,0.68450046,0.889446,-2.3762598,0.87551343,-0.027904838,0.65791744,1.0769979,0.32007003,1.8328594,-0.31888822,0.60661954,-0.8094883,0.34887102,1.0895498,-1.9285767,0.5275744,-0.08352408,-0.2801835,1.2957364,-1.0893929,-0.32707378,-1.0132028,0.83113796,-0.51099914,-0.83951837,1.6830413,-2.0027108,1.179064,-1.5073812,-0.34102696,-0.7266655,-0.56279755,-1.7576355,1.0393511,0.13967486,-0.30913454,0.2672226,-1.3202175,0.056601614,0.47028852,0.03381201,0.78417253,-0.88567466,1.0818388,-0.4553115,-1.4807875,0.001263991,0.8025743,-1.6013348,-1.4740013,-1.3626668,-0.38562655,1.0010433,-0.6115771,-0.71004564,0.5993711,0.24115086,0.99122155,-1.0727309,-0.39528292,0.37700227,-0.88109064,1.52558,0.015867546,1.4080589,-0.09808711,-0.44938362,0.6729839,-1.998591,-0.6536393,-1.3154235,2.1868768,0.5122558,-0.1606696,0.456962,0.31718153,-1.5111668,-0.99213207,0.8820512,0.09837003,1.5682132,0.051531255,-0.022074498,1.0918229,0.06672764,0.32677,-0.25200626,-0.72325194,1.324973,0.6161123,-0.4054315,-0.38330105,0.018157646,0.24315947,0.001561895,-0.14166215,0.23438036,0.4688356,0.14145015,1.6790341,-1.6379879,-0.9823627,-0.43648064,0.78185415,1.7245414,1.0133498,1.7911812,-1.0674602,-1.5049624,-1.9401802,-0.038072363,1.9080427,0.1302293,0.7196533,-0.7308711,0.09371638,-0.0130328685,-0.33739665,-0.76464844,-1.926599,2.6120152,0.51493526,0.34328982,1.8489821,-0.7967636,-1.3273387,-0.6199256,0.6137718,-0.09663334,-0.94375455,-0.21675503,0.8237468,-0.3741626,1.1130859,0.2335879,-0.18591706,0.20747808,0.098985896,0.7603232,0.8402342,-1.6205752,-1.3121448,0.078869715,0.25675127,-1.8929837,-0.8323646,-0.16080584,-1.7935247,0.15424544,-0.5402809,-0.5262221,-0.71177554,-0.33542866,-0.10250996,-0.70761085,-0.17745468,-0.79704916,-1.3998963,0.78656447,-1.5854001,-1.6484532,1.2379206,0.92743254,-2.0081038,0.4239935,0.18285528,-0.023467,0.2654283,-0.19103515,-0.7239717,0.5186751,-1.23346,-0.1184825,-0.35926464,-1.1510068,-0.79290146,-1.0256188,-1.7041168,-1.8727803,0.53199965,1.4716011,-2.2454932,-0.09582444,-0.40132663,-0.80341095,0.75988674,0.7841984,0.48596215,-0.8801784,-0.89394546,-0.53445864,-0.16939694,0.6460313,0.09945813,0.119986154,0.114409536,0.6122116,0.4714775,1.7814239,-0.25301287,0.07413388,1.0716951,0.20772272,-0.9425318,1.051352,-0.39719167,-0.03952844,0.43498763,-1.400578,-1.8350056,1.4782594,-0.47763592,-1.5449414,-0.10229832,0.33853382,0.3306232,0.34971443,0.3414812,0.51788765,0.76721644,0.86801744,2.257534,-0.3696856,-1.0004755,-0.4559591,0.38410372,-0.514842,-0.73163915,1.3137627,0.4712411,3.1671634,-0.95701027,-0.17815632,0.932274,-0.6949062,-1.110183,0.68599474,0.45688337,-0.3400913,-0.733044,0.18768243,-0.7886916,-0.094475344,-1.688379,-0.64652646,0.9064333,0.21582563,-0.035722524,-0.7220762,0.45099393,0.5969232,-1.2644771,0.23310064,1.130845,1.0614893,0.40143526,-1.0693526,0.1468918,-0.8155029,-2.2448611,-0.33194315,-0.36612505,-0.1235985,0.76485825,-0.35784882,0.2561539,-1.3524837,-0.4622597,0.7406493,-0.51549125,0.12859993,-0.32408333,-1.6979678,2.0841382,-0.5157706,0.2111054,1.3410256,0.8241065,-1.5769403,0.22900087,-0.44184822,0.67442244,-0.44135252,0.3129765,0.32305416,0.29362702,-0.42549086,1.2803895,-0.05890669,-0.18977532,-0.012121975,0.6962548,0.51393497,0.3668046,-2.1811843,0.7680329,-1.9038057,-1.5915626,0.5039423,0.58916116,-0.47972465,-0.58423483,-0.9309477,0.5825379,1.1516086,-0.8758683,1.0050915,2.267963,-0.48532173,0.02281405,1.2954032,1.1247768,-0.83203065,0.1001914,2.1431487,0.1888706,1.4926538,-1.4282398,-0.40560165,-0.7175866,-0.7004081,-0.9195065,-0.30890805,-0.51428246,-0.08281091,0.08299032,-0.26904133,0.093011394,-0.98769855,0.30490437,1.2551792,-1.2764131,-0.71039927,0.35745975,0.17177919,-1.0820132,-1.3909541,0.69256437,1.3020245,-0.011905,-0.20901187,-0.06740059,1.0900449,0.9746402,0.0088003725,-0.25424755,0.049229175,0.8382776,0.96950865,-0.79364204,-0.88498074,0.4411519,1.9775206,-0.6327306,1.0995464,-0.4230696,0.21389951,-1.5649981,1.1425564,1.039045,0.3052779,0.7752128,0.6653749,0.18793352,0.55470234,-0.3736969,-0.26571164,-0.03792718,-0.27986047,-0.22881463,-0.268941,-0.85076416,-0.08205502,-0.49398017,-0.40302002,0.64100754,0.5128683,-1.6692133,0.58323115,0.01451382,0.05253553,0.1621084,-0.8961313,-0.7215667,-0.27778062,-0.45575243,1.6653421,1.0841305,0.31017604,-1.870292,0.41648042,0.7381621,0.23135439,-0.14335133,0.4870533,-0.03316004,-1.3307474,-0.6319982,-2.0305655,-0.37659475,0.5196496,1.0368,-0.9116746,0.3898122,-1.1777861,0.7773982,0.7888935,0.29420367,-0.091532886,-0.10230923,-0.6397498,2.1025472,1.5615225,-0.23933199,0.29455853,1.0774926,1.2424695,-0.43600097,-0.0691067,-1.255875,0.9861264,1.062142,0.35671073,-0.59016585,-0.7129135,0.23037541,-0.27306467,2.2736032,-0.2473643,-0.5091537,0.046582136,0.11499885,-0.96354866,-0.63172543,-0.70846784,0.035829008,-1.5092705,0.08897414,-0.78328156,0.0031654537,0.918169,-0.65361524,0.26757348,0.23798797,0.58591306,0.9881047,1.2193148,0.7071698,-0.6313909,0.16541618,-0.89816964,-0.5730466,0.8375501,-0.6429752,-0.0010252297,0.3626875,0.95849836,1.8033655,0.5932353,-0.738922,0.082271755,0.30061537,0.4821428,0.30697456,-0.30416068,0.028930243,0.34885457,0.172342,0.5095156,-1.2035993,-0.269767,-0.09691376,0.330861,0.0735884,0.35397077,0.7725558,-0.038300976,1.3787916,-0.049770787,0.039528415,-0.46456566,-0.30040878,0.48222584,0.56531066,-1.2365437,-0.48991966,-1.6500275,0.94870347,1.1466662,0.18204992,0.36870486,-0.376113,-1.2732852,2.4016607,-0.84419984,0.31408393,1.2049628,-1.2116053,0.25037423,0.08449335,0.28638875,0.5340377,0.5675541,-0.93397206,1.081074,0.6432041,0.4084255,-0.3338316,-0.26489532,-0.8058225,0.08242655,-0.3691477,-1.0592836,-0.16653569,0.16953495,-0.74737823,-1.6735718,0.99561274,-0.0815681,-0.68880457,-1.1421678,1.4991474,-0.034447704,-0.6051162,-0.44002932,-0.2905829,1.6070312,-0.7892332,0.33838633,-0.4899165,-0.97961366,-0.06760121,0.6021263,0.79531515,0.28627047,-0.8063356,0.9541131,0.960776,0.24782422,-0.84092224,0.26183316,0.42145842,-0.6513318,-0.8658722,0.70308673,1.0749011,0.06297362,-0.2769,-0.07651293,0.10703032,-1.9547726,-1.3249774,-0.12782216,1.2473288,-1.6112859,0.722456,-0.00036268233,-1.364285,0.2587246,-0.10337374,0.5070335,-0.28659385,-0.67325926,1.167739,-0.7174201,-1.082577,-0.3921502,-0.48501644,-1.392206,0.010815392,-0.54738593,-1.6341568,-1.5197899,-1.6126978,2.0979595,0.21942839,-1.0025674,-1.023297,-1.0689325,-0.19926424,-0.17227626,0.79822195,0.8791965,-0.25257713,-0.74525607,-0.7622619,-0.60644084,-0.377045,-0.56766695,0.6766902,-0.20712408,0.6022831,0.857571,1.5523555,0.8717802,0.5194238,-1.4475425,-0.7900367,-0.81646156,0.32508254,1.8520632,0.45885578,-0.59124583,0.46396485,0.35926852,0.7970638,0.31678128,-0.30745497,0.4573183,-0.09606092,1.344718,-0.11291771,2.3917215,1.0443666,-0.5659035,-0.6720342,-0.32841676,0.822137,0.40790004,-0.8476798,-0.41744217,-0.08004054,-0.5134791,-0.066293016,0.24469729,-1.2241623,0.1139089,0.29322797,1.9008732,0.31475645,-0.5644872,0.31776476,-1.717425,0.38749593,1.2899995,0.13742092,0.17037734,0.40678462,-1.1101562,1.7936836,-0.74543583,1.4101797,-0.6978249,0.78115296,-0.2954266,0.52883524,-0.824551,0.21815582,-1.0247549,-2.5914497,-0.44180775,0.20477204,0.7780341,-0.15622452,0.94564515,-0.2771892,-0.22724159,0.5528174,-1.2042968,-0.30219236,1.0239373,0.74638563,-0.19238965,1.617601,0.03784426,0.74129874,0.5266695,0.20774606,0.918718,0.09227128,1.6951771,-0.15811458,0.9591902,1.265887,1.0126916,2.700686,0.28930697,-1.52128,-1.5234352,1.0480754,-2.3828335,-0.24551503,0.57444036,-1.4210298,1.1823059,-1.4527991,-0.92531455,1.7406027,0.8394747,0.10893053,-1.4624956,-1.2612164,0.9397478,1.1135134,-0.38985223,0.021158561,-0.82771313,0.351136,-0.61004865,-0.50621134,0.7493381,0.93928146,0.7633707,0.6277848,-0.9548109,0.8469612,0.45778093,0.21645269,0.15201895,1.0129688,-0.59345484,0.47294062,0.94753706,0.06467117,-0.8918375,0.60952383,-0.255243,0.5102316,-0.4454894,0.5901786,0.6187909,-0.5963147,0.31976604,-0.34036765,0.43965358,1.0128286,1.7531536,0.108917095,-1.597393,-0.41040438,-0.25333524,0.68341863,0.8040988,0.37810057,0.38380703,0.9797106,-0.73227626,0.12769857,-0.06374386,-0.2966844,-0.028176893,0.21536286,0.34832868,0.17198825,0.40524182,-0.7765006,-0.99714345,0.060154866,0.24980636,-0.798577,-0.6594167,-0.58057785,-0.9516085,0.34867018,0.65803564,0.35586515,-0.5812624,-1.1759684,-0.271048,0.7352568,0.8031421,-1.7169755,-0.24917579,-0.08018498,-0.45526615,0.5075215,-0.04236554,0.23589544,0.42651242,0.23871645,-1.3575194,1.0409579,-0.22707787,1.1357135,1.1925266,0.021820668,1.3362336,-0.66963756,-0.22363953,-0.92620003,0.29962203,0.9356271,-1.5792382,0.815451,-0.49245483,-0.70539415,1.3038883,-1.4651304,-0.08084658,-0.9533583,0.3759358,-0.57889163,-1.2259918,1.742617,-1.9762548,1.6228584,-1.5947015,-0.5717348,-0.5426739,-0.7509023,-0.7970753,0.39336717,0.41548434,0.2877579,0.23034663,0.051986195,0.37444243,0.28931898,-0.04819269,1.2514497,0.32190418,0.65792334,-1.3713094,-1.4707654,0.06358443,0.23924597,-1.2874053,-0.72722554,-1.473842,-0.22282755,0.3645209,-1.1666363,-0.8035366,0.814843,-0.7019181,0.63432217,-1.4032853,-0.99221545,0.5450068,-0.8908948,1.7306591,-0.78731793,1.5545263,-1.2942317,-0.6500625,0.29254645,-1.3658972,0.28002098,0.051468622,1.916486,0.5321844,0.5384444,0.6521102,0.9170786,-0.60610837,-0.1205024,1.4263794,-0.15724829,1.7376165,0.25989732,-0.36053845,1.7769053,0.09943194,0.9248575,-0.21447401,-0.00027202367,1.686395,-0.5276786,-0.38575408,0.30847183,-0.057717074,-0.10374789,-0.07723471,0.73584956,0.36377302,-0.3423596,0.54781973,0.8302399,-0.30115905,-1.3128988,-0.41427603,0.87463725,1.3388875,0.9502443,1.4233961,-0.27852106,-0.40840062,-1.8533056,0.51584446,0.9461689,0.57089627,0.31812674,-1.5910885,0.90124303,0.45771217,0.20463824,-1.7228712,-1.9308655,1.5477822,0.71219736,0.029777873,1.4990537,-0.84280604,-1.7367493,-0.5310751,0.11576022,-0.22647047,-1.2539576,-0.9675766,0.065956,0.0891448,1.6039292,0.89384043,0.7419349,-0.015288418,-0.3334217,0.68237364,-0.038502507,-0.4550318,-0.010699669,-0.024280954,0.59490246,-1.636244,-0.40062207,0.31975177,-2.394891,1.3405757,-0.1992033,-0.49884534,-0.31278333,0.31142634,-0.94042444,-0.29239258,0.14242218,-0.97952443,-0.0947092,0.7470402,-1.3049778,-1.0854973,1.4996704,1.0650758,-0.25518566,0.16203192,0.4735611,-0.13831136,1.0373127,-0.25515658,-0.528118,0.07006668,-0.26097226,0.049224593,-0.2893007,-1.3315389,-0.33192334,0.6416108,-0.86617947,-1.198555,0.69768417,0.20198365,-1.5228225,-0.53019637,0.15902963,-0.8514013,0.8553175,0.8282007,-0.302504,-0.2841736,-0.89643735,-0.73911965,-0.27872735,0.20420626,-0.6926319,-0.09886497,0.7471092,-0.9204359,0.36342025,1.9025347,0.08133058,1.9071586,1.4324714,0.122847416,-0.17900074,0.61591727,-0.07714137,-0.44021067,1.0058941,-1.1027969,-0.97835493,1.6554453,-0.023687154,-0.8899129,0.031226158,0.719587,-0.32123962,0.11131106,0.038755454,0.53815204,1.4490739,1.1542045,1.7112093,-0.0026262521,-0.22711246,-0.76703364,0.6088901,-1.0618124,-0.87261903,-0.23091578,0.64889604,2.6311684,-0.53766155,0.35455424,1.054196,-1.3031008,-1.0113434,-0.02904737,0.61670315,-0.13350017,-0.69737554,0.21587567,-1.3121579,0.10752921,-1.7411648,-0.4828773,0.78623664,1.1040113,-0.76992595,0.24042234,0.92275494,-0.112230435,-0.86586034,-0.23829278,0.5485991,1.7789385,-0.43541718,-0.60498524,0.068335876,-0.9182607,-1.8665997,-0.23271465,-0.93385,-0.8724964,-0.064865075,-0.18010244,0.003955281,-0.6395179,-0.6439816,1.5559889,0.30401498,-0.72865415,0.54658073,-0.7619156,0.7627734,-0.37523067,-0.7516832,1.9425443,0.41991812,-1.2714303,0.50485814,-1.3177242,0.8481199,-0.6508999,0.65167123,1.1484584,0.8774311,-0.7418081,0.9939348,-0.3203452,-0.26160598,-0.18268478,0.87863046,-0.44314098,0.08154859,-1.8724442,1.0234401,-1.3171713,-1.0726174,0.1184904,0.99592286,-0.9056016,0.045330238,0.09380098,0.7316855,0.15999435,-1.4006851,0.19733554,2.0119596,-0.59369045,-1.1441498,0.40209088,0.45910397,-0.49689847,0.42461562,2.163477,0.2949919,0.5768831,-1.2449661,-0.91858876,0.8306198,-0.676971,-1.6455574,-0.7397443,-0.33585444,0.14923283,0.30855352,-0.18569246,1.0860302,-0.17200175,0.5688156,0.7362073,-0.39433843,-1.0072142,-0.19084026,-0.27278432,-1.311627,-1.2952648,0.56537986,0.73248637,-1.030923,0.4545219,0.8071278,1.810043,0.6275682,-0.82078373,-0.6102875,1.1026459,0.8868086,0.5246339,-1.3215783,-0.8532332,0.42520466,0.9827936,-1.218366,0.08579996,-0.45488444,-0.34197554,-1.9955251,1.1937866,0.26651162,-0.31217155,0.8594903,-0.04146455,0.20697923,0.7798408,-0.3792662,0.7039387,-0.051114332,-0.6971255,-0.4305277,0.18801938,-0.55794066,0.40977445,-0.68954724,0.31370646,-0.67877066,0.49588045,-1.3219752,0.588538,0.013003686,0.37497368,0.3001042,0.25527936,-1.5291232,-0.5067593,-0.35000387,1.6440834,0.659883,-0.06307735,-0.6383297,0.52178955,1.8159225,0.8178485,-0.28394043,0.2760094,0.221523,-0.69129616,-0.19671252,-1.2849663,-0.6657662,0.54395694,0.588987,-1.4147359,1.634585,-1.6827396,0.58392423,-0.40964207,-1.4699627,0.2142547,0.09197514,-0.7344798,2.2905755,1.5607798,-0.3918055,-0.25424322,0.6384657,0.7068604,-0.6170441,-0.22217622,-1.295172,0.6495703,1.2218606,0.9468191,-1.1384628,-0.344809,1.138986,-0.33108443,1.01568,-0.3825522,-0.3827785,-0.5349515,-0.13640383,-0.86469424,-0.4525605,-0.6029006,0.016505385,-1.2442725,0.77393085,-0.16883063,-1.2756509,0.7914523,-0.42297286,0.15671842,-0.3181104,0.8687584,0.7138816,1.1770685,0.5704075,-0.8703758,-0.23516747,-1.3040745,-0.34302133,0.482071,-1.2047333,0.22423296,0.21504363,0.75495684,2.0840125,0.070637025,-1.2041947,0.56697285,0.013999444,0.67005014,0.027887344,-1.3968904,-0.77800924,0.4164508,0.57776636,-0.19571991,-1.2027537,-0.40552226,-0.14085516,0.68542784,0.29641268,0.5156146,-0.16587755,0.39487436,1.5847886,0.42505464,0.18815616,0.0
セ,0.6034827828407288,0.0750778391957283,0.8657544255256653,-0.3678527474403381,-0.0313357412815094,0.0785465538501739,0.3023997545242309,0.1341314166784286,-0.0150674358010292,0.1794959306716919,0.5327253937721252,-0.0546330027282238,-0.0090028950944542,-0.1984357684850692,0.4012514948844909,-0.3616842329502105,0.0017708534142002,-0.2547635734081268,-0.1755476742982864,-0.2963722348213196,-0.7017987370491028,-0.4959449172019958,0.0900995656847953,-0.0678692832589149,0.5468490123748779,-0.5644563436508179,0.0843673050403595,0.3800015449523926,-0.0727834179997444,-0.2994767725467682,-0.4494493305683136,-0.2137268185615539,-0.0988010093569755,-0.2648979723453522,-0.8406083583831787,0.321076363325119,-0.2116503715515136,-0.2594198882579803,-0.0166147779673337,-0.6252167820930481,-0.1629805564880371,-0.2735671699047088,-0.1306898742914199,0.2027148008346557,-0.2640228867530823,0.4681769013404846,0.3186984956264496,0.2199781984090805,0.1590713560581207,0.3783169388771057,-0.2190364152193069,0.4417745172977447,0.3228428363800049,0.0483717061579227,0.2766009569168091,-0.293256551027298,0.0194970220327377,-0.3499400615692138,0.051380880177021,0.6324642896652222,-0.1727774292230606,-0.3782002031803131,0.0908156633377075,0.4214170575141907,0.1470639556646347,0.0952928364276886,-0.0770568773150444,-0.3569855391979217,-0.0024191737174987,-0.9345948696136476,0.1054674610495567,-0.1814249157905578,0.1347778290510177,-0.5121384859085083,0.9192212224006652,-0.1132273972034454,0.5152490139007568,-0.0106139434501528,0.5689225792884827,-0.0215554423630237,0.1422233283519745,0.4946246147155761,-0.1477049738168716,-0.6141643524169922,-0.0316419005393981,0.1433631032705307,-0.2315422445535659,-0.8052089810371399,0.2334419935941696,-0.0100490115582942,0.0416909642517566,0.288483589887619,0.2873562276363373,0.5011584758758545,-0.0890111923217773,0.4297166168689728,0.2156285643577575,-0.2732447981834411,-0.4008235931396484,0.2421606630086898,0.0104161538183689,0.1166939809918403,0.2539656460285187,-0.0125807607546448,-0.354225754737854,0.1834481656551361,-0.2137883305549621,0.3058245182037353,0.0607062354683876,0.016571270301938,-0.3441768288612366,-0.6101165413856506,-0.9098912477493286,-0.1643927991390228,0.0461167208850383,-0.3002687692642212,-0.4222589135169983,0.7391008138656616,-0.3650001883506775,0.4872054755687713,0.2627048194408417,0.4744058549404144,-0.1802817285060882,-0.3436811566352844,-0.0989200696349144,0.3496215045452118,0.4674854874610901,-0.0337310284376144,-0.2539657950401306,-0.1530697494745254,-0.1126011088490486,-0.1008185073733329,-0.1988453865051269,-0.1834728419780731,-0.1859756112098693,1.0019562244415283,-0.2667397260665893,-0.0522280670702457,0.0221421010792255,-0.2407938241958618,-0.121945783495903,0.1448226422071457,0.6913648247718811,-0.3939955234527588,0.2216789275407791,-0.1399714201688766,-0.1281062513589859,-0.5362316370010376,-0.1395812332630157,0.3998737633228302,-0.3157594799995422,0.6487504839897156,-0.8809701800346375,-0.2126045376062393,0.2258440405130386,0.2880144417285919,-0.7001898288726807,0.1056503355503082,-0.1913360506296157,0.0378595292568206,0.0268137883394956,-0.5634580850601196,-0.0073304274119436,0.6009246706962585,0.1807908862829208,0.2881605327129364,0.1586738526821136,0.0785095691680908,-0.3303672671318054,0.8681853413581848,0.511932909488678,0.0099891992285847,0.1945490539073944,-0.0367480590939521,-0.010967057198286,0.2244033217430114,0.7548457384109497,0.359950989484787,-0.334017664194107,-0.4333972334861755,-0.384022057056427,-0.0326096005737781,0.1045397147536277,-0.6877201199531555,0.1180780604481697,0.2910391390323639,0.3983965516090393,0.3366944491863251,-0.3584904670715332,0.0164710283279418,0.1555396467447281,-0.7865625023841858,0.1052769497036933,-0.5746724009513855,-0.0178759582340717,-0.3101350367069244,-0.2689124345779419,-0.0294117908924818,-0.4702986478805542,0.879673421382904,0.0344816595315933,0.3251921534538269,-0.1996561735868454,-0.7094054222106934,-0.8463715314865112,0.1425738781690597,-0.10161142796278,-0.1238091588020324,0.3591572940349579,0.2223147898912429,-0.1085578128695488,0.175785556435585,0.6998524069786072,0.2151294201612472,0.6825213432312012,0.4518811404705047,-0.3791395723819732,-0.2934220135211944,0.4491629004478454,-0.6812587380409241,0.5171694159507751,-0.3814699947834015,0.2751484513282776,0.0894262120127677,-0.4749280512332916,0.4922092258930206,0.4074813425540924,-0.2321700155735016,-0.0602190718054771,0.7236948013305664,-0.5181476473808289,-0.3106818199157715,-0.9644609093666076,0.3610828518867492,-0.577052652835846,-0.0282045342028141,-0.1405972838401794,-0.2382441908121109,-0.5538663864135742,0.4035924077033996,0.0530608557164669,-0.0650336667895317,0.1128134876489639,-0.37974613904953,-0.2270873337984085,0.144732728600502,-0.4401654005050659,-0.5063103437423706,-0.1142496913671493,-0.0740144476294517,-0.0978259518742561,-0.2774339616298675,0.0230636540800333,-0.440977931022644,1.0684287548065186,0.5564851760864258,0.6356865167617798,-0.0223555583506822,0.1783395856618881,-0.1415370255708694,0.0456109419465065,-0.5141477584838867,0.1883867383003235,0.0597095638513565,-0.1815057694911956,0.1952510178089141,0.3119526505470276,-0.2785893082618713,-0.6507947444915771,-0.9219587445259094,0.0997645407915115,-0.6202857494354248,-0.0778116658329963,-0.0487549118697643,-0.473504364490509,-0.2878942489624023,-0.4061278700828552,0.8403850197792053,-0.1530055701732635,0.1211740672588348,-0.3376452326774597,0.6478351354598999,-0.5461059212684631,-0.3854315280914306,-0.1192429736256599,-0.0689709335565567,-0.6466272473335266,-0.14373479783535,-0.6436154246330261,0.5789369940757751,0.2714177668094635,-0.3288511335849762,-0.3607306778430938,0.5365675687789917,-0.1525389999151229,0.3727106750011444,0.305794894695282,-0.0124803753569722,0.4156901836395263,0.0130990268662571,0.0483854860067367,0.398985892534256,0.2581155002117157,-0.1875572800636291,0.0613583028316497,-0.5587813854217529,0.0501830987632274,0.1585660427808761,0.3721579611301422,-0.2235145270824432,0.4471069276332855,0.789029061794281,-0.4257601797580719,0.3631481528282165,0.325540691614151,0.8647564053535461,-1.6320197582244873,0.2422871142625808,0.3077225685119629,-0.0182281862944364,-0.3779305517673492,0.162742018699646,0.5018773674964905,-0.1500382721424102,-0.0089867850765585,-0.5964475870132446,0.7721530199050903,0.120200514793396,-0.0118414564058184,-0.1354780197143554,0.3769541382789612,-0.4087579548358917,0.2606328725814819,-0.3906883001327514,0.443256139755249,0.2728796601295471,-0.4299178123474121,-0.0726710930466651,0.1484448462724685,-0.4802765548229217,-0.2633105814456939,0.1061314418911933,-0.1347464174032211,0.1210457608103752,-0.5667712688446045,-0.2901121973991394,0.0845103338360786,0.5594958066940308,0.8658941984176636,0.5913154482841492,-0.4480279684066772,-0.2294298708438873,0.2076779901981353,0.1762100011110305,0.5203078389167786,-0.1820008754730224,-0.1051240861415863,-0.0627926886081695,0.5727033019065857,-0.0488503947854042,-0.1660609394311905,0.1992775946855545,0.1152427271008491,0.4405218958854675,-0.1966742873191833,0.0300865266472101,1.1923983097076416,-0.268284410238266,-0.13162662088871,0.2411096692085266,0.7372906804084778,0.3380445837974548,0.0311949849128723,-0.0610441043972969,-0.1054794639348983,-0.2466994225978851,-0.0484000220894813,0.1485935598611831,-0.4643492698669433,0.0946572422981262,-0.2567406296730041,-0.1056801378726959,-0.123014822602272,-0.1463367640972137,-0.1214188784360885,-0.5694536566734314,-0.5389914512634277,0.1876948326826095,0.0982346385717392,-0.6518548727035522,0.5742854475975037,0.3568605780601501,0.5404207110404968,-0.8067978620529175,-0.7520087361335754,-0.1347270905971527,-0.0785858333110809,-0.0754351839423179,0.1775768250226974,-0.0751150101423263,-0.6135401129722595,-0.1002246960997581,-0.2546331584453583,0.0585763305425643,-0.3846781253814697,-0.3166280388832092,-0.7551460266113281,0.1292170584201812,-0.293252170085907,0.780036449432373,-0.0462789572775363,-0.2303877919912338,0.2657456994056701,0.6775398254394531,-0.4065422117710113,-0.4495618641376495,-0.4584120512008667,0.8373240828514099,0.0512344539165496,0.3173268139362335,0.385352611541748,0.2748156487941742,0.2830776274204254,0.1819606721401214,-0.3985791802406311,-0.0157041735947132,-0.5556009411811829,-0.2081477642059326,0.3702368438243866,-0.0785902738571167,0.5781213045120239,-0.3293099701404571,-0.0456543043255806,0.7103759050369263,-0.3246232867240906,-0.7063472270965576,0.12338138371706,0.3657518327236175,-0.5330333113670349,0.4693048596382141,0.8696290850639343,0.769604504108429,-0.7394624948501587,-0.0199984926730394,-0.0491824597120285,0.0292065311223268,0.5893369317054749,-0.0741845443844795,0.0488187856972217,-0.1426861882209777,0.3648760616779327,0.6170795559883118,0.221597284078598,-0.0471688657999038,0.4615173935890198,0.2232668548822403,-0.3384721875190735,0.6513592600822449,-0.0357232876121997,0.300730437040329,-0.45834681391716,-0.1274605244398117,0.1129325404763221,-0.2202627807855606,-0.6643514037132263,-0.3386875689029693,0.1395236104726791,-0.2627438008785248,0.5947475433349609,-0.3828618824481964,-0.7533091902732849,-0.6318255066871643,-0.5088008046150208,0.1271135807037353,-0.1374127715826034,-0.0798821449279785,0.0102653671056032,0.1662863790988922,-0.4274555146694183,0.3237448036670685,-0.0807531997561454,0.1142224445939064,0.0820484235882759,-0.5486111044883728,0.4254395067691803,0.2334243208169937,0.0314912088215351,0.1671176254749298,0.0433287657797336,-0.1333120912313461,-0.8757457137107849,-0.6722213625907898,-0.0414260327816009,-0.3047709465026855,0.3394939303398132,0.0436046570539474,0.3915460407733917,0.2183481454849243,-0.6332376003265381,-0.298288881778717,-0.5024104714393616,-0.2461941838264465,0.168449118733406,-0.2257195562124252,0.2276105880737304,-0.0712011307477951,0.376390665769577,0.5094534158706665,0.7028288841247559,0.0056369793601334,0.0157313849776983,0.5789600610733032,0.4273936450481415,-0.5230504870414734,-0.3404727280139923,-0.1554687768220901,-0.3449896872043609,0.0959898084402084,0.4280674159526825,0.4014675915241241,-0.038503523916006,0.1964097917079925,-0.7710626125335693,-0.2982843816280365,-0.0100206090137362,-0.4969553649425506,0.5028594732284546,-0.3073532879352569,0.6047269105911255,-0.8835477232933044,0.2471556663513183,-0.1721460372209549,0.2979965209960937,0.0988359153270721,0.2505272626876831,0.0405870787799358,-0.5503985285758972,0.0078401193022727,-0.0282123908400535,-0.4133504033088684,0.48213991522789,0.5093300342559814,-0.564020574092865,-0.0630154311656951,0.7397372126579285,0.4950209558010101,-0.1479485630989074,-0.2041714489459991,-0.5524908900260925,-0.2461763322353363,-0.1651788502931594,0.0962053835391998,0.4927022755146026,0.0574981421232223,-0.4329172074794769,0.1347987204790115,0.6766618490219116,0.4353385269641876,0.7924428582191467,0.2495272010564804,-0.0503512285649776,0.1095496192574501,-0.2341724932193756,0.3761541843414306,0.1359458267688751,0.7105685472488403,-0.5681143403053284,0.7346940636634827,0.5131425261497498,-0.3905883431434631,0.1338603496551513,0.4927493631839752,0.1655526161193847,0.0331513099372386,-0.0668327286839485,0.21676005423069,-1.1577006578445437,-0.2070232182741165,0.4567450881004333,-0.108603686094284,0.349767804145813,-0.1468093991279602,-0.272512823343277,-0.3594733774662018,0.1256765872240066,0.1336356550455093,-0.0803120732307434,0.0717826709151268,0.4696975350379944,-0.3887090682983398,0.5619118809700012,0.3889592587947845,0.0070016589015722,0.1808483451604843,0.0728503689169883,0.7361040711402893,0.533949613571167,0.1084820255637168,0.4169452786445617,-0.3646301627159118,-0.9425081610679626,0.2984364032745361,0.0274211354553699,-0.4213316142559051,0.4637819826602936,-0.3018240332603454,-0.2471407651901245,0.3390486240386963,0.2031398862600326,0.0307705607265234,-0.1741285175085067,-0.6933572292327881,0.1380597352981567,-0.1937256455421447,-0.0442165583372116,0.2289419174194336,-0.2993386089801788,0.4781246185302734,-1.8821431240212403e-06,-0.0388729013502597,0.4249505698680877,0.6757005453109741,0.5005992650985718,-0.4437052309513092,0.3728569149971008,0.1247911676764488,-0.1848772317171096,0.150855153799057,0.351049393415451,0.0533195659518241,-0.0693046525120735,0.5249400734901428,-0.224432423710823,0.0193343479186296,-0.3187216818332672,0.4181233942508697,0.1985646933317184,-0.2660110592842102,-0.2695210874080658,-0.3208607137203216,0.4870755672454834,0.0571654662489891,-0.3261508643627167,-0.1408548355102539,0.0713569298386573,0.1925425380468368,0.1412426978349685,-0.4827492237091064,-0.5667328834533691,-0.5158524513244629,-0.2101653963327407,0.2888988256454468,-0.5078287124633789,-0.371027261018753,0.501457154750824,-0.1215050145983696,-0.1823085844516754,-1.5426088571548462,0.1391412317752838,-0.1983575224876403,0.3572340905666351,-0.2395525872707367,0.5764230489730835,0.2233718782663345,-0.084420807659626,-0.4390450417995453,0.0667186453938484,0.2911503314971924,-10.199799537658691,0.3088061809539795,-0.5409168601036072,-0.7815231084823608,-0.3371039628982544,-0.124379426240921,0.6968086361885071,0.3581056296825409,-0.2872464954853058,0.3523631393909454,-0.7251420617103577,0.41616091132164,0.5971251726150513,0.0970413088798523,-0.1099560633301734,-0.0877025201916694,-0.1905624270439148,-0.1242031678557396,-0.0928427651524543,0.1550261825323104,-0.255848228931427,-0.1528791785240173,0.6300467252731323,0.635814368724823,0.4549063742160797,-0.3584784269332886,0.0620031543076038,0.0982092320919036,0.4553763270378113,0.3091898560523987,-0.8943516612052917,0.647114634513855,-0.088815189898014,0.0694255456328392,-0.3161036670207977,-0.0389481931924819,0.0332068167626857,-0.0861871168017387,-0.5074703097343445,0.0814435109496116,0.5768760442733765,0.579755425453186,0.0115757444873452,0.1708525717258453,0.3499915599822998,-0.3767823874950409,-0.0237202029675245,-0.0745694041252136,0.7220386862754822,-0.4265865683555603,-0.0492623075842857,0.0808892473578453,-0.0173357240855693,0.0091804014518857,-0.1825318038463592,-0.2819981575012207,0.7245775461196899,-0.7030529379844666,0.2386891841888427,0.1236471831798553,0.6605232954025269,-0.0807105153799057,0.3659892976284027,0.7711077928543091,0.3688330948352813,0.4093636870384216,-0.1484010815620422,-0.1482061892747879,-0.6010558009147644,-0.3189830183982849,0.4094802439212799,0.7575972676277161,-0.3058397769927978,0.2721104025840759,0.0785079449415206,0.0028526014648377,0.08616304397583,-0.059882890433073,0.2011765539646148,0.2032788246870041,0.2285952121019363,0.1532840579748153,0.0307135768234729,0.6151642799377441,-1.058052897453308,-0.1103243082761764,0.0959193184971809,-0.3619970083236694,0.2754208743572235,-0.4584848284721374,0.7406895160675049,-0.3048589825630188,-0.6493950486183167,0.3040450811386108,0.4413687884807586,-0.2443837821483612,-0.1059194803237915,0.1633730828762054,0.4056206047534942,-0.5125148296356201,-0.7955482,-0.38673583,0.63918537,1.0119421,-1.0390396,-0.81960034,-1.1509256,0.9496216,0.9557619,-0.19619891,0.5772971,-0.56490225,-1.5209308,2.1518078,-1.2655102,0.3836587,1.059636,-0.86183065,0.43316972,0.025028266,0.4288859,0.48049402,0.7779207,-0.7674421,1.2416537,0.58170587,0.93220055,-0.030205451,-0.40815553,-0.88403153,0.05406808,-0.5974102,-0.9151047,-0.33932355,-0.017601542,-1.1442429,-1.4097521,0.92150724,-0.011061557,-0.50197935,-0.8046936,0.9706085,0.13128635,-0.260876,-0.16669536,-0.31139204,1.5187781,-0.27188608,0.35667202,-0.5414965,-0.74235255,-0.5401223,0.56898475,0.89940906,0.52546054,-0.28251803,1.3636665,0.7278193,0.24255103,-0.36815268,-0.10341285,0.8027302,-1.0690244,-0.5083509,-0.16376987,0.5881951,-0.2729738,-0.31274366,-0.00431858,-0.27546147,-2.6406107,-1.0681154,-0.17099202,1.4094164,-1.3888123,0.8387354,0.36083326,-1.0015218,0.4964128,0.27958035,0.36708876,-0.06285122,-0.7903123,1.237359,-1.1032099,-1.1278596,-0.34111467,-0.5177818,-1.3579044,0.13847743,-0.6091458,-1.4078866,-1.3100002,-1.5041044,1.6232527,0.064790994,-0.8062475,-0.9932664,-1.3149395,0.07965161,0.1752181,1.4735126,0.6565229,-0.79096204,-0.7637895,-0.77945465,-0.43547645,-0.25201204,-0.6509978,0.89315563,0.1892712,0.44500712,0.46164945,1.094679,0.6323709,0.64753896,-1.3700931,-0.85358024,-0.30322742,0.13249475,1.8026526,0.46245667,-0.3119152,1.0333629,0.12437731,0.84028035,0.3976704,-0.62454593,0.27182204,0.4116211,0.47262967,-0.0196563,2.1177979,1.1168637,-0.3397315,-0.7045559,-0.30804214,0.16658145,0.61865765,-0.8655497,-1.0055182,0.45719293,-0.25746125,-0.29595515,0.41226426,-1.0986418,-0.008129679,0.9795782,1.0872471,-0.055390134,-0.76827884,-0.09904132,-1.8080192,0.24120331,1.1146433,0.14993683,-0.22683519,0.33086026,-1.5317461,1.2688172,-0.5741229,1.5939311,-0.82913774,0.73789436,-0.050883733,0.48625663,-0.7226598,0.5505027,-0.9030411,-2.559191,-0.47536892,-0.06134668,1.1620451,0.05319038,0.39938715,0.055920508,0.38504893,0.096722305,-0.7388926,-0.017380714,0.98455644,1.1415553,-0.08529535,1.194655,-0.24415745,0.5933917,0.5845756,0.21365887,0.7185265,0.037160486,1.7624134,-0.39439365,0.9189633,0.95270836,1.082892,2.662122,0.55532265,-1.4735197,-1.4762883,1.1436491,-2.099482,-0.39680818,0.92253613,-1.1028358,1.0333002,-1.3680362,-0.8252645,1.561503,0.92513317,0.029582925,-1.2317089,-1.5560261,1.3722303,0.92135334,-0.39382416,-0.53111136,-0.904481,0.20001681,-0.40271074,-0.40415365,0.5180247,0.7867335,0.36683318,0.9836224,-0.60140806,0.54760015,0.31442475,0.019657463,0.37240726,0.6463218,-0.8281906,0.8032051,0.2943144,-0.07562244,-0.8852916,1.1744858,-0.63452196,0.27689102,-0.56492174,0.5461751,0.6519459,-0.9295156,0.47242677,0.04973377,0.104487844,1.2876127,1.7978815,-0.007864058,-1.2945449,-0.31881362,0.1274699,0.9183987,0.13664506,0.5425962,0.48551187,1.4202821,-0.5933404,0.5382919,-0.06928542,-0.639834,-0.3586585,0.18103233,0.32832956,0.044603996,-0.058348898,-0.7303442,-0.8264922,-0.24815775,0.3547315,-0.9147683,-0.69318646,-0.9874524,-0.79235595,-0.17285828,0.41060412,0.99427485,-0.46673638,-0.89513516,-0.71451247,0.64898324,0.88792896,-1.7112863,-0.2283128,0.05012245,-0.91910857,0.84542847,0.0595821,-0.39093238,0.29737914,0.43613285,-1.3944708,1.0813206,-0.115046814,0.49916834,1.5336648,-0.08674878,0.99666214,-0.60618746,-0.107097276,-1.2193476,0.7466357,0.57050204,-1.7423646,0.5863339,-0.6370722,-0.83250505,1.1534573,-1.4962714,-0.4906741,-0.9211433,0.2595941,-0.2798292,-1.6069589,1.6328586,-1.9947022,1.3522927,-1.6695241,-0.7516192,-1.190254,-0.5710844,-1.0685471,0.306944,0.6884061,0.054865792,0.44901198,0.35084462,0.4838621,0.19674557,-0.09444949,1.3532797,-0.15576255,0.7426485,-0.8316511,-1.2564785,-0.21194156,0.6821119,-1.2118694,-0.92614406,-0.9579931,-0.5315319,0.34040827,-0.37967697,-0.54660654,0.9504216,-0.19660503,0.6468103,-1.0813133,-0.6481579,0.013703993,-0.7104881,0.91692483,-0.27475148,1.5896072,-1.0207354,-0.4022775,0.8813862,-1.0850252,0.2877513,-0.26363838,1.9278357,1.1236113,0.89996135,0.60853887,0.6140666,0.09672568,-0.5071674,0.8322832,-0.053022712,1.7083343,0.07547075,-0.806622,0.88127863,-0.19626944,1.2402625,-0.41942355,0.08144212,2.0046954,-0.15072826,-0.564535,0.31184882,0.106072076,0.10305508,-0.1777974,0.51268595,0.4627985,-0.39945427,0.55588573,0.64287686,-0.4232613,-1.2352003,-0.48063204,0.6856877,1.3094516,1.4784081,1.3011982,-0.48865807,-0.48425132,-1.7563456,0.628938,1.4369259,0.6527467,-0.058202002,-1.7367402,0.5792542,0.42326498,0.20094994,-1.4110864,-2.2039564,1.6549251,0.895613,0.5903444,1.3526633,-0.66704047,-1.3283223,-0.483813,-0.017243922,-0.14869453,-1.1353772,-1.1565776,0.3423006,-0.2141023,0.9440341,0.94455457,0.5646164,-0.09524769,-0.33973467,0.3006149,0.104014665,-0.4753831,-0.19123009,-0.19207054,0.2492049,-1.5106848,-0.58619905,0.39639863,-2.2590709,0.7804203,-0.4089812,-0.38548958,-0.15413451,-0.47569332,-1.0090915,-0.07549903,0.14326407,-1.0029598,-0.5236298,0.68065923,-1.1121237,-1.3247486,1.0076076,1.449448,-0.6187701,0.34231463,0.70069885,-0.0006446894,1.0047553,-0.19790035,0.15364973,0.19570592,-0.61948454,-0.32992667,-0.098404855,-1.1606938,-0.45405784,0.7479867,-0.8231134,-0.9980544,0.90675974,0.48967296,-1.61252,-0.8536042,0.47160918,-0.14982842,0.7709882,0.8192889,-0.69509417,-0.1696988,-1.203251,-0.07283755,0.4175437,0.68381304,-0.40375504,-0.33442432,0.6037176,-0.5905391,0.43826264,1.6111944,0.18745375,1.374768,0.9571942,-0.047001023,-0.49135843,0.67250687,0.09319949,-0.4439765,0.94481105,-0.943714,-0.849923,1.585915,-0.12829165,-0.9163419,0.5864523,0.5004346,-0.58137345,0.04975166,0.4080926,1.0537404,1.6000173,0.95168453,1.5505469,-0.3936858,-0.36087194,-0.388777,0.8107754,-1.0792136,-0.88763744,-0.46647382,0.5177083,2.1635602,-0.2609902,0.19072014,0.6560885,-0.7169571,-1.1023848,0.050445512,0.02162777,-0.52922624,-0.90435475,-0.19241989,-1.5650783,-0.06282506,-2.0220196,-0.07199536,0.6285327,1.2083813,-0.7567463,0.47481176,0.45089522,0.311999,-0.77058923,-0.44596085,1.2326328,1.9026536,-0.008420009,-0.7871529,0.7075708,-0.34493053,-1.2513213,-0.078462735,-1.2338362,-0.6364764,0.077797934,-0.3215755,-0.29140702,-0.5437431,-0.81779015,1.6305445,0.35356537,-0.24154821,0.6391515,-1.2574316,1.3011997,-0.38387334,-0.42091882,1.1821872,0.5736401,-0.9427731,0.7270157,-1.1401452,0.7064203,-1.0975468,0.64635223,1.4486046,0.6157614,-0.69309187,1.2050192,-0.40186158,-0.41692293,-0.16186398,0.63988405,-1.0310426,0.04775669,-1.8863281,1.2954656,-1.4446301,-0.77139544,0.25362793,0.6878532,-1.0472016,-0.06982126,0.2734418,0.6398417,0.059736125,-0.8674768,0.8051901,1.7298526,-0.39803627,-1.3915676,1.0130088,0.31785715,-0.44147778,0.039077587,2.5228493,0.11800432,0.71055186,-1.1815058,-0.7191468,1.0478957,-0.38167238,-1.189681,-0.37260526,-0.010878332,-0.29331955,0.3424332,-0.58142745,0.977898,-0.6219535,0.3004953,1.0310366,-0.64423096,-0.43044648,0.6681162,-0.58567667,-0.99078566,-1.6010004,0.23911458,0.8935678,-1.0218024,0.5457201,0.9469906,1.252473,1.0244008,-0.6257542,-0.81655824,0.8472887,0.82254976,0.67799,-0.6332684,-1.5146071,0.7155349,0.6489667,-0.8000091,0.337252,-0.0032039923,-0.13101192,-1.820166,0.9136029,0.36412373,-0.2739954,0.58315283,0.17771189,-0.23505199,0.47620326,-0.097261325,0.38931248,-0.11947066,-0.7525006,-0.25500727,-7.965788e-05,-1.1924196,0.2142484,-0.5920227,0.51170707,-0.79584515,0.81912494,-1.1330255,0.47816107,0.42594972,0.981437,0.8714701,0.5195151,-1.1763525,-0.7919838,-0.53374124,1.5714251,0.9595683,-0.6698368,-0.72226214,0.018489022,0.9998954,0.7609421,-0.5574629,-0.03122339,0.4346181,-0.3129446,-0.083056845,-0.73676366,-0.67582357,0.471277,0.20209698,-1.2404456,1.0555292,-1.8529747,1.1424512,-0.22976306,-1.9613241,-0.15492906,0.57710135,-0.6459624,2.0700605,1.0814987,-0.3068035,-0.18070123,0.6132963,0.84297836,-0.4979583,-0.43644828,-1.3636569,1.2042254,1.3945563,0.48309264,-1.4556743,-0.10141823,0.49831003,-0.20230235,1.158252,-0.29360476,-0.6353637,-0.84120333,-0.51686895,-0.76206535,-0.006028006,-0.61458725,0.42029738,-1.1359255,0.23817629,-0.52901036,-0.8598114,0.65086454,-0.5924228,0.24546845,-0.4731945,0.8899768,0.3518745,0.40031785,0.463369,-0.72808486,0.12730122,-0.92641014,-0.6169122,0.46144977,-0.97029996,0.40592775,0.47422078,1.1185517,1.7466319,-0.24873632,-1.3932409,0.88544977,0.37357807,0.26312107,0.11332041,-0.85621864,-0.3780918,-0.14651963,0.22397046,0.96402985,-1.7264181,-0.17719048,0.22329888,0.24931994,0.29627526,-0.119849935,0.32567325,0.643505,1.8520751,0.75414664,-0.1618623,-0.9110956,-0.12685345,0.99231774,0.36512637,-1.1200029,-0.34429607,-1.1120228,1.040007,1.0212158,-0.18101867,0.7673107,-0.26138672,-1.2545809,2.2674043,-0.50861174,0.16186655,1.2883166,-1.0460522,0.60066265,-0.43169093,0.8393082,0.6987841,0.360666,-1.0583528,1.2750512,0.63801354,0.9081356,-0.41682133,-0.17751415,-0.13860998,0.20685436,-0.43902817,-0.7249209,-0.30414405,0.5039522,-1.0103987,-1.6641831,1.1694065,0.22289462,-0.5973792,-0.96810776,0.93068534,-0.2925318,0.14439012,-0.42042208,-0.068262756,1.6114621,-0.72312814,0.98816234,-0.27397332,-1.0403875,-0.4203292,0.6040149,0.98611635,0.3218982,-0.15740775,1.26577,0.88221675,0.6348615,-0.44632265,0.4872962,0.65884125,-1.0289286,-0.67406255,0.6228941,0.69829375,-0.09713676,0.028461045,0.07111499,-0.11589661,-1.8352276,-1.2533027,-0.08791065,1.319995,-1.3935456,0.6804707,-0.2357989,-0.97694784,0.31191212,0.12805961,0.4467866,-0.42295015,-1.1002282,1.7469338,-0.63720685,-0.7854512,-0.49587563,-0.27964416,-1.3933977,-0.40485796,-0.59436077,-1.3130381,-1.0529802,-1.841979,1.7895535,-0.124878265,-0.88201696,-1.2719263,-1.5325876,0.28459468,-0.22193635,1.2696449,0.6757379,-0.394418,-1.3173819,-0.4489738,-0.38364816,-0.38384572,-0.56443685,1.0813782,-0.022885313,0.40066624,0.27031538,1.4295448,0.97835755,1.1163338,-1.3659348,-0.6907992,-0.25937465,0.29357,1.9465824,0.23246713,-0.797133,0.4077302,0.016187238,1.2836312,0.26497853,-0.8958995,-0.023773527,-0.033521067,0.36153862,-0.5695384,2.1490238,1.0338355,-1.0171744,-0.632524,-0.21821159,0.6752915,1.2209581,-0.7167743,-0.5566415,0.41872403,-0.3231028,-0.2901334,0.54587704,-0.94495106,0.3377274,0.53954417,1.5562199,0.44144893,-0.20431472,0.15858261,-1.7257057,0.31084612,0.972598,-0.04163705,-0.029238597,0.28260306,-1.2343636,1.2932969,-0.5185438,0.99800855,-0.7024997,1.0115284,0.047613055,1.0382916,-0.96722287,0.29995358,-0.8683074,-2.2350104,-0.76741433,-0.091804,0.3209935,0.06493797,0.5684086,-0.332023,0.009653817,0.2874435,-0.9509611,0.12710783,1.005221,0.71163195,-0.1486272,1.2988714,-0.07833924,0.7599876,0.88624644,0.78829384,0.38823363,-0.0780646,1.3413364,-0.59697914,1.2419152,1.1358763,1.2555233,2.7151368,0.79808587,-1.1944101,-1.8533907,1.2612417,-2.5005357,-0.3661046,0.621942,-1.6615859,0.8248548,-1.197384,-1.1817056,1.6443219,0.19111627,0.2625745,-1.3710704,-1.3015817,0.70155615,1.1005628,-0.20726655,0.36747608,-1.2742834,0.13842471,-0.4925631,-0.27291486,0.7982493,0.89964813,0.42972907,1.2715446,-0.67213255,0.5330208,-0.094708584,0.06589871,0.16391483,0.5159891,-1.086635,0.4606419,0.58572614,0.12456996,-0.63221234,0.7201591,-0.24898754,0.30570042,-0.1824675,0.3426483,0.41162845,-0.22005086,-0.02056787,-0.1780417,0.6476171,0.98642474,1.6127701,0.24806887,-1.4437361,-0.57936823,0.014813731,0.6971727,0.5235608,0.6431089,0.17500354,0.9112048,-0.27567127,0.5311063,0.007651307,-0.9002156,0.12663472,0.45397842,0.27838433,0.22530134,0.43393108,-1.0330507,-0.96901184,0.07508566,0.35896388,-0.86706465,-0.9686405,-0.61450404,-0.6295226,0.6343128,0.5553914,0.107708864,-0.8695183,-0.45174575,-0.8648146,0.70981145,0.45297137,-1.8522993,-0.17008753,-0.2029839,-0.9927806,0.07286108,-0.21003234,0.32487336,0.32898012,0.20725246,-1.766099,1.3518225,0.07449289,0.9159522,1.2879993,0.5850441,1.5026466,-0.82901716,0.39915574,-0.7384083,0.5798833,0.5792424,-1.725696,0.7915999,-0.10652556,-0.8847459,0.8299603,-1.0093442,-0.69511294,-0.656833,0.3879695,-0.6837187,-1.2672039,1.8240414,-1.766826,1.3234185,-1.6013027,-0.46668506,-0.84838223,-0.76809025,-1.2425225,0.32016405,0.47021472,0.07682995,0.26655614,0.089466535,-0.23752064,0.49214625,-0.12948391,1.2421333,-0.52958864,0.30324045,-1.147544,-1.2567004,-0.5526765,0.9181383,-1.3848624,-1.0271913,-1.1792105,-0.2763348,0.85422593,-0.3036436,-0.5371012,0.6556321,0.09542558,0.7243708,-1.4031482,-0.4817458,0.1299505,-0.6258359,1.5670547,-0.28511524,1.0336658,-0.89509743,-0.94987893,0.40443397,-1.3454334,0.02414152,-0.4052333,1.6515421,0.48866606,0.20983122,0.17553993,0.7902097,-0.1316703,-0.058951866,1.2146789,0.24193382,2.1349342,-0.33612213,-0.35779157,1.7780199,0.27239534,1.1455774,0.0545179,-0.53937924,1.7697767,-0.3708472,-0.32181123,-0.05160438,-0.08654625,-0.28733385,0.050393414,0.36721566,0.06037278,-0.13874799,0.48815426,0.5657491,-0.69521254,-1.7636629,-0.69553155,0.9733839,1.3563896,1.2738754,1.6311048,0.089648195,-0.058704216,-1.6851941,0.23848204,0.79671854,0.6255705,0.5734226,-1.1010901,0.44303814,0.19429511,0.19019328,-1.5546077,-1.2527252,1.7328795,0.5418755,0.21359777,1.2505909,-0.7476351,-1.7602404,-0.56124544,0.30456516,-0.6462131,-0.71486187,-0.67841095,0.2952194,-0.6112344,0.81431913,0.7882357,0.5785985,-0.3890942,-0.24115749,0.5715423,0.2680277,-0.79961115,-0.4004338,0.011662483,0.7625048,-1.4824713,-0.8967535,0.098980255,-2.4835265,1.0401965,-0.63975936,-0.27117467,-0.34623805,0.0958116,-0.91361934,-0.4412717,-0.22210705,-0.9800591,-0.70713454,0.6690096,-1.7281595,-1.3544703,1.247572,1.1565701,-0.9706772,0.34923938,0.5915858,-0.13227718,0.8689501,-0.28168252,-1.2511944,0.12843804,-0.62459344,-0.06490048,-0.35548306,-1.6262385,-0.57939434,0.40225804,-1.0934081,-1.6379658,0.99534273,0.71947306,-1.7816278,-0.5502507,0.05451417,-0.041800592,0.9986556,0.90730757,-0.624154,-0.3630704,-1.0004364,-0.75184447,0.46174774,0.15842766,-0.26961514,0.23634805,0.6570865,-0.25802246,0.48566845,1.6876868,0.006575515,1.3973523,1.4302284,0.43184504,-0.30174792,1.1308634,-0.060059134,-0.66132826,0.59364766,-1.0874069,-1.306506,1.3348824,-0.13229486,-1.297113,0.30214915,0.6571738,-0.48602512,-0.03642721,0.70030516,0.70714813,1.2995533,0.6583046,1.7934402,-0.027698308,-0.19362508,-0.107677184,0.690397,-1.1731678,-1.008033,0.065919794,0.8303606,2.5004818,-0.69716024,-0.050839055,0.94128776,-1.09099,-1.3427995,0.25787017,0.6392037,-0.369318,-0.6929671,0.5533178,-1.3498572,0.3640058,-2.0882554,0.008706,1.1244868,0.98429376,-0.660457,0.16627125,1.1006955,0.19920571,-0.52407867,0.2188003,0.441411,1.7865433,-0.5389812,-1.0546039,0.67438483,-0.7677953,-1.964088,-0.1265258,-1.1147455,-0.51484245,0.66698104,-0.39643407,-0.47315922,-0.18243945,-0.4846746,1.6181926,-0.051611792,-0.5244789,0.61517066,-1.9337807,1.0921746,0.28222397,-0.53289205,1.7972366,0.38318643,-1.1950139,0.31654903,-1.1598411,0.71817493,-0.82670903,0.38566875,1.1322178,0.5622945,-1.1419067,0.92132217,-0.9542473,-0.023594053,-0.031587306,0.5825114,-0.23167515,0.57920045,-1.8897009,1.4934611,-1.547718,-0.9884753,0.06752006,0.48737684,-0.568914,-0.25327528,0.26927015,0.4960208,-0.09541272,-1.1206132,0.90810543,1.9150372,-0.46323207,-0.9619221,0.58949,0.70101744,-0.42018414,0.2099045,2.3754184,0.39066982,0.8985243,-0.9036694,-1.1498929,-0.06489339,-0.27152815,-1.3309385,-0.27244967,-0.32540864,0.27761972,0.13066234,-0.24752063,0.5196429,-0.4066684,0.17544933,0.5888281,-0.58289087,-0.29678285,0.019531168,-0.07923017,-1.2660666,-1.5002044,0.67175883,0.81722075,-0.5722293,0.7481974,0.86578274,1.8864952,0.6565122,-0.3522037,-0.7703104,0.6465277,0.5677235,0.99398965,-1.3383418,-1.3037943,0.5483617,1.5575806,-0.7036144,0.17295666,-0.056887526,-0.14356393,-1.7808431,1.3228139,0.3826003,-0.26144573,0.8114629,0.4244477,-0.1598099,0.67967147,0.040515855,0.21633272,-0.110343255,-0.9502893,-0.27099267,-0.2160999,-1.0114418,0.211842,-0.5385213,0.3977572,-0.2675231,0.4397579,-1.6621794,0.55208904,0.007112076,0.90603226,0.476782,-0.055505443,-1.4389161,-0.5114644,-0.62562716,1.9278768,0.8436489,-0.12416857,-1.2031101,0.39794493,1.2413359,0.35637084,-0.37915936,0.4047097,0.5466103,-0.85082585,-0.52942425,-1.2134991,-0.32314932,0.3839666,0.4196243,-1.3053089,1.2238985,-2.1060164,0.9019366,-0.21592039,-1.5841912,-0.7239535,0.22888458,-0.19265348,2.5329099,1.2492098,-0.44144812,0.16908133,0.65461373,1.1464726,-0.23799294,-0.23412423,-0.97733,0.9554948,1.3259263,0.4125129,-1.3028871,-0.37493762,0.487931,-0.69631356,0.83562964,-0.20308991,-0.7594442,-0.86704665,-0.16981411,-0.47364905,-0.6085187,-0.28330258,0.7374272,-1.319132,0.6043081,-0.39182258,-0.819649,0.69320565,-0.44852063,0.3667275,-0.46258628,0.7975175,0.9502657,1.0961136,0.53374594,-0.53680986,-0.1256937,-1.0606765,-0.97647935,0.37031817,-0.9893412,0.46306315,0.47193423,0.9534226,1.8773475,0.102405936,-1.2497824,0.14217074,0.09793725,0.51708794,0.26510948,-1.1287514,-0.43190685,0.019005893,0.21406595,0.6930771,-1.1938428,-0.29940724,-0.35016128,0.46842384,-0.13301711,0.2390294,0.13916977,0.11874867,1.8811475,0.48909092,0.049075406,0.0
ン,0.0031761368736624,-0.0607978403568267,0.0868006199598312,-0.661807656288147,0.0111189065501093,0.3265124261379242,0.1916644126176834,-0.4045667350292206,-0.4292081892490387,-0.4083045125007629,0.5463610291481018,0.2070582807064056,-0.3826923966407776,0.0625517517328262,0.7951143980026245,-0.442884236574173,0.3125962615013122,0.3438512980937958,-0.0523972958326339,0.0517843142151832,0.0978624746203422,-0.5571790337562561,-0.2747199833393097,0.0472691729664802,-0.0459600277245044,-0.3686332702636719,0.2244462519884109,-0.082312487065792,0.0983265489339828,-0.2376643419265747,0.1591430008411407,-0.4425821006298065,-0.0801399499177932,-0.2665002346038818,-0.0309830289334058,0.0108848055824637,-0.0690804943442344,0.2679064273834228,0.2063704431056976,0.1932753026485443,0.1479707956314087,0.0076370746828615,0.1948626637458801,-0.1712042689323425,-0.0528566688299179,0.1627152562141418,-0.0894470736384391,0.1004108041524887,0.591101348400116,-0.2889629006385803,0.1374229490756988,0.5501917600631714,0.4750784933567047,0.1716260015964508,-0.0601437613368034,0.3185002207756042,0.8224498629570007,-0.557417631149292,-0.1149771809577941,0.1276140511035919,-0.5706307291984558,0.2014473527669906,-0.3595708608627319,0.2332155704498291,-0.2315685451030731,0.1064353063702583,0.0359065234661102,-0.1417602002620697,-0.3781137466430664,-0.3540096879005432,-0.0274864323437213,0.402396023273468,-0.6046552658081055,-0.3359215855598449,0.5048612952232361,-0.1393412053585052,0.3976526856422424,-0.1794541180133819,0.0227434691041708,0.1814790219068527,-0.1187740936875343,0.2268717288970947,-0.0903581604361534,-0.6762161254882812,0.0569993667304515,0.0246051810681819,-0.2300129532814026,-0.5120596289634705,0.1248785406351089,-0.4493535459041595,-0.1133277118206024,-0.2073936313390731,0.3074301481246948,0.0145306037738919,-0.1841437220573425,0.1837277859449386,-0.0620439946651458,-0.2285856008529663,-0.0833185613155365,-0.0128377340734004,-0.4649055302143097,0.2861506342887878,0.1150683984160423,0.1076434478163719,0.0551507472991943,0.1075687184929847,-0.1809568107128143,0.3812497854232788,-0.139119878411293,0.4462940990924835,0.2862721383571625,-0.2635545432567596,-0.2679628133773803,0.0520831122994422,-0.1249072924256324,0.0026477477513253,0.0267717316746711,0.2469020783901214,0.0302001107484102,0.3710814416408539,-0.1098586171865463,0.4699374139308929,0.0058718807995319,-0.0616717003285884,-0.2280991375446319,-0.1406721770763397,0.0704468786716461,-0.3091879487037658,-0.0072021726518869,-0.3812822103500366,0.1617260724306106,-0.0414503291249275,-0.5856931209564209,0.2547442615032196,-0.1138062626123428,0.4811491072177887,0.130574569106102,0.0783994868397712,-0.391741931438446,-0.5688015818595886,-0.0319120548665523,-0.2438270598649978,0.3643069565296173,0.0948860645294189,-0.1718646436929702,0.2716177403926849,0.3198012709617615,0.1311369985342025,0.7376388907432556,0.5044369697570801,-0.2001553475856781,0.7393048405647278,-0.4966245889663696,-0.0050921100191771,0.2593344748020172,-0.1624211370944976,-0.4992667436599731,0.4151813089847564,-0.1086982414126396,0.6080097556114197,0.1552628129720688,-0.3181414604187011,0.2967957556247711,0.8420257568359375,0.1295166760683059,0.7175630331039429,0.3213450014591217,0.4221847653388977,0.605125904083252,0.5966471433639526,-0.1656567007303238,0.5463995337486267,0.3133746683597564,-0.3287399113178253,0.2963298261165619,0.005749715026468,0.0374555811285972,0.5076952576637268,0.1681631803512573,-0.9266054034233092,-0.1957228630781173,0.1941849142313003,0.052257839590311,-0.4191427528858185,0.7755953073501587,0.0066946446895599,0.5302921533584595,0.2605101466178894,-0.0696816518902778,-0.184170588850975,-0.0372766554355621,-0.0098567195236682,0.2622301578521728,-0.4053263068199157,-0.5704964995384216,-0.1914510577917099,0.0944606438279151,0.0508277006447315,-0.4833554029464721,0.4180681705474853,0.3133998513221741,-0.036971129477024,-0.2730249464511871,-0.8953977227210999,-0.8142644166946411,-0.2519980072975158,-0.1531452983617782,0.2973617613315582,0.0147576453164219,0.0984799936413765,-0.2799798250198364,-0.3443861305713653,0.3409165143966675,0.0603276640176773,0.2964895069599151,-0.0570669658482074,-0.9990729689598083,0.0238197539001703,0.0489080734550952,-0.0346764251589775,0.1864619255065918,0.0158124044537544,0.2862429022789001,-0.5115312337875366,-0.2338037192821502,0.1353099048137664,0.1608468294143676,-0.2106554061174392,0.1547987461090088,0.5374172329902649,-0.066332496702671,-0.1900498867034912,-0.8293370604515076,0.2218030542135238,-0.0450445711612701,0.4054462313652038,-0.6599977016448975,0.6992177963256836,0.018104126676917,-0.002429557731375,0.5482659935951233,0.3278791010379791,0.1139019280672073,0.2349071204662323,-0.3641423285007477,0.3448559641838074,0.1526006162166595,-0.4325889348983764,-0.6531708836555481,-0.5379634499549866,-0.927617609500885,-0.3598898649215698,-0.0856102630496025,0.1103380993008613,0.4773735404014587,0.0974730402231216,0.2282249182462692,-0.4778967201709747,0.1223301813006401,-0.3653758764266968,-0.3753630220890045,-0.4723738431930542,-0.2525172531604767,0.0311940945684909,-0.1930955797433853,-0.2202931046485901,0.0085229333490133,-0.555094838142395,-0.7384956479072571,0.1608379185199737,0.0788786187767982,-0.3683903217315674,-0.4114533364772796,0.0641935840249061,-0.1213461458683013,-0.3295978009700775,-0.011258372105658,0.254391461610794,-0.3797242045402527,-0.0208807196468114,-0.6492891907691956,0.6138627529144287,-0.6307557225227356,-0.3399337232112884,-0.1044942960143089,0.0166841223835945,-0.1446605622768402,-0.4678792357444763,-0.1896993815898895,0.7635605931282043,0.2990688681602478,-0.138578861951828,-0.3641351163387298,-0.4979437291622162,-0.5783031582832336,0.4369446933269501,0.4176512956619262,0.1074473783373832,0.0878961756825447,0.402312695980072,0.5334050059318542,0.1978185474872589,0.2844682931900024,-0.1847484111785888,-0.2366843223571777,-0.2725338637828827,-0.1306344270706176,0.0627033412456512,0.4482207596302032,-0.305838406085968,-0.122567318379879,0.9938422441482544,-0.4593415260314941,-0.3654066920280456,0.7318883538246155,-0.0670155808329582,-1.3997195959091189,0.2089877426624298,0.4641358256340027,0.339649885892868,-0.481524795293808,0.7123547792434692,0.1878018230199813,0.5769309997558594,-0.2344101518392563,-0.4898486137390136,0.5672318339347839,-0.1247627809643745,-0.4136821627616882,0.4254004061222076,0.1543496400117874,-0.5032008290290833,-0.0087127489969134,-0.4590893089771271,-0.2126435190439224,0.4482419192790985,-0.1862764656543731,-0.0274078119546175,0.0112516330555081,-0.4013431370258331,-0.24400494992733,0.3090179860591888,-0.0148792658001184,-0.5374107956886292,-0.5534104108810425,-0.2894331514835357,0.3393507897853851,1.0581037998199463,0.144974336028099,0.6220086216926575,-0.4687284231185913,0.4528188407421112,0.3884975910186767,0.1073685884475708,0.5571797490119934,0.2764184772968292,-0.2424703538417816,-0.2158079594373703,0.5627112984657288,0.415305495262146,0.106074534356594,-0.0443860217928886,0.1336534172296524,0.0635653510689735,0.1826259046792984,-0.1055840924382209,0.6502776145935059,-0.141808420419693,0.3536523282527923,0.5146189332008362,0.2330994606018066,-0.0900570750236511,0.0781622529029846,-0.4576899111270904,0.1094290018081665,-0.8406364917755127,0.5045748353004456,-0.0283449869602918,-0.0218085329979658,-0.0520893447101116,-0.1031492948532104,-0.4371600151062011,-0.017949478700757,-0.1399894803762436,0.2675392627716064,-0.5081573128700256,-0.5338950753211975,0.1077740564942359,-0.0689213573932647,-0.283149242401123,0.171120136976242,0.3129028677940368,0.4287918210029602,-0.5326884388923645,-0.4094868898391723,0.7733538150787354,0.0162159632891416,-0.0072541129775345,0.5614296197891235,0.1175485625863075,-0.0760221034288406,-0.211329385638237,-0.4428883790969848,-0.2046450078487396,-0.7780249118804932,-0.3564236462116241,-0.4528417289257049,0.2160809636116027,0.2362763434648513,0.3225845992565155,-0.1116638481616973,-0.0470034219324588,0.0703728720545768,0.1373246610164642,-0.0632245987653732,-0.65218186378479,0.2310350388288498,-0.1592269390821457,0.5896809101104736,0.8067646026611328,0.1587326377630233,-0.2732491493225097,-0.1715768128633499,0.2116468995809555,0.2313543707132339,0.1230284571647644,-0.6485904455184937,0.0193797163665294,0.5927419066429138,-0.0951088666915893,-0.2243158966302871,0.1123715043067932,0.3114649355411529,0.461230456829071,-0.276660680770874,-0.382485032081604,-0.0353952907025814,0.3318245410919189,-0.0521954633295536,0.3872840106487274,0.0941041409969329,1.028633952140808,0.2518595159053802,-0.0752753987908363,0.2339671552181244,-0.3081791698932647,-0.0724743828177452,-0.2201147973537445,0.2931573987007141,0.1904922127723693,0.0927618965506553,0.5092480778694153,0.1100455299019813,-0.3637725114822387,-0.2760427296161651,-0.0828023701906204,0.3296189904212951,0.1685519069433212,0.0973466262221336,0.2866364419460296,-0.5149614810943604,-0.0037491263356059,-0.3459472954273224,-0.4577270150184631,-0.1330947428941726,0.1084762662649154,0.6005651950836182,0.1605362296104431,0.5439375638961792,-0.5331707000732422,-0.3257345259189605,-0.3711455166339874,-0.4540835320949554,-0.1340912729501724,-0.2620345950126648,0.2089841961860656,0.1866414099931717,0.1436269432306289,-0.4567202031612396,-0.3661319315433502,-0.0883623957633972,0.3650775253772735,0.0215740874409675,-1.0030871629714966,-0.4105854034423828,0.6311589479446411,-0.1848551332950592,-0.3698974549770355,0.1036599949002265,0.236632689833641,0.1726095229387283,-0.2160039544105529,-0.0213409829884767,-0.168961226940155,0.3041289746761322,-0.0161232110112905,0.4921342730522156,-0.09644266217947,-0.2044597864151001,-0.332964688539505,0.0566480383276939,-0.2578245103359222,-0.3340344727039337,-0.572498619556427,-0.3068805336952209,-0.0457549095153808,0.1794564574956894,0.1167832538485527,0.4510316550731659,-0.2446545511484146,0.4985246956348419,0.031571552157402,0.1467853039503097,-0.0906953960657119,0.2868809998035431,-0.2875887453556061,-0.1965115219354629,-0.1932107657194137,0.5326632857322693,0.2681797444820404,0.3176998496055603,-0.2003336399793625,-0.5330439209938049,-0.1281498223543167,-0.2392009794712066,-0.519485592842102,0.5827149152755737,0.0900339633226394,0.5456182360649109,-0.1836076378822326,0.2240788340568542,-0.1907528638839721,-0.0015128852101042,-0.3930225670337677,-0.1054306253790855,-0.1078258082270622,-0.8340499997138977,-0.186623215675354,-0.3212255537509918,-0.4420482516288757,0.5200933218002319,0.2669086158275604,-0.6013787388801575,-0.3170128464698791,0.1425212919712066,-0.034273512661457,-0.4507310092449188,-0.0893237888813018,-0.5125720500946045,0.1827784180641174,0.487899512052536,0.4282651841640472,0.4144729077816009,-0.2689167261123657,-0.6819618940353394,0.1487437039613723,0.7066802978515625,0.1276256442070007,0.2586115002632141,0.1338995993137359,-0.0630201920866966,0.0068775373511016,-0.3611669242382049,0.5995979905128479,0.3284713923931122,0.6112343668937683,-0.1593673080205917,0.5796571373939514,0.5704997777938843,-0.2039690464735031,0.27096688747406,0.9044501185417176,0.39722540974617,0.6367554068565369,-0.0577708259224891,0.036823458969593,-0.5470572113990784,0.2953176200389862,-0.2784082591533661,0.2505327463150024,0.2955975830554962,-0.3873145580291748,-0.0106711722910404,-0.4470608234405517,0.0582158118486404,0.3540639281272888,-0.2572919130325317,0.0640492439270019,-0.1530279666185379,-0.5277718901634216,0.3817476332187652,-0.158414676785469,-0.0710591152310371,0.1840384602546692,-0.0350280739367008,0.4537293612957001,0.528607189655304,0.2899109721183777,-0.0413019880652427,0.2188134342432022,-0.6566449999809265,0.0871488004922866,-0.4678245782852173,0.2556524276733398,0.8074514269828796,0.1066321358084678,-0.7058013081550598,0.1147244274616241,0.7123931646347046,-0.3560422956943512,0.0612720251083374,-1.0915507078170776,-0.1837315112352371,-0.1110924184322357,0.1160295903682708,0.1151471585035324,-0.1754621565341949,0.4969201385974884,-0.3079700171947479,-0.1208853498101234,-0.2617020308971405,0.7547056078910828,0.0675808936357498,-0.2036011964082718,-0.0834806710481643,0.0529114045202732,-0.0520556680858135,0.2553771734237671,0.0519331432878971,-0.4064322412014007,0.1175331100821495,-0.0400002636015415,-0.2948659062385559,-0.0202174540609121,0.4066607654094696,0.1878072172403335,0.0256806910037994,0.2268457561731338,-0.0400772243738174,-0.8691291809082031,-0.2082367241382599,0.3324902355670929,-0.942822277545929,-0.0735208243131637,-0.1429763734340667,-0.1136432737112045,0.3548907041549682,-0.1476150751113891,-0.3494469225406647,0.015733528882265,-0.295113205909729,-0.0524454191327095,-0.1219716221094131,-0.5856705904006958,-0.0685122907161712,0.2011014968156814,-0.0997806042432785,-1.0749133825302124,0.1433800905942917,0.1807161569595337,0.3349646627902984,0.0505462624132633,0.51595139503479,0.2372927665710449,0.0397394374012947,0.4213206768035888,-0.229931965470314,0.179247185587883,-10.382081985473633,-0.4448930025100708,-0.3652932643890381,-0.183305487036705,-0.3692849576473236,0.4921149015426636,0.6921905279159546,0.3035148084163666,-0.2524159848690033,0.4128586649894714,-0.3018664121627807,0.2482895404100418,0.1434746235609054,0.9373087286949158,-0.4286087155342102,-0.1827657520771026,0.3007826209068298,0.082112118601799,0.0640494301915168,0.3107931613922119,-0.2130162268877029,-0.4070342779159546,0.6020965576171875,0.0759041309356689,-0.0683071687817573,-0.3665779531002044,-0.2489219903945922,0.2341049611568451,-0.1814572066068649,0.1103604510426521,-0.6091642379760742,0.5347440242767334,0.1003084331750869,0.3639244735240936,-0.7448790669441223,-0.2301767915487289,-0.0891357064247131,0.2333881556987762,0.3847591280937195,0.5595882534980774,-0.0836476907134056,0.6774351000785828,0.2649302184581756,-0.4228098094463348,0.853337287902832,-0.2344857007265091,0.3338377773761749,0.5192164182662964,0.2750162482261657,0.1354071348905563,-0.1363216787576675,-0.6438022255897522,0.0042162416502833,-0.4347541332244873,-0.1330995559692382,-0.1422829777002334,0.3304428160190582,-0.6977059245109558,0.0330822952091693,-0.1127327904105186,0.4786390364170074,-0.273013710975647,0.6636946201324463,-0.0587224513292312,-0.3250734508037567,-0.1605715006589889,0.0656867250800132,0.6946278810501099,-0.5975626111030579,-0.2920809686183929,0.5590290427207947,-0.2730327248573303,0.2166372835636139,0.4055890440940857,-0.4609197080135345,0.2656212449073791,-0.1926836967468261,-0.177279993891716,1.1196138858795166,0.0746123492717742,0.4504166543483734,-0.0480197295546531,-0.4257279634475708,0.1747554093599319,-1.0736651420593262,0.4939015209674835,-0.1731966435909271,0.1242589876055717,0.3955589532852173,-0.4195772707462311,0.582466721534729,0.0015246457187458,-0.3316822946071625,0.1182079017162323,0.481196790933609,0.0666705295443534,0.4595232307910919,0.0795234888792038,0.923289954662323,0.1367945075035095,-0.6281772,-0.5539952,0.5435071,1.0734199,-0.5912443,-0.54649264,-1.3547555,0.24281271,0.8627555,-0.5441366,0.42287764,0.23676085,-1.4723587,2.351785,-0.8756272,0.09445303,1.071536,-0.3117102,-0.1888874,-0.17232914,1.1033877,0.29710022,0.62881595,-1.0611049,1.6413842,0.22319303,0.45206133,0.058938187,-0.35639557,-0.21123542,0.031965,-0.8140202,-1.1111056,-0.66226715,-0.17809504,-1.2792779,-1.3080869,1.1792097,-0.0846168,-0.98502177,-0.4454309,0.9781496,-0.43721095,-0.32055488,-0.4812537,-0.3536353,1.2819113,-0.533433,0.89596575,-0.5778964,-0.7241948,-0.29364905,0.6091845,1.128057,0.45238698,-0.47781047,1.4655794,0.8528215,0.1448638,-0.342535,0.55560666,0.6110713,-0.77075344,-0.18673457,0.6505008,1.0401459,-0.52429014,-0.2635003,-0.017103853,-0.4097807,-1.9504762,-0.6645457,-0.058451846,1.774457,-1.5018488,0.835511,0.1303352,-0.77742535,0.40062475,0.16749863,0.5892452,-0.3952799,-0.7338753,1.5540305,-0.26748514,-1.0630838,-0.2403181,-0.6200992,-1.2853429,-0.16707785,-0.23358719,-1.748353,-1.3520579,-1.6405454,1.0613079,0.27302977,-1.117023,-1.1045829,-1.2029063,0.00512596,0.069297336,1.014078,0.30478063,-0.32525286,-0.83913916,-0.77184963,-0.8604836,-0.85838467,-0.35509992,1.0916749,-0.11418688,0.3105494,0.854192,1.7416306,1.0942973,0.729647,-1.2422647,-0.9318962,-0.4630593,0.47865212,1.5307449,0.40518072,-0.22763811,0.9418757,-0.0043836907,0.6825642,0.47886717,-0.9381812,0.49114728,-0.020166507,0.7078034,-0.86118174,1.8136597,0.7596286,-0.7712107,-0.080067,0.053128988,-0.22646199,0.81512994,-0.8929887,-0.3168513,0.046349447,-0.76119524,-0.54910487,-0.0484571,-1.2883061,0.039886713,0.74087447,1.7138557,0.10264677,-0.31306908,0.08109281,-0.8602888,0.81189805,1.0186162,-0.14480083,-0.12217388,0.12204987,-1.1535721,1.2560315,-0.34388617,1.355451,-0.8710192,-0.07372285,0.64771223,0.80313015,-0.47359157,0.42004824,-0.9881294,-2.2464657,-0.6839855,-0.05160165,0.48853478,-0.002699693,0.40692464,-0.33159366,0.20413578,-0.1290319,-1.1735877,0.0046808673,0.74291426,1.155102,-0.1945501,1.1267985,-0.49382433,-0.06373539,0.72367615,0.94040114,0.61309296,0.42859277,1.1836036,-0.43308505,0.6686287,1.1657863,0.66377795,2.8316958,0.43920755,-1.3831463,-2.0329816,1.0048923,-2.4715922,-0.27475625,1.7160214,-0.89981,1.6636425,-1.0503565,-0.91551036,1.7202193,0.83111924,-0.022017265,-1.3014147,-1.4420271,1.1466721,0.46423674,-0.30073473,-0.5106007,-0.99108267,0.25453678,-0.022998055,-0.6662418,0.2993294,0.4925511,0.5079405,1.0357697,-1.3095267,0.44931307,0.57404095,0.5103603,0.3080798,0.98130554,-0.84473175,0.22277129,0.4735601,-0.46956515,-0.6582816,0.5662155,-0.3345323,0.65084344,-0.34067953,0.5339757,0.57729596,-0.514815,0.33206585,-0.3115513,0.51811856,0.4852086,1.1642885,0.3514521,-1.4361335,-0.40974572,-0.31843075,1.099649,0.35642424,0.12451783,0.59991884,0.45962492,-0.23613434,0.49478927,-0.31742588,-0.5549791,0.54604346,0.5611777,-0.4336498,0.45696187,0.19212623,-0.67840546,-0.4896183,-0.19632202,-0.03197992,-1.0966623,-0.6463402,-1.1938673,-1.6368462,0.08372244,0.33499923,0.25618646,-0.39237943,-0.861986,-0.67304945,0.761514,0.5695991,-1.3482977,-0.6311801,-0.1021286,-0.49395815,0.8020494,-0.32921818,-0.08944305,0.19594757,0.28215322,-1.5201269,1.2425846,-0.6216386,0.89130205,1.2902068,-0.0003951788,1.0253979,-0.6424088,0.20724852,-0.9763325,0.5376447,0.85272676,-1.4729767,0.5223956,-0.1547664,-0.29440525,0.9719294,-0.9111882,0.088695966,-1.2719522,0.38640806,0.05019687,-1.0774875,2.2523663,-1.5030438,1.3511194,-1.3705915,-0.27542216,-0.5344956,-0.30219832,-1.0507668,0.9535602,0.28135183,0.19133699,-0.015756974,-0.0643065,0.4242718,0.15957603,-0.33545363,0.9690211,-0.20777471,0.48615,-0.67201835,-1.1536003,0.11606023,1.0033087,-1.3625287,-1.6303763,-1.55331,-0.3594272,0.5115954,-0.4297897,-0.48414624,1.0384325,-0.18439943,0.95941,-1.3241471,-0.37349987,0.48290148,-0.36620668,1.6247729,-0.10924706,1.2141496,-0.7629259,-0.31841424,0.48651877,-1.839922,-0.8846778,-0.24485244,1.9815735,0.33742967,0.8932169,0.67866516,0.48120117,-0.52344364,-0.5113752,0.8448901,-0.36634466,1.7827078,0.17370504,-0.49482036,1.765797,0.0066410103,0.80776626,-0.03624354,-0.12169524,1.2104491,-0.07102485,-0.31374314,0.15926553,-0.25666896,0.043925624,0.16868418,-0.04752979,0.30588445,-0.6275677,0.560415,0.9993911,-0.44157013,-1.3010279,-0.1919459,0.7495933,1.3160155,1.3568779,1.3511904,-0.07242461,-0.9949705,-2.0414743,1.1917385,1.2397169,0.59181386,0.16793852,-1.6773491,0.40341792,0.25426424,-0.021110332,-1.3211321,-1.7921032,1.8244282,0.8403775,0.53734857,1.2967387,-1.1446968,-1.5749325,-0.34663415,-0.41524515,0.20643099,-1.0522538,-0.60557467,0.6009995,-0.63837105,1.4307812,0.76939607,0.61019975,-0.14685751,0.0022844076,1.0466228,0.6011456,-0.8322529,-0.79517347,0.017553912,0.21718602,-1.3566242,-0.7120595,0.2726646,-2.1727512,0.9728624,-0.65233856,-0.18115072,-0.37545487,-0.5085779,-1.1993583,-0.49432173,-0.1350128,-0.7771549,-1.0931202,0.2829022,-1.6716064,-1.1783596,0.98010784,0.9693846,-1.1138674,0.37618697,0.4946024,0.38500723,0.33062947,-0.31857708,-0.5932512,0.0719671,-0.43293825,-0.4222093,-0.32765222,-1.2894734,-0.50480515,0.49242744,-1.0910434,-1.5989016,1.0329481,0.6648652,-1.751171,-0.5070836,0.5427745,-0.61511445,1.0402815,0.8383005,-0.12494906,-0.36326835,-0.67888546,-0.27397445,-0.27490312,0.9759364,-0.311421,-0.510201,0.416226,0.15860143,0.19837624,1.9708406,0.019912759,1.0408173,1.2454332,0.32374838,-0.98947525,0.6417103,-0.45942977,0.031923674,0.37955734,-0.91173744,-0.9318517,1.3254589,-0.24953799,-1.0515392,0.18587177,1.0216564,-0.52954173,0.07165935,0.29779646,1.2378714,1.7870651,0.5359455,1.8231453,-0.5300128,-0.41563606,-0.26066977,0.76596117,-1.0105853,-1.1265068,0.21055292,0.5265274,2.2907438,-0.15983678,0.5625496,0.509975,-1.0430231,-1.1610032,0.1943438,-0.08184068,-0.337816,-0.62736976,0.5493438,-1.3135189,-0.16218837,-2.1653087,-0.18398511,0.83968717,1.1340814,-0.46913192,-0.12869316,0.35448647,0.13655238,-0.51940674,-0.071082994,0.6192685,1.533485,0.24822222,-0.6654594,0.28874454,-0.47110096,-1.5225176,0.07254803,-0.93156385,-0.6596854,0.11540408,-0.10600164,-0.26648,-1.1041092,-0.6085706,1.4610891,0.32484856,-0.2442118,0.5391576,-0.43357933,1.6155037,-0.37490514,0.021127528,1.786499,0.41673347,-1.2836345,-0.13653491,-0.9536454,0.39425635,-0.8959828,0.45987228,0.9355021,0.78238934,-0.6627133,1.295185,-0.45963275,-0.07537603,-0.017647922,0.651006,-0.52380115,0.25140885,-1.8631388,1.0313462,-1.5974021,-1.0198616,-0.5254517,0.56969124,-0.8476289,-0.074163,-0.46756816,0.2717321,0.28506377,-0.585316,0.6477449,2.095033,-0.24401046,-0.80625075,0.6684397,0.67988724,-0.37929738,-0.002202769,2.640556,0.3663697,0.31594697,-1.3515264,-0.41920495,0.69159967,-0.41392437,-1.3821677,-0.33305034,-0.4120638,0.40157834,0.31156763,-0.077394396,0.92580557,-0.76393884,0.45450392,0.81629515,-0.90336484,-0.42058316,0.24257036,-0.46132907,-1.2498773,-1.7337093,0.23577191,0.97977805,-0.55247283,0.5710947,0.096374966,1.9054605,0.8189195,-0.5804644,-0.8083778,0.6810762,0.6335527,0.58783585,-0.88556576,-0.69781804,0.2343957,1.4573866,-0.51907885,0.2985152,0.012462144,-0.3502474,-1.5177268,1.1640604,0.5664916,-0.122365974,1.1626842,-0.05107141,0.036340635,0.36680695,-0.4777646,0.20423801,-0.59791046,-0.16404665,0.0492889,-0.5504022,-1.0168852,-0.25179875,-0.94203585,0.32639515,-0.09738376,0.61352354,-1.4514045,0.67740303,-0.003913482,0.6108059,0.27767777,0.27779898,-1.0217577,-0.776906,-0.47907892,1.7252628,0.84956497,0.38655224,-0.9338312,0.11141231,1.5463699,0.18151768,-0.4147447,0.4964707,-0.25582287,-0.8602589,-0.114778064,-0.7032216,-0.76955706,0.8245891,0.5615224,-1.2190608,1.0259918,-1.9752353,1.2312586,0.14931925,-0.85876846,0.041250866,0.20139146,-0.8945431,2.1448286,1.4462973,-0.4145693,0.18294561,0.8948733,1.0539489,0.042224366,-0.31548205,-1.3918871,0.971525,1.2917129,0.63599217,-0.98368937,-0.38390836,0.54240304,-0.43615803,1.5142689,-0.4467293,-0.03876297,-0.43277475,-0.01974763,-1.1367446,-0.45709214,-1.1019472,0.09644902,-1.4276994,0.68994313,-0.6672631,-0.5578701,0.9870796,-0.78117245,0.15093131,0.22786959,1.2575731,0.56298256,0.8130882,0.6947711,-0.40639052,-0.060706515,-0.5879199,-0.37472865,0.53395516,-1.4936205,0.43099073,0.2252835,1.1951246,1.9257208,0.083960496,-0.78835917,0.941634,-0.18909727,-0.005107691,-0.350423,-0.9252307,-0.3464993,0.4589516,-0.009773776,0.40470576,-1.3850151,-0.29870772,-0.052202385,0.5492592,0.38343766,0.3996446,0.050587554,0.4718143,1.6273106,0.7906919,-0.30384752,-0.88829845,-0.6608914,1.0120546,-0.028797235,-1.5380547,-0.50652665,-1.3987738,1.7132574,1.2441496,0.4655289,0.5778355,-0.63734585,-1.5361651,2.5194564,-0.59189886,0.1107839,1.2664318,-1.1089525,0.16799287,0.23587,0.45262474,0.78508615,0.4095991,-1.2856381,1.007579,0.6305207,0.7253963,-0.21191697,-0.45759436,-1.0003847,0.43970466,-0.44878575,-1.4171625,-0.33877298,0.17525876,-0.75663364,-1.8821214,1.2949039,0.043670468,-0.78934616,-1.1261147,1.0145025,0.05157962,-0.6152953,-0.68178743,-0.022717122,1.6842011,-0.7028743,1.5996578,-0.35316643,-1.1742638,-0.5990119,0.75539726,0.81427157,0.24093273,-0.64257383,1.7917206,1.1436099,0.06468856,-0.65745294,0.20865352,0.18445091,-0.7170714,-0.99513006,0.1156512,0.6188809,-0.42702252,0.8262182,-0.05180968,0.15677145,-1.8870714,-1.9743887,-0.3332095,1.8438699,-1.485988,0.37262112,-0.31876597,-1.5749073,0.45408958,-0.4079372,0.6266264,-0.6077998,-0.6986872,1.3265959,-0.6854391,-1.7024275,-0.4725441,-0.9850701,-1.0139315,-0.34943888,-0.89608335,-1.687594,-1.6094877,-1.4481403,2.1130426,0.60994816,-1.1619184,-1.4548302,-1.2501491,-0.09960981,-0.088916145,1.4098495,0.9419242,-0.537958,-0.63115734,-0.5301309,-0.52455676,-0.18838255,-0.35585544,0.30375656,0.09370764,0.8477765,0.619696,1.3431637,0.5211988,1.0971584,-1.6352075,-0.6001954,-0.6044598,0.66528356,1.6261623,0.53293246,-0.63032264,0.51140314,-0.4170354,1.2164955,0.045987505,-1.0209357,0.05663052,0.45128632,0.70180494,-0.04176433,2.5182347,0.8124403,-0.79494363,-0.8666509,0.26206332,0.4634594,0.6983027,-0.8792469,-0.36405522,0.40543222,-0.08854723,-0.37938863,0.613397,-0.89275086,-0.026392555,0.8394751,1.936371,0.2770099,-0.30883402,0.49476895,-1.8427398,0.16486594,1.3395368,-0.57660896,-0.10994993,1.0881631,-1.1945944,1.096689,-1.1622379,1.3548849,-0.6393255,1.1256326,-0.26644477,0.6510724,-0.68604654,0.39094883,-1.196611,-2.3704166,-0.6786583,0.24186055,0.8703316,-0.16128944,0.5210946,-0.6777191,-0.0934462,0.7733115,-1.5235946,-0.5882973,1.5978663,0.70985353,0.10232655,1.6683378,-0.29952934,0.70936525,0.7254389,0.76018655,0.6265119,0.13161455,1.660716,-0.9273396,1.3506572,1.1455709,0.61581385,2.7832985,0.9020764,-1.3659812,-1.7312491,1.4087518,-2.814573,-0.70399314,0.762414,-1.918453,0.8998766,-1.688998,-0.4726089,1.3467239,0.3943812,-0.099786416,-1.1912463,-1.2929465,1.1927322,0.9919203,-0.22649257,0.24830592,-1.129208,0.081759825,-0.97779673,-0.9269729,1.3994545,1.1524856,0.46527097,0.33633476,-1.113609,0.86481196,0.12552108,-0.17727841,0.1886069,0.90160197,-0.8090023,0.5062322,0.49981156,0.3352882,-0.3551577,0.5955137,-0.041328933,0.7756361,-0.09446206,0.8737088,0.93377334,-0.48086065,0.338514,-0.40988493,0.40747818,0.81906927,1.3869574,-0.13352515,-1.8509935,-0.90992314,0.152341,1.1005622,0.19012539,0.56255335,-0.025001388,1.3318933,-0.5636788,0.11834382,-0.39798656,-1.0735253,-0.24821366,0.38699222,0.7263132,-0.25385925,0.37666303,-0.9353401,-1.1349069,0.7049297,0.3822123,-0.7934805,-1.2226704,-0.7879452,-0.5297155,0.06844286,0.74737936,0.21752417,-0.16751276,-1.611554,-0.3622807,0.99296135,0.9222619,-2.0320015,0.11703074,-0.14510249,-1.1326948,0.1770292,0.27616748,0.07312441,-0.094126284,0.30046016,-0.8414756,0.6719929,-0.38391063,0.8067023,1.5089735,0.38281938,1.352762,-0.7285062,-0.36411807,-0.10044726,0.84779316,0.14879142,-1.6561575,0.9627806,-0.7791135,-0.68203354,1.910169,-0.8625722,-0.6086878,-1.3039287,-0.1405198,-0.6874584,-1.1826669,1.9455011,-2.4399474,1.4550527,-1.6456716,-0.19816099,-0.85278904,-0.7485239,-1.3051327,-0.48074982,0.42373523,0.022926947,0.27308384,0.5467714,0.14275812,0.47648928,-0.39182067,1.6508512,0.103733875,-0.061912674,-1.2023824,-1.2433554,-0.19453524,0.67689,-1.4796479,-0.5131106,-0.5991583,0.07804126,0.050010893,-0.31869683,-0.93807536,0.9107603,-0.24193504,0.20218901,-1.2099874,-0.95587736,0.017085878,-1.2550691,1.2582496,-0.4873759,1.5839864,-1.0555496,-1.1364226,0.51954263,-0.6339383,0.30290577,0.27558416,2.0581515,0.60502136,0.92950195,-0.04174435,0.8739966,-0.21977794,-0.47611067,1.8944665,0.46777147,2.057586,-0.19464764,-0.19275488,1.7680504,-0.18507276,0.9167085,-0.16747908,-0.022637364,1.7040259,-0.68996656,-0.72794694,-0.121343024,0.07797503,-0.43436518,0.10864858,0.8606106,0.2380104,-0.10195486,0.6381923,0.612095,0.0062871748,-1.6913989,-0.44776726,1.0121373,1.4396759,1.0512615,1.2759801,-0.26770705,-0.15268476,-1.5805848,0.14820151,1.4383715,1.1922902,0.13624747,-1.6382645,1.038959,0.62517965,0.8562198,-2.1420767,-1.3256394,1.3688189,0.5320316,0.025296034,1.6021183,-0.77397126,-2.2285075,-0.59932244,-0.41163224,-0.7073293,-0.6821547,-1.1420673,-0.0065669245,0.45476526,1.0136479,1.0653658,0.9595705,0.16536848,-0.9501007,0.04551071,-0.093151994,-0.59393567,0.7458703,-0.23306605,0.7590952,-1.5265073,-0.8283772,0.5084427,-2.4481735,1.4018317,-0.23619303,0.29801038,-0.32171634,0.40653938,-0.8273223,-0.0463094,-0.17334129,-1.0728948,-0.16786268,0.8994699,-1.96741,-1.1217784,0.9486073,0.717835,-0.5010586,0.07987513,0.69946367,0.041327663,0.9042558,-0.17327738,-0.795956,-0.52706945,-0.26069677,0.26975098,-0.62848216,-1.3789546,-0.6631185,0.8430665,-0.90704536,-1.529659,0.79388076,0.45259044,-1.4371549,-1.3156203,-0.0782337,-0.42743278,0.27037504,0.9576205,0.011400872,-0.32557482,-1.0258019,-0.21435745,-0.36082786,-0.311556,-0.73539066,-0.008487226,0.27511406,-0.9364556,0.53051454,1.78394,0.36088964,1.8989333,1.6116227,-0.061367605,0.37313083,0.88900965,-0.4657895,-0.1841987,0.7087273,-0.69605446,-0.7905033,1.2118695,0.026459185,-0.76076573,-0.085543156,0.84679323,-0.7379115,-0.77652746,-0.083586805,0.44270274,1.0766255,1.7340281,1.8391091,0.25378534,0.2207859,-0.51701564,0.5470894,-1.6830528,-0.5392063,-0.5538173,0.47955224,2.246575,-0.6578622,0.39968824,1.1292158,-1.3343917,-1.2324919,0.108549476,0.4117884,0.05532819,-0.57966465,0.77874166,-1.4641075,0.43527398,-1.6580715,-0.113863416,0.75701106,1.1542442,-0.791901,0.56002444,0.9819727,-0.015291704,-0.7402422,-0.39688185,0.39362654,2.0805643,-0.452765,-0.59902096,0.64405864,-0.14505307,-1.9142606,0.015200223,-0.78715056,-1.2930393,-0.3918598,-0.14805858,-0.3418451,-0.08812761,-0.9438483,1.2241734,0.08107781,-0.052296154,0.469101,-1.3540856,1.1141906,0.6256379,-0.810283,1.671302,0.87563485,-1.2688674,0.56457096,-1.9594669,2.3928516,-0.49492517,0.95612526,1.7422962,0.5459525,-0.4727797,1.2401407,-0.85608304,0.15508227,-0.8865009,0.6750351,-0.5457847,0.32451746,-1.6509945,1.3281628,-1.1469208,-0.4268252,0.21028455,1.0087447,-0.6240258,0.5584819,-0.22797649,0.22729288,0.092177086,-1.3358171,0.4411555,1.8175461,0.025091993,-1.0066397,0.26288015,-0.05604012,-0.6436512,-0.17383397,2.343285,0.15231173,0.4492342,-1.5172733,-1.5617392,1.0168307,-0.20154211,-1.7705114,-0.67535216,-0.2978423,0.1302295,-0.06253537,-0.5747415,1.0785083,-0.5188559,0.62945986,0.63931847,-0.3671927,-0.011936038,-0.026888533,-0.49891695,-0.5936026,-1.2042037,0.48060685,0.40918002,-0.9984028,0.8994304,1.3954222,1.6044185,0.68948275,-0.39778444,-0.7785791,1.26194,0.3707146,0.8770995,-1.4637672,-1.698824,0.67223155,1.1238285,-0.29679942,0.4085591,0.47655657,-0.20573033,-1.8084661,1.0545319,-0.2218814,-0.4594745,0.9896181,0.13064267,-0.19655026,0.98764706,0.16113384,0.57506526,0.053182196,-0.7624137,-0.28041545,0.13926402,-0.9597602,0.66475594,-0.56715,0.7112576,-0.69934416,0.35640243,-1.7910521,0.9307119,-0.11005201,0.33738807,0.84031016,0.39983916,-1.7169756,-0.6067233,0.042572465,1.3569733,1.1432925,-0.18437055,-0.2500577,-0.30861172,1.3118713,1.0417771,0.14436314,-0.20823848,0.14352973,-0.21878834,-0.5569549,-1.0606921,-0.701457,0.29711333,0.32261524,-1.1280786,1.8265344,-1.9952943,0.530152,-0.008562906,-1.942489,-0.30226967,0.27011055,-0.0651062,2.3558998,1.2185186,-0.3760803,-0.36859128,0.97099537,0.95282453,-0.93783516,-0.19518067,-0.8531942,0.64599055,1.494201,0.5702705,-1.2649146,-0.20338881,0.7581367,-0.39470175,1.2046562,-0.09611773,-0.63320595,-1.0667086,-0.19174583,-0.65360755,-0.38708514,-0.33658576,0.7318983,-1.3233664,0.9706206,-0.6459835,-1.6713659,0.9303516,-0.58003026,-0.038121898,-0.8185107,1.0992409,0.5438792,0.57599366,0.67369473,-0.73304015,0.014486655,-1.4912091,-0.668748,0.618256,-0.6949477,0.9237777,0.63829976,0.76416045,1.6415378,0.26379463,-1.8989894,0.63853025,0.24745686,0.7976519,-0.5795503,-1.1467825,-0.4173076,-0.20274882,0.3616972,0.9414285,-1.6158496,-0.3001749,-0.4088485,0.3885079,0.007246293,0.44898337,0.3382285,0.58324516,2.0430982,0.8824155,0.4143693,0.0
リ,0.415574163198471,0.1737055331468582,0.5849692821502686,-0.2151138186454773,-0.0659065023064613,0.3584337830543518,0.086657591164112,0.2669789493083954,-0.1726342290639877,-0.2763693630695343,0.9457791447639464,-0.1038671508431434,0.1148487627506256,-0.1901741772890091,0.6065534353256226,0.2565444707870483,-0.2103362828493118,-0.1453824639320373,-0.3791010677814483,-0.3130072653293609,-0.7069437503814697,-0.1385436803102493,-0.2085364609956741,0.2607903182506561,0.2622789740562439,-0.6750698685646057,0.2375013977289199,0.1095442250370979,0.137151837348938,-0.2710570394992828,-0.2829957902431488,-0.1275658011436462,-0.36700439453125,0.3049251139163971,-0.6229907274246216,0.2348629534244537,0.1657563298940658,-0.2439841777086258,-0.0719552338123321,-0.3802835643291473,-0.0644666776061058,0.143115222454071,-0.106493666768074,-0.246557205915451,-0.1526533812284469,0.555555522441864,0.1120451092720031,0.4211159944534302,-0.0370425358414649,-0.1269803643226623,-0.4273518919944763,0.6218248009681702,0.6061189770698547,0.04417559877038,-0.0499552860856056,-0.0921466574072837,0.591787576675415,-0.5284159779548645,0.0016757316188886,0.2290544360876083,-0.4492727518081665,-0.657725989818573,0.0836504250764846,0.1202186867594719,0.0104032261297106,-0.0029423485975712,0.097853310406208,-0.0589031018316745,0.1031792238354682,-0.4279937148094177,0.1854356825351715,0.1889892071485519,0.2968339025974273,-0.7306986451148987,0.4907982647418976,-0.4115642011165619,-0.0931286811828613,0.4963451027870178,-0.0742833316326141,0.1202197149395942,0.0393482856452465,0.3775499165058136,0.259019136428833,-0.4725232422351837,-0.251420795917511,0.3093516528606415,-0.4410427212715149,-0.5469683408737183,0.6427991390228271,-0.6242369413375854,0.4835462272167206,0.3276762962341308,-0.1369458585977554,0.0307484176009893,0.0945173129439354,0.1965054422616958,0.294353038072586,0.2630644142627716,-0.0617357492446899,0.3566299378871918,0.2088732570409774,0.1285423338413238,0.354311466217041,-0.4545800983905792,-0.3009033203125,0.0447453707456588,0.0012594945728778,0.6635826230049133,-0.0568277426064014,-0.1316841542720794,-0.710168719291687,-0.1885950118303299,-0.3976562023162842,-0.0951344594359397,0.4005756080150604,0.4148956835269928,-0.1411580443382263,0.7507668137550354,-0.2810356318950653,0.460514098405838,0.1886826008558273,0.1083291620016098,0.1811825633049011,-0.0260151326656341,-0.1427085101604461,0.6553669571876526,-0.580356776714325,-0.1358460038900375,-0.3552114069461822,-0.063502624630928,-0.4113591909408569,-0.4947543740272522,-0.0769182667136192,0.2131040692329406,-0.4987854957580566,0.8964278101921082,-0.1773004382848739,0.1006785631179809,0.2037449181079864,-0.2136797606945037,-0.3634560108184814,0.1637136787176132,-0.0550299696624279,-0.0582963377237319,0.3978348970413208,0.3058249652385711,-0.5719026327133179,-0.3578946888446808,0.438408762216568,0.2768093347549438,-0.1696393936872482,1.0090107917785645,-0.8476295471191406,-0.0963473245501518,-0.1034151017665863,0.4603444039821625,-0.548450231552124,-0.0035971223842352,0.3112946450710296,0.3328922688961029,0.3344834148883819,-0.2054870128631591,0.0314145982265472,0.4732602834701538,0.0365625582635402,0.0830999016761779,0.305743008852005,-0.141748234629631,-0.2401123195886612,0.5583984851837158,0.0943792536854744,0.3581740856170654,-0.1201416030526161,-0.0458887331187725,-0.0184908099472522,0.300485759973526,1.0276329517364502,-0.0940973833203315,0.2851444482803345,-0.4896672964096069,0.0211465656757354,-0.2144927829504013,0.2934828996658325,-0.7413639426231384,0.3253012299537658,-0.5591893196105957,-0.2092389315366745,0.0523913465440273,-0.5259557962417603,0.1027588248252868,-0.4452182650566101,-0.3637519180774688,0.2429390996694564,-0.4483962953090668,0.2814618945121765,-0.3423798978328705,0.0866240933537483,0.0582155734300613,-0.3168758451938629,0.7469353079795837,0.0393045879900455,0.0133621888235211,-0.3902973532676697,-0.298270583152771,-0.7354561686515808,-0.4550730288028717,0.013733965344727,0.8439802527427673,0.1568809300661087,0.3715934157371521,0.0181559547781944,0.2897245585918426,0.4268654286861419,-0.0664304122328758,0.3436748683452606,0.2733027040958404,-0.2813516557216644,-0.2312538623809814,0.5426632761955261,-0.5422168970108032,-0.0783604457974433,-0.0624250993132591,0.1083056926727294,0.3093261122703552,-0.0357275046408176,0.3407064080238342,0.0438247174024581,-0.364983469247818,-0.1503529548645019,0.4587344825267792,-0.4449456334114074,-0.5691524147987366,-0.3838695585727691,-0.0677064061164856,-0.7252550721168518,-0.4125865697860718,-0.3841876983642578,0.2440460473299026,-0.4766407907009125,0.5655958652496338,0.1632680296897888,-0.1106378361582756,0.5326520800590515,-0.5809235572814941,-0.013288072310388,0.2439944595098495,-0.0858723223209381,-0.5266443490982056,-0.6206485033035278,-0.017459038645029,-0.4278088510036468,-0.4397734403610229,0.1598141938447952,0.0827487260103225,0.251042366027832,0.1862060278654098,0.7637547254562378,-0.2461773455142974,0.0465389490127563,-0.4861936569213867,-0.1363654285669326,-0.4296438097953796,-0.0265878476202487,0.5626292824745178,0.0095651037991046,-0.2334023863077163,0.3246133625507355,-0.1683581918478012,-0.558327317237854,-0.4373252391815185,0.3788623511791229,-0.3490492403507232,0.0204595476388931,0.0052987900562584,-0.0388858616352081,-0.1111761927604675,-0.2305478006601333,0.4827375710010528,-0.3509405553340912,0.0354859717190265,-0.0522750839591026,-0.030010187998414,-0.2817128598690033,0.0207405220717191,-0.0103510338813066,0.2696488797664642,-0.6746823191642761,0.2814110219478607,-0.247145801782608,0.4330154359340668,0.2807440161705017,-0.2093753069639206,-0.9022873044013976,-0.0498237498104572,-0.2483831346035003,0.0269875954836606,0.6587416529655457,-0.1688696295022964,-0.0657260566949844,0.1243613809347152,0.5440731644630432,0.6834704875946045,0.2422628253698349,0.1626287102699279,-0.1455165594816208,-0.5808132290840149,-0.41480553150177,0.1799363195896148,0.5363322496414185,-0.8379170894622803,0.3162133693695068,0.9754692316055298,-0.3317567110061645,0.0846412479877471,0.5990176796913147,0.5663442611694336,-1.5937511920928955,-0.4387265145778656,0.69896399974823,0.1765961796045303,-0.0665959939360618,-0.0358830094337463,0.3024848699569702,0.6147230863571167,-0.391457200050354,-0.3601798415184021,0.6860685348510742,0.0048674964345991,0.0029969762545078,-0.6253206729888916,0.2074172049760818,-0.1552542001008987,0.0780286788940429,-0.5598610043525696,0.082378514111042,0.498115599155426,-0.0419276282191276,0.0725145787000656,-0.1594468206167221,-0.4138393104076385,-0.2901717126369476,0.3038416504859924,-0.3141849040985107,0.1355785131454467,-0.4375313520431518,-0.0889878571033477,0.1223481371998786,1.086179256439209,0.9037814736366272,0.5214348435401917,-0.1323890537023544,-0.491334319114685,0.1321234703063964,0.0257129929959774,0.3359168171882629,0.2342312484979629,-0.4264256656169891,-0.2704477906227112,0.111840896308422,0.1751305162906646,0.0240033939480781,-0.1531956642866134,-0.4306788742542267,-0.080778032541275,-0.3315837681293487,0.92880779504776,0.4632611572742462,-0.4085611701011657,0.2794684767723083,0.6349875926971436,0.4527572095394134,0.2432136386632919,-0.1161945313215255,-0.5133246779441833,0.0085028801113367,-0.2649286389350891,-0.0972506254911422,-0.1246088817715644,-0.3729111850261688,0.5382508635520935,-0.1303636729717254,0.208877608180046,-0.1853064745664596,-0.1115197390317916,0.4616993963718414,-0.6951394081115723,-0.3223020732402801,-0.2932354509830475,-0.2871004045009613,-0.1989361494779586,0.9139744639396667,0.4585901200771332,0.2092230170965194,-0.1698891967535019,-0.8272655010223389,0.0078853582963347,-0.6060008406639099,-0.1434696465730667,-0.1723605543375015,-0.0832434818148613,-0.0975953117012977,0.0309647135436534,-0.3311712443828583,-0.1558556854724884,-0.2714546918869018,-0.0361443944275379,-0.5935452580451965,0.1723220944404602,0.0539852492511272,0.3873535990715027,-0.1007715240120887,-0.0906977131962776,0.2905682623386383,0.3005736768245697,-0.3778145015239715,-0.09539046138525,-0.3990237712860107,0.2226544320583343,-0.0457562394440174,0.7061917781829834,0.496117889881134,-0.0176927223801612,0.2872500419616699,-0.1349940747022628,0.0379000455141067,-0.0511994510889053,-0.0873193889856338,-0.5338373184204102,0.8653929233551025,-0.4270183444023132,0.5507126450538635,-0.0699476599693298,0.1377881616353988,0.6398975849151611,-0.6793524622917175,-0.5397745966911316,0.6028834581375122,-0.1714186519384384,0.2969652712345123,0.5153598785400391,0.4514519870281219,0.5363298058509827,0.020516762509942,0.3197215497493744,-0.4258218109607696,-0.3253586292266845,-0.224837988615036,-0.4097864031791687,0.1355484426021576,0.0099523877725005,0.1727428585290908,0.4579567015171051,0.4416479468345642,0.2743472158908844,0.1712633371353149,0.04779889062047,-0.1953902095556259,0.0693943575024604,0.6368961930274963,0.7881618142127991,-0.1189580634236335,0.325173556804657,-0.4346718192100525,-0.1552817225456237,-0.0714031904935836,-0.2164909988641739,0.1498914361000061,-0.4815632998943329,0.460052490234375,-0.5320669412612915,-0.3614102602005005,-0.6347565054893494,-0.7586848735809326,-0.0567841231822967,-0.4449076056480407,-0.1638239473104477,0.2620225548744201,-0.0475715138018131,-0.2085813581943512,0.6166868805885315,0.5567603707313538,0.0943772345781326,0.0694323927164077,-0.2777479588985443,-0.21298748254776,0.6633769273757935,0.0689050108194351,-0.4700457751750946,0.4883700311183929,0.2945379018783569,-0.5241653919219971,-0.7808815240859985,-0.0702204927802085,0.089163027703762,0.1361640244722366,-0.0881540551781654,0.1255775839090347,0.065818965435028,-0.8355079293251038,-0.1728294789791107,-0.2028070092201233,-0.3474790155887604,-0.420623630285263,-0.5454912781715393,0.3036213517189026,-0.2222238034009933,0.1067124530673027,0.2206402868032455,0.4995199739933014,-0.2351754605770111,-0.4075559079647064,0.223868578672409,0.4465099573135376,-0.4998679757118225,0.0544939562678337,-0.0935288146138191,-0.0419368371367454,0.1707566231489181,0.2653924822807312,0.0784577950835228,0.3546380996704101,0.1986039578914642,-0.8142129778862,-0.5746926665306091,-0.1049988716840744,-0.7897212505340576,0.4275113046169281,0.2078415602445602,0.5951785445213318,-0.2616227567195892,0.2022069245576858,-0.066068910062313,0.17292021214962,-0.1537112146615982,0.3441058397293091,-0.4370275139808655,-1.06974995136261,-0.0484536886215209,0.1010866239666938,-0.7570805549621582,0.679360568523407,0.4491647183895111,-0.1797634214162826,0.4113815724849701,0.4823172390460968,0.2531554698944092,-0.2419506013393402,0.6579926609992981,-0.4785842299461365,-0.2973905205726623,0.2158022969961166,-0.1795803159475326,0.6063488125801086,0.124603159725666,-0.2788906097412109,-0.0518852621316909,0.3182830810546875,0.2814459502696991,0.3987816274166107,-0.0241642408072948,-0.4875899255275726,-0.350171685218811,-0.4193216562271118,-0.2092251628637313,-0.1295111328363418,0.7159046530723572,-0.6509881615638733,0.5338699817657471,0.4194579124450683,-0.4962694346904754,0.2222790569067001,0.8385199904441833,-0.050052024424076,0.2264864146709442,0.0194932986050844,0.0449788495898246,-0.98838210105896,0.1390917301177978,0.3259846866130829,0.1086740419268608,0.0854371860623359,0.1654282510280609,-0.128888338804245,-0.2280878871679306,0.6258050799369812,-0.1242687702178955,-0.1185330599546432,0.1423768699169159,0.80014967918396,-0.41150963306427,0.5031833648681641,0.4073540568351745,0.3679656982421875,-0.0454719550907611,0.2548719644546509,0.7122871279716492,1.1499634981155396,-0.0136095471680164,0.4342921078205108,-0.2063263952732086,-0.8084424734115601,0.1599072962999344,0.0880524590611457,-0.2453404366970062,0.5127706527709961,-0.1789028197526931,-0.1916186958551406,0.9862309098243712,0.9219582080841064,0.0797009691596031,-0.4260322153568268,-0.3000630736351013,0.348288357257843,-0.3572637438774109,-0.1059934794902801,0.1124216169118881,0.3030464649200439,0.3770357668399811,0.3775014877319336,0.1437120139598846,0.2580921053886413,0.5349256992340088,0.0812523961067199,-0.0858078747987747,0.037619661539793,0.0563780926167964,-0.2397890239953994,0.5032461285591125,0.2513957023620605,-0.0721144899725914,-0.1481387913227081,0.2206924110651016,-0.225783109664917,-0.0981673002243042,-0.5549249053001404,0.3922131955623626,0.1463057100772857,-0.2210684567689895,0.045798972249031,-0.4424614608287811,-0.0670303478837013,-0.1040273532271385,-0.3982841372489929,-0.1905861496925354,0.151974931359291,0.1731845140457153,-0.0567422062158584,-0.3412414491176605,-0.7383142709732056,-0.4479314088821411,-0.4176839888095855,0.2554806172847748,-0.9442463517189026,-0.6307665705680847,0.492764800786972,0.122538149356842,0.055844560265541,-1.5396935939788818,0.7618738412857056,0.0734585300087928,-0.021573357284069,0.2928386330604553,0.5620651841163635,-0.0528189651668071,0.0856156572699546,-0.4029580950736999,-0.4224360287189483,0.2120168507099151,-10.231350898742676,0.2011488825082779,-0.1992003768682479,-0.7903140187263489,-0.309606522321701,-0.0750971585512161,0.7797194719314575,0.8948042988777161,-0.2261645048856735,0.2225656658411026,-0.3971354961395263,0.0839750841259956,0.1282529532909393,0.1381541639566421,-0.4656245112419128,-0.1563886702060699,-0.4770066738128662,-0.1806763708591461,0.0665516182780265,-0.0731686204671859,-0.4834226667881012,-0.1238786727190017,0.3794437646865845,0.050864327698946,0.0179980099201202,-0.7077929973602295,-0.3910270035266876,-0.2769802808761596,-0.0899910554289817,0.0049972999840974,-1.004145622253418,0.146933376789093,-0.1435712277889251,0.1188712269067764,-0.0508602932095527,0.4689939618110657,0.1616644561290741,0.1603109836578369,-0.1698394566774368,0.2540538609027862,0.4856616556644439,0.2651441991329193,-0.0812571048736572,-0.4041993021965027,0.3322640657424927,0.1287280768156051,0.1374024450778961,0.2484401613473892,0.9003264904022217,-0.3032655715942383,-0.0841321423649787,-0.2667118906974792,0.1996361762285232,0.0231584534049034,0.4421641230583191,-0.1209123507142067,0.5259897112846375,-0.8515137434005737,0.2054026126861572,0.0808157846331596,0.7472073435783386,0.522200345993042,0.43339404463768,0.4286543428897857,-0.0252982880920171,0.4153721928596496,0.1193731352686882,0.0518834218382835,-0.9540497660636902,-0.2102057486772537,0.4604150056838989,0.5351781249046326,-0.0075693684630095,0.3115476667881012,-0.2797532975673675,0.7715616226196289,0.2156542688608169,-0.1309941262006759,0.0445625036954879,-0.4688465595245361,0.411232441663742,-0.9697051048278807,-0.0042128828354179,0.3294600248336792,-0.4167406558990478,0.3654792010784149,0.074731707572937,-0.0514321662485599,0.0027132725808769,-0.7865360379219055,0.3848969638347626,-0.60898357629776,-0.3409397304058075,0.5360460877418518,0.3820045888423919,0.0178610999137163,0.0067808623425662,0.0185129940509796,0.0746931955218315,-0.23532135784626,-0.2821461,-0.5717273,0.48546964,1.4328905,-1.3398495,-0.39418846,-1.6083277,0.46130037,0.97159636,-0.2930784,0.2652472,0.001482293,-1.3448079,2.3650608,-1.0854855,-0.114684895,0.85023296,-0.54893154,0.0070129707,-0.29575035,0.42701012,0.6300187,0.6539111,-0.8800311,1.3101027,0.49192345,0.59961873,-0.494435,-0.8990965,-0.461853,-0.3215209,-0.2770656,-0.45863736,-0.46753168,0.61830246,-1.5688834,-0.9550978,1.350832,-0.05443649,-0.46282983,-0.60183614,0.69751394,-0.0027360916,-0.2401314,-0.62965614,-0.15966108,1.339989,-0.3425807,0.6387719,-0.5814329,-0.66672957,-0.84899473,0.2879894,0.54547757,0.43938684,-0.7709792,1.2941971,0.83690643,0.10349169,-0.3936163,0.30882683,1.3412043,-0.84814847,-0.12745625,-0.025480118,0.58240384,-0.40744624,-0.430461,-0.10538751,-0.15309745,-2.275992,-1.2474962,-0.39007443,1.7469467,-1.515527,0.6247647,0.4259126,-1.2216617,0.28079253,0.51200664,0.13950574,-0.089818284,-0.51923037,1.3928933,-0.77509403,-0.49456522,-0.5548324,-0.44962865,-1.4520997,0.0070246533,-0.7708462,-1.4314004,-1.1489663,-1.6766644,1.4422181,0.07101388,-1.2991004,-0.42955393,-1.3933563,0.3766399,-0.048383337,1.5471562,0.35905486,-0.25739616,-0.6096448,-1.0808765,-1.09196,-0.70114213,-0.96839106,0.6613815,0.23467368,0.63501096,1.0497938,1.57619,0.66974413,0.94979537,-1.328565,-0.96670264,-0.461814,0.22918317,1.3787776,0.04747565,-0.55242866,1.0000911,0.4009861,0.61928123,-0.093446575,-0.9687596,0.3498779,0.2004684,0.83167005,0.34324333,2.1765568,0.8633123,-0.84290665,-0.5298667,-0.15021196,-0.30033922,0.7289194,-1.235253,-0.48585302,0.4608316,-0.0889127,-0.56209815,0.13798061,-0.83220756,0.2910649,1.1440864,1.3742571,-0.11156956,-0.4640596,-0.63826835,-1.2420129,0.67021096,0.6362781,0.13371274,0.14215451,0.6836942,-1.2291166,1.5511234,-0.04835937,1.3907403,-1.1252012,0.42814064,0.065950386,0.50575405,-0.93284464,0.44967696,-1.1912874,-2.3220966,-0.6600572,-0.019070782,0.52951384,0.029373975,0.88039553,-0.25273243,0.5363047,0.335671,-0.5920919,-0.010195881,1.0766104,1.1498091,-0.49918306,1.0685388,-0.12100942,0.35812387,1.0765826,0.89750755,0.90035194,-0.2805915,1.5390704,-1.1451515,1.3220148,0.73507977,1.304821,2.6251698,0.9531364,-2.04039,-1.6347586,1.2190974,-2.3675373,-0.07734408,0.759689,-0.84921575,0.95659256,-0.8783818,-0.9494634,1.6998843,0.57175165,0.08346918,-1.2722465,-1.2430222,1.0524666,0.41876227,-0.33981636,-0.24346241,-0.49698117,0.44167277,-0.57832533,-0.16143331,0.46679842,1.0111345,0.81386703,1.226,-0.44949174,0.19447485,0.3738496,-0.020360895,0.38377416,0.55652475,-0.6279423,0.31630498,0.5024183,-0.22631355,-0.43059474,0.6369205,-1.0150069,0.8528276,-0.6708318,0.7831619,0.4688437,-0.15747559,0.54527843,-0.23139726,0.24281067,0.9431824,1.3404492,0.26119718,-1.825233,-0.6188063,-0.16679037,1.3079245,0.333261,0.35814834,0.66458815,1.2091666,-0.7971518,0.5749383,-0.51497614,-0.35521156,-0.36417878,0.5762551,0.26125792,0.17552233,0.4698479,-1.0378366,-0.43391216,0.17239389,0.6092469,-0.5261805,-0.3690117,-0.57010317,-1.4785957,0.18547016,0.489214,0.36616063,-0.5130459,-1.145923,-1.0777059,0.33318865,0.72696686,-1.7333939,-0.43227082,-0.11097035,-0.3759671,0.6925952,-0.1873362,-0.19575854,0.3030305,0.72477895,-1.2344006,0.7287911,-0.66749644,1.0058279,1.1208354,0.0685233,1.6727445,-0.22728501,0.5228927,-0.90373474,0.437386,0.8233709,-1.5762916,0.90025127,-0.40142873,-0.61344,0.5247947,-2.0626194,-0.39675888,-0.7699054,0.59293854,-0.24052249,-1.987652,1.6687946,-1.7023604,1.6368964,-1.27167,-0.33017915,-0.4483598,-0.51529294,-1.5090054,1.1211069,0.15735157,0.5700253,0.68982697,0.33038595,0.5561238,0.6721623,0.14209053,1.0143127,0.5127939,0.57319355,-0.48761642,-1.3774428,0.10862669,1.0484809,-1.4505912,-1.1004753,-1.5674345,-0.64935315,0.37787968,-1.1451057,-0.28113976,0.6488484,-0.12197724,0.8596976,-1.2858685,-0.42615247,0.21411672,-0.43078,1.5964694,-0.09710312,1.2947533,-1.0260918,-0.094224304,1.2416683,-2.017073,-0.4403166,-0.4204316,1.8131645,0.7548123,0.7780288,0.7863964,0.891302,-0.28829974,-0.47693866,1.2623262,-0.021980664,1.8579005,-0.034235477,-1.0383582,1.5493606,-0.124032244,0.5897789,-0.4488688,-0.37559482,1.6532,-0.06358247,-0.8488574,-0.47447813,-0.07628823,-0.10076928,0.4420166,0.5251305,0.6763284,0.23565108,0.32676882,0.72533923,-0.35773736,-0.85895157,-0.7204753,0.8744561,1.367409,1.4249345,1.6585054,-0.055597574,-0.75223875,-1.4567649,0.36088353,0.82637095,0.32295763,0.07767016,-1.577652,0.31226644,0.12208408,0.21486738,-1.0083878,-1.4706388,1.4194057,0.6629194,0.39970678,1.6414084,-1.1744418,-1.1728932,-0.6961114,-0.16683242,-0.06077254,-1.3990552,-0.7209161,0.17930797,-0.6591486,1.4797388,0.64726764,0.38786286,-0.03763718,-0.35365018,0.7853221,0.26362386,-0.96218777,-0.09398445,-0.15812905,0.60969436,-1.2492311,-0.10027429,0.562634,-2.1049812,0.9604047,-0.09856497,-0.051446293,-0.2283563,-0.46851724,-1.1139896,-0.5549101,-0.056063265,-0.66554165,-0.37375548,0.7064791,-1.467216,-1.4328134,0.88558143,1.3376743,-1.0807651,0.12214138,0.27601358,0.005164655,0.81926,-0.52777183,-0.14980748,0.33996958,-0.28434384,-0.09977814,-0.4846288,-1.2388614,-0.8121934,0.35982302,-0.96701324,-1.0916027,1.058831,0.3175827,-1.7167559,-0.7963067,0.08848774,-0.58984953,0.9976318,0.53701454,-0.042316396,-0.63940746,-0.58468544,-0.24386469,0.07262077,0.71954507,-0.0310174,-0.6278377,0.82430995,-0.42445543,0.3335587,1.6449244,0.34577096,1.368078,0.98386854,0.21605594,-0.688732,0.4756771,-0.4512447,-0.25973928,0.7955696,-1.2202932,-0.7569082,1.6596612,-0.6194298,-0.8004794,0.14843488,0.72623485,-0.8636906,0.16963875,0.15201427,0.95695853,1.6242554,0.97061956,1.6937017,-0.66022915,-0.72090733,-0.24609695,0.79141045,-0.9257145,-0.9289038,-0.39881098,0.4088196,2.2896879,-0.3303816,0.664175,0.5791737,-0.62427104,-1.2393637,0.41078186,0.042093497,-0.35657078,-0.7548127,0.11088367,-1.4176071,0.035788372,-2.1793413,-0.08390349,0.6846498,1.091052,-0.78335464,0.29430658,1.004765,0.8495358,-0.838483,-0.21117184,0.9744027,1.2463849,-0.37270826,-0.7477292,0.22582182,-0.8336818,-1.2252713,0.15711817,-0.833834,-1.201514,-0.01650571,-0.42306596,-0.79381126,-0.60231596,-0.72109914,1.4620203,0.02756536,-0.38112625,0.7860294,-0.49364477,1.5966725,-0.39529574,-0.36457154,1.5617756,0.69308674,-1.0662518,0.4471085,-1.4160955,0.7543915,-0.8432432,0.45505005,1.5873117,0.56309986,-0.41243547,1.3349067,-0.4220284,-0.15748009,-0.2173131,0.7075201,-0.39082214,0.37533417,-1.9668224,1.3558401,-1.842874,-0.90767336,-0.20320958,0.5636966,-0.5542522,-0.032913193,-0.19905742,0.3858537,0.10813543,-1.0922792,0.5575393,1.6568891,-0.28032327,-1.1487546,0.66224074,0.32095695,-0.51648325,-0.19727693,2.3397064,0.6205771,0.8342413,-1.1899457,-0.49804062,0.99705875,-0.44648936,-1.018496,-0.6080657,-0.12233466,-0.07824981,0.3026381,-0.62141824,0.79259276,-0.56506526,0.2724214,1.3777204,-0.80668384,-0.26599985,0.3264316,-0.9644439,-1.108572,-1.5840708,0.07373587,0.8046475,-0.9183834,0.4050284,0.8352375,1.6652802,0.635262,-0.40499714,-0.30587912,0.45047116,0.93910843,0.9030893,-0.6254046,-1.3339896,0.7307436,0.72312385,-0.721563,0.4061013,0.0044380724,-0.38547134,-1.5954117,0.9910959,0.31276834,0.09818973,1.2397317,0.009050664,0.17179571,0.31375638,-0.27148384,0.59835404,-0.39521945,-0.20040122,-0.35260147,-0.31804764,-0.8164505,-0.50938845,-1.0228121,0.42499536,-0.70289385,0.7692594,-1.4210078,0.70646733,0.16804987,0.8584098,0.02149953,0.19002236,-1.0121279,-0.572627,-0.6726932,1.6208135,1.3612677,-0.10245855,-1.2451792,-0.07895349,0.9565437,0.45609576,-0.5950984,0.02071359,0.031185687,-0.6197871,-0.503652,-0.98565716,-0.4613915,0.7312751,0.080801204,-1.0196776,0.8375166,-1.5843296,0.9474437,-0.4608884,-1.2463222,-0.29510647,0.14267267,-1.1053743,1.8313777,1.0153896,-0.20636943,0.51689935,0.8175727,0.9674461,-0.7413608,0.025721498,-1.2590389,1.0912946,1.1219144,0.5569371,-1.4999231,-0.0042352946,0.71372575,-0.49144456,1.415575,-0.15950367,-0.648942,-0.9781154,-0.29413855,-0.8463937,-0.4398745,-0.9108304,0.37523484,-1.401156,-0.18934709,-0.12736765,-0.6015723,0.9028091,-0.7462169,0.25585172,-0.08758107,0.80918306,0.3700783,0.80238247,0.23480174,-0.6568149,-0.21288946,-1.2124814,-0.6014575,0.1682814,-1.3366456,0.2767873,0.4645034,1.3896495,2.1296499,0.13199428,-1.102298,1.1770629,-0.26077363,0.52738047,-0.16868387,-1.3572919,-0.43271852,0.54693925,0.796731,0.42352942,-1.4450976,-0.87024164,0.1883429,0.96389914,0.28768474,0.3327508,0.40966654,0.8510721,1.900692,0.9813667,0.17172623,,,,,,,,,,,,,,,,,,,,,,,,,,,,,,,,,,,,,,,,,,,,,,,,,,,,,,,,,,,,,,,,,,,,,,,,,,,,,,,,,,,,,,,,,,,,,,,,,,,,,,,,,,,,,,,,,,,,,,,,,,,,,,,,,,,,,,,,,,,,,,,,,,,,,,,,,,,,,,,,,,,,,,,,,,,,,,,,,,,,,,,,,,,,,,,,,,,,,,,,,,,,,,,,,,,,,,,,,,,,,,,,,,,,,,,,,,,,,,,,,,,,,,,,,,,,,,,,,,,,,,,,,,,,,,,,,,,,,,,,,,,,,,,,,,,,,,,,,,,,,,,,,,,,,,,,,,,,,,,,,,,,,,,,,,,,,,,,,,,,,,,,,,,,,,,,,,,,,,,,,,,,,,,,,,,,,,,,,,,,,,,,,,,,,,,,,,,,,,,,,,,,,,,,,,,,,,,,,,,,,,,,,,,,,,,,,,,,,,,,,,,,,,,,,,,,,,,,,,,,,,,,,,,,,,,,,,,,,,,,,,,,,,,,,,,,,,,,,,,,,,,,,,,,,,,,,,,,,,,,,,,,,,,,,,,,,,,,,,,,,,,,,,,,,,,,,,,,,,,,,,,,,,,,,,,,,,,,,,,,,,,,,,,,,,,,,,,,,,,,,,,,,,,,,,,,,,,,,,,,,,,,,,,,,,,,,,,,,,,,,,,,,,,,,,,,,,,,,,,,,,,,,,,,,,,,,,,,,,,,,,,,,,,,,,,,,,,,,,,,,,,,,,,,,,,,,,,,,,,,,,,,,,,,,,,,,,,,,,,,,,,,,,,,,,,,,,,,,,,,,,,,,,,,,
ツ,0.5930546522140503,0.6319737434387207,1.0374304056167605,-0.3383469581604004,-0.3173145055770874,0.1539123505353927,0.3153692781925201,0.1515471637248993,-0.4578653573989868,-0.2202220112085342,0.5763997435569763,-0.3914760649204254,-0.1334523111581802,0.279024213552475,0.3356066644191742,0.1374870091676712,0.261563777923584,-0.228357583284378,0.0492620840668678,-0.7415341734886169,-0.9501937627792358,-0.612515389919281,-0.4344922602176666,0.4547875821590423,0.0751314908266067,-0.2520163059234619,-0.4934850931167602,0.6057757139205933,-0.1709099560976028,-0.6646323800086975,-0.3495495319366455,-0.1441269516944885,-0.0062627103179693,-0.2704456448554992,-0.4186931848526001,0.3660819232463836,-0.0908106416463851,-0.167567566037178,0.2112042009830474,-0.3609657287597656,-0.0011444424744695,-0.2149135321378708,-0.4878867268562317,0.2321127206087112,-0.4773766100406647,0.6705694198608398,-0.0940615907311439,0.1549710631370544,0.2920421063899994,0.0608545802533626,-0.301110178232193,0.6008332967758179,-0.1358134150505066,0.0839150249958038,0.4559266269207001,-0.4414195418357849,0.2604157924652099,-0.4718002080917358,-0.1638858616352081,0.1065220534801483,-0.1598249673843383,-0.117468774318695,0.4507288932800293,0.1673110127449035,-0.1664277017116546,-0.2495895326137542,0.2202233672142028,-0.1808768361806869,0.1080668717622757,-0.9672194123268129,-0.1319510638713836,-0.0258802082389593,-0.1504610329866409,-0.4684182703495025,0.4988673627376556,0.0243514459580183,0.0468619428575038,0.281541645526886,0.3764991760253906,0.0390359312295913,-0.0303812641650438,0.5560542941093445,0.2749850749969482,-0.651585042476654,-0.1586238443851471,0.2885416150093078,-0.5720490217208862,-0.9294161200523376,0.2649970650672912,-0.2499710768461227,0.1539921909570694,0.0467643775045871,0.1222413778305053,0.1437198668718338,-0.0880763903260231,0.0817514434456825,-0.0137730427086353,0.0303064100444316,-0.1829750686883926,0.2707027494907379,-0.1065154671669006,0.1084117665886879,0.2143130898475647,-0.4609081149101257,-0.1057035401463508,0.4346997737884521,-0.3124888837337494,0.1877999454736709,0.2352217584848404,0.0921714007854461,-0.1803275495767593,-0.1840845793485641,-0.7123745679855347,0.1502789556980133,0.276150643825531,0.174813911318779,0.0092162927612662,0.3546351790428161,-0.4534464478492737,0.4601621031761169,0.0543807819485664,0.4500854909420013,0.1634600013494491,-0.5355239510536194,-0.2583604454994201,0.4782887399196625,0.1057405769824981,-0.0972614884376525,-0.3854002952575683,-0.0368733704090118,-0.514321506023407,-0.1660285741090774,-0.2616156935691833,-0.2344823181629181,-0.1488438099622726,0.975131094455719,0.0155135244131088,0.0206181351095438,-0.0267561897635459,-0.0891184881329536,-0.6971913576126099,0.3064770698547363,0.1040750816464424,-0.3078424334526062,0.2364470064640045,0.0845491215586662,-0.6164693236351013,-0.0115081584081053,-0.0982868075370788,0.4136125445365906,-0.235832080245018,0.9884220361709596,-0.7586669921875,0.4721824824810028,0.3416218757629394,0.2273471504449844,-0.4137569367885589,0.0671729147434234,0.2239904552698135,0.2378989607095718,0.3375002145767212,-0.3559703230857849,0.247457280755043,0.5228894948959351,0.1553430408239364,0.3290236294269562,0.676953911781311,0.103399820625782,0.1686213165521621,0.62786465883255,0.2534085512161255,0.4748419821262359,0.4065767228603363,-0.2254323065280914,0.1255124062299728,0.1808753758668899,0.3665626943111419,0.0411012805998325,0.0633999481797218,-0.3038116693496704,0.4024868905544281,0.2254656553268432,0.3915956318378448,-0.3898278176784515,0.1647123843431472,-0.0910687670111656,-0.0617955885827541,0.0792720392346382,0.0214447602629661,-0.0055477647110819,-0.1618338823318481,-0.1388651579618454,0.3173314034938812,-0.3409028053283691,-0.1761266440153122,-0.6223565340042114,0.0821443051099777,0.0842387229204177,-0.567101240158081,0.241387128829956,0.0837173238396644,0.0320969186723232,-0.0850063040852546,-0.6650980710983276,-0.9847548604011536,0.0360095836222171,0.2418181151151657,0.608451783657074,0.8069567680358887,0.2817661762237549,-0.0929860472679138,0.0025327710900455,0.4189474284648895,0.1991522014141082,0.485445111989975,0.1928444653749466,-0.3371909856796264,-0.4526413679122925,0.0030248225666582,-0.2514255344867706,0.3635325133800506,-0.0099133113399147,0.2246678471565246,0.0934928953647613,0.3120204508304596,0.5910230278968811,0.2896163165569305,-0.3115378618240356,-0.1828919202089309,0.1783300340175628,-0.4448637664318084,-0.4783354699611664,-0.6947966814041138,-0.2774333655834198,-1.0658609867095947,-0.0827516540884971,-0.1445768922567367,0.4428964853286743,-0.3884681761264801,0.1798025071620941,0.0841944590210914,-0.2345711141824722,0.1725807636976242,-0.6224339008331299,-0.0922546982765197,0.2920223474502563,-0.2571264207363128,0.0242164116352796,-0.225935161113739,0.0769189149141311,-0.1192925572395324,-0.6405526399612427,0.4774881899356842,-0.2450895309448242,0.589251697063446,0.2126409113407135,0.4180489480495453,-0.5161406397819519,0.4680569469928741,-0.6232519149780273,0.1649843901395797,-0.4072391092777252,-0.2560926079750061,-0.1045086085796356,0.0366087295114994,-0.0440852269530296,-0.0167182590812444,-0.7414343357086182,-0.7632670402526855,-0.6710200309753418,0.4081059396266937,-0.377534419298172,-0.1795195043087005,-0.2686818540096283,0.0910318791866302,0.1884925812482834,-0.3949028551578522,0.3077177703380584,-0.4483177959918976,0.0859495624899864,-0.3695685863494873,0.0150235658511519,-0.4445623755455017,-0.0799343436956405,-0.2071684449911117,-0.120681457221508,-0.3154639303684234,-0.2612346708774566,-0.4708123803138733,0.5485602617263794,0.3390340507030487,-0.5005316138267517,-0.1777542978525161,0.2373637408018112,-0.6711920499801636,0.5024250745773315,0.4335138201713562,0.5079692602157593,0.0920075923204422,-0.2375938147306442,0.1147491335868835,0.4105258882045746,0.1949232220649719,-0.5020098090171814,-0.0919230952858924,-0.2798886001110077,0.165445014834404,-0.1503764688968658,0.30274698138237,-0.0891336649656295,0.0801515132188797,0.800420343875885,-0.7201858758926392,0.3820748329162597,0.4184666275978088,0.6245318055152893,-1.5815598964691162,-0.1632732599973678,0.3239909410476684,0.1566168069839477,-0.2857618629932403,0.2133903056383133,0.6225133538246155,0.1327646970748901,-0.507827639579773,-0.6074549555778503,0.7863492965698242,-0.1371297836303711,-0.0402927659451961,0.1294665932655334,0.4333170354366302,0.0955873802304267,-0.0722486898303031,-0.239398568868637,0.2700161635875702,0.3449332118034363,-0.4141068756580353,-0.1102446392178535,0.1782326102256775,-0.4787282347679138,-0.5979381203651428,0.5346753001213074,-0.2813994288444519,0.0462422184646129,-0.5265087485313416,-0.2266714721918106,0.2631429135799408,1.2355531454086304,0.9064568877220154,0.4722028374671936,-0.4690961837768554,0.0397255606949329,0.2951527535915375,0.092758722603321,0.4366799890995025,-0.4568349719047546,-0.0590069852769374,-0.2201783955097198,0.2607977390289306,-0.0003320178657304,-0.206950381398201,-0.2997709512710571,0.0006510087405331,-0.2240550220012664,0.1381222307682037,0.1757456362247467,0.6392369270324707,0.5888489484786987,0.0719190686941146,0.2771028578281402,0.5820664763450623,0.2163119614124298,-0.1702637523412704,-0.640766441822052,-0.2304135411977768,-0.5685872435569763,0.0290704946964979,-0.3389539420604706,0.0312527008354663,0.1812687963247299,-0.0644818320870399,-0.2559150457382202,-0.190084308385849,-0.7557110786437988,-0.0313365347683429,-0.6441577672958374,-0.1468411535024643,-0.4338350892066955,-0.1419647932052612,-0.5825140476226807,0.5226696133613586,0.2565320134162903,0.4118370413780212,-0.2655712366104126,-0.6843339800834656,0.3323074281215668,-0.4003994166851043,0.2062298655509948,-0.1335920840501785,0.2605097889900207,-0.4813299477100372,0.0242689289152622,-0.0752809643745422,-0.4781084060668945,-0.5651113986968994,-0.088708259165287,-1.045231580734253,-0.0479845367372036,-0.2665314972400665,0.8264502882957458,-0.0327674336731433,0.285120278596878,0.0431138947606086,0.2529205977916717,-0.152341291308403,-0.3423779010772705,-0.2893217504024505,0.3020348250865936,0.6612731218338013,0.5661771297454834,0.5040283203125,0.3274131119251251,0.3739674389362335,0.2123314440250396,0.3675148487091064,-0.077611893415451,-0.7367231249809265,-0.1211641952395439,0.4992361962795257,-0.1675801277160644,0.1143235266208648,0.1704015135765075,0.1820055246353149,0.7767773270606995,-0.4027236700057983,-1.3625963926315308,-0.036233089864254,0.2313139140605926,-0.0061171520501375,0.395618587732315,0.6893584728240967,0.6493796110153198,0.1688758134841919,0.3078279197216034,0.1799433827400207,0.0588066093623638,0.348358154296875,-0.1077641621232032,0.4429264068603515,0.1758044362068176,0.4120401740074157,0.5611658096313477,0.2704443037509918,0.3965398371219635,0.7224353551864624,0.5814869999885559,-0.3756316006183624,0.3890821933746338,0.2342062145471573,-0.0645181462168693,-0.4640446305274963,0.3887246251106262,-0.532438337802887,-0.1560401171445846,-0.4403444826602936,0.1383714377880096,0.8855701088905334,-0.3944266736507416,0.4827744364738464,-0.3917814791202545,-0.3315642774105072,-0.5335702896118164,-0.6436577439308167,0.225389301776886,-0.3714775443077087,0.004747531376779,0.4039610922336578,0.0167642422020435,-0.6071538329124451,0.1637975424528122,0.3150565326213836,0.5812759399414062,0.1684347242116928,-0.3420390486717224,-0.0363199412822723,0.5715809464454651,-0.2086262553930282,-0.0129445828497409,0.173548474907875,-0.0556816048920154,-0.2279419898986816,-0.9748454689979552,-0.5031415224075317,-0.1166454181075096,0.0946948006749153,-0.5069720149040222,0.675150454044342,0.4821428060531616,-0.5622348785400391,-0.2528059482574463,-0.3165469169616699,-0.0573950409889221,-0.0856062024831771,-0.5313248634338379,0.103178858757019,-0.0795996412634849,-0.0123421298339962,0.6556701064109802,0.5359843373298645,-0.4287244081497192,-0.0557401143014431,0.5663303732872009,0.3626473546028137,0.042487870901823,0.2001436948776245,-0.4511834979057312,-0.4796603918075561,0.0560747161507606,0.2924157381057739,-0.089206226170063,-0.1261716783046722,-0.2473555207252502,-0.5904003977775574,-0.5416514277458191,-0.3029631376266479,-1.245996356010437,0.4305896759033203,-0.0474571697413921,0.3658763170242309,-1.0936464071273804,0.2656297981739044,-0.1482317149639129,0.4529084265232086,-0.1175688505172729,0.5350407958030701,-0.0783148407936096,-0.8816331028938293,-0.0290599912405014,0.2554600834846496,-0.4953828155994415,1.0187796354293823,0.5998725891113281,-0.3338018357753753,-0.2952187061309814,0.2195363789796829,0.1347533464431762,-0.1538268029689788,0.1619288921356201,-0.2186457812786102,-0.3780580461025238,0.0816185697913169,-0.0991635993123054,0.3998847305774688,0.3499682545661926,0.0132835768163204,0.0784867256879806,0.7465474605560303,0.167585402727127,0.5677454471588135,0.3431079685688019,-0.6401307582855225,-0.0630431696772575,-0.4246980249881744,0.2371137887239456,0.1239999681711196,0.7866754531860352,-0.2244578599929809,0.34340900182724,0.6815798878669739,-0.2369484007358551,-0.1116271018981933,0.549222469329834,0.0797847285866737,0.3611436784267425,-0.1648872792720794,0.0869230479001998,-0.979767382144928,0.3181458711624145,0.2978108525276184,0.1512073874473571,0.0599983111023902,0.1215851306915283,0.0128585761412978,-0.8224067091941833,0.2650946974754333,0.0652206242084503,-0.265663743019104,0.2789573669433594,0.324606329202652,-0.0627619698643684,0.8225252628326416,0.3374103605747223,-0.2739810645580292,-0.0544343329966068,-0.1593586653470993,0.8004461526870728,0.8542128205299377,-0.137147456407547,0.4373861253261566,-0.4904538989067077,-0.8217084407806396,0.2437671273946762,0.1175533384084701,0.3254854381084442,0.608734130859375,-0.4999359846115112,-0.3563725054264068,0.648382842540741,0.2604873180389404,0.1238970682024955,-0.2658562362194061,-0.4231884777545929,0.3213720619678497,-0.0952896773815155,-0.0999052971601486,0.2133684456348419,0.2749728560447693,0.5598160028457642,0.474202036857605,0.1232558265328407,-0.3892777860164642,0.7708496451377869,0.0401249155402183,-0.4257298409938812,0.1605914384126663,-0.6243446469306946,0.1913665384054184,0.2539394497871399,0.3622981011867523,0.1147514209151268,-0.3004081547260284,0.2212794125080108,-0.3058556020259857,-0.1422671228647232,-0.3531127870082855,0.4561539590358734,0.1532309055328369,-0.0816366374492645,-0.2919953167438507,-0.506588339805603,-0.2151989787817001,-0.022124245762825,-0.8622197508811951,-0.062067974358797,0.0931381061673164,0.248438075184822,-0.2223546653985977,-0.0184063073247671,-0.7270002365112305,-0.3781671822071075,-0.3258433640003204,0.3780666291713714,-0.7069383859634399,-0.3961071372032165,0.5641794204711914,0.0921429172158241,-0.0190799348056316,-1.3055930137634275,0.5102050304412842,-0.0726425573229789,0.244777649641037,-0.1593020558357238,0.1414137631654739,-0.4171003997325897,0.0453599132597446,0.0863836333155632,-0.2981536984443664,0.0865919068455696,-10.187033653259276,0.2162238210439682,-0.5153321027755737,-0.4303008615970611,-0.500162661075592,-0.0747401714324951,0.8724194765090942,0.4472564160823822,-0.1867846846580505,0.6053003072738647,-0.1999603658914566,0.610309898853302,0.3539019823074341,0.026266511529684,-0.1964733153581619,0.0974662229418754,-0.2961273491382599,-0.0557382181286811,-0.2707590460777282,-0.0954452827572822,-0.4605646729469299,-0.3728103935718536,0.7333937287330627,0.4507887959480285,0.629659116268158,-0.1577025353908538,0.1320483535528183,0.413061648607254,-0.3313141167163849,0.3687202632427215,-1.037243366241455,0.5492420196533203,-0.3114286065101623,0.7603781819343567,0.1523233950138092,0.0801357626914978,0.0627902969717979,0.1707354187965393,-0.2683981657028198,0.4237218797206878,0.4935589134693146,-0.0309099871665239,-0.0772415921092033,0.0353514850139617,-0.298044204711914,0.0358415953814983,-0.1193246468901634,0.075347863137722,0.5912200212478638,-0.2721285223960876,-0.0493429005146026,-0.1865812689065933,0.133067637681961,-0.2255179733037948,0.2005201876163482,0.1497281491756439,0.8183289170265198,-0.664590060710907,-0.3175504505634308,0.0987665951251983,0.5905869603157043,-0.0658743679523468,0.4694211781024933,0.6204165816307068,0.104325532913208,0.5022666454315186,0.3527027368545532,0.2424290180206298,-1.142908215522766,-0.2231483608484268,0.3112803101539612,0.7615343332290649,-0.0210704356431961,0.0310787577182054,-0.168237954378128,0.2661822736263275,0.1296748220920562,0.1882065534591674,0.4320928156375885,-0.0768738389015197,0.1991636008024215,-0.185180589556694,-0.0695248767733573,0.5907264351844788,-0.708386242389679,0.1378110945224762,-0.0611194148659706,-0.3213564157485962,0.2627412974834442,-0.4816176295280456,0.314485490322113,-0.1782543659210205,-0.8476414680480957,0.5249963998794556,0.7515106797218323,-0.3503181636333465,-0.3775286376476288,-0.0929861590266227,0.2224091589450836,-0.2934626340866089,-0.6361957,0.23719324,0.7361869,0.47610417,-1.2031771,-0.70286685,-1.6372905,0.76442105,1.7056352,0.52413434,0.15481894,-0.29136866,-0.76996875,2.488382,-0.56266725,0.5636379,0.8185769,-0.538745,0.6297669,0.38431537,0.37059808,0.5085769,0.5938116,-1.5502601,1.002407,0.5683295,0.8137467,-0.12827748,-0.79386616,-1.1995155,0.30256903,-0.2603213,-1.3396978,0.27548224,-0.042635385,-0.8844848,-1.6916299,1.0252092,-0.0053727427,-0.8562522,-0.9922876,0.6600582,0.47497752,-0.15024833,-0.8786815,-0.4771613,1.5050162,-0.07736987,1.0888938,-0.33903968,-1.478869,-0.5878183,0.7304318,0.95124906,0.37660256,-0.9874491,2.1314147,1.5200925,-0.0746971,-0.3406833,0.030593107,0.7288696,-1.0325723,-0.65412515,-0.078942925,0.14450526,-0.39306352,0.50273424,0.08084921,0.46211997,-2.2870188,-1.3226395,-0.12094153,2.2070293,-1.9560542,0.22449048,-0.048297077,-1.1522853,0.70657176,-0.48308453,0.6763378,-0.5595895,-1.2226156,1.5075855,-0.68015045,-1.3756633,-0.44650093,-0.9323676,-0.7459483,-0.22309245,-0.94767076,-2.3790348,-1.1638734,-1.3265716,1.7693723,0.5728495,-1.2262,-1.1130599,-0.94915676,-0.35139605,-0.12360451,1.398461,0.27604783,-0.7310396,-0.61548775,-0.71726006,-0.24821995,-0.33567548,-0.48483732,0.6697592,0.48425433,0.42880225,0.6472747,1.3467989,0.57470196,0.98901445,-1.5970591,-0.36745498,-0.57587045,0.8105908,1.5152375,0.87508845,-0.03861725,0.68277186,-0.20888972,0.3023235,0.006817112,-0.9549692,-0.1449302,0.9688037,0.7098834,0.09087031,2.1614802,0.6615924,-0.7832114,-0.80468756,0.14518961,-0.18263054,0.38647887,-1.4193207,-0.72926503,0.7404113,-0.39434645,-0.03452171,0.5564374,-0.89326835,-0.198619,0.6041449,1.458604,0.119953156,-0.35528243,0.13104016,-1.897234,0.26055446,1.03305,-0.44602194,-0.21203172,0.6201381,-1.3140712,1.0469139,-0.8916447,1.1943426,-0.7590377,0.70021194,-0.079917125,0.68295044,-0.37283543,0.27323088,-0.46053183,-2.3929117,-0.6531174,-0.02273404,0.45381162,-0.16389333,0.5439382,-0.3828319,-0.040245544,0.31473032,-1.2677665,-0.86291605,1.3160579,1.284504,0.10111467,1.1369056,-0.2630495,0.33983955,0.55611515,0.28281114,1.3438792,0.48275867,1.6835423,-0.7481262,0.9705787,0.78982645,0.78914815,2.928335,0.71996355,-1.2455773,-1.6616536,1.1912909,-2.8579304,-0.69660354,1.1154581,-1.7951045,0.6982689,-1.2714149,-0.6598707,1.6952213,0.65227324,-0.19927688,-0.94275576,-1.1733929,1.087754,1.0588098,-0.5076682,-0.33863935,-1.0290233,0.010724601,-0.47472683,-0.53719795,0.66031116,0.508501,0.44810894,0.7855127,-0.8938628,0.6267509,0.13469295,-0.23684298,0.038637917,1.190887,-0.3755586,1.1119223,0.23001407,-0.28095424,-0.17675495,0.79461956,-0.26086044,0.5095262,-0.37496725,1.1786119,0.79925036,-0.2432168,0.28634343,-0.48074627,0.74070185,0.7785547,1.6051971,-0.5633465,-1.5784521,-0.53036374,-0.06817171,1.2445759,-0.28271893,0.33514085,-0.13621241,1.6382173,-0.5667328,-0.049486697,-0.6914713,-1.2735826,-0.40824726,0.5159994,1.014784,0.10562593,0.5239391,-0.7380875,-0.76693887,0.6066428,0.36818627,-0.74861056,-0.99996114,-0.74323565,-0.34683013,0.06230375,1.3526419,0.4903964,-0.08375586,-1.3651686,-0.6094368,1.2305087,0.9351201,-2.2931972,0.08518809,-0.53295255,-0.8876958,0.31554544,0.766023,-0.12685035,-0.37894014,0.4055426,-1.0362256,1.0599095,-0.729296,0.6138643,1.677443,0.7383862,0.72093934,-0.7684862,-0.6956404,-0.37090182,0.07941727,0.98420936,-1.8395929,1.2394574,-0.9973674,-0.0889993,1.5539547,-1.1282716,-0.7451958,-1.3112687,0.58230585,-0.7744119,-1.1898173,2.3554933,-2.2222888,1.5214154,-1.7378324,-0.3017638,-0.8536835,-0.98468524,-1.4875776,0.16552936,0.17750432,-0.42334285,0.40208098,0.32381,0.5204374,0.6082013,-0.19854398,1.6581912,0.3023858,-0.019031545,-0.5067523,-1.4143662,-0.594107,0.79740447,-1.452089,-0.9704762,-1.1814265,-0.39426136,-0.6347677,-0.34836403,-0.5522981,0.32405517,-0.4721806,0.59376174,-1.0016227,-0.6124621,0.14725454,-0.95982975,1.4348373,-0.15846802,0.87005115,-1.0829891,-0.4997225,0.3285762,-0.87022495,0.043124307,-0.09141221,1.8346891,0.61882716,1.0040842,0.3588798,0.61075026,-0.0685865,-1.027413,1.0700316,0.024065295,1.8214725,0.025264112,-0.42013946,1.1684265,-0.10660092,0.5910352,-0.032853514,-0.15210228,1.6420625,-0.11579075,-1.1964717,0.023480823,0.2791604,-0.20934467,0.2795822,0.67118675,0.43503085,-0.060042977,0.40326002,1.0232835,0.06017269,-1.35087,-0.31889743,0.68885976,1.8847398,1.1729337,1.3877426,-0.7693843,-0.7851967,-1.6839577,0.5245511,1.5747185,0.6573086,0.43732372,-1.5073333,0.5348775,0.67881393,0.40119776,-1.5174012,-1.3079113,1.7125794,0.2563029,0.8877093,1.3614978,-1.3260614,-1.3783292,-0.7767758,-0.3808693,-0.21216808,-1.4582944,-0.9473374,0.07354683,0.1436764,1.1134857,0.87722903,0.7309229,-0.87229663,-0.9422448,0.061350066,0.32773778,-1.0696192,-0.21905585,-0.2881372,0.34114894,-1.274981,-0.7106691,0.5357445,-2.167777,1.2235916,-0.4994906,0.77372384,-0.6353803,0.361346,-0.86936665,0.28868338,0.31750676,-1.061817,-0.23343384,1.2181596,-2.2303374,-1.5689417,0.95991117,0.8671828,-0.8311002,0.5920849,0.34176087,0.1325727,0.8490743,-0.059262026,-0.9041578,-0.35621753,-0.31031224,0.046726435,0.10699011,-1.3735275,-0.5380154,0.656387,-1.5902281,-1.8173918,0.6846505,0.14541255,-1.954099,-1.0938295,-0.15561685,-0.16448486,0.22583807,0.88634914,-0.5952044,-0.635889,-0.8661618,-0.10323008,-0.05203533,0.0952853,-0.2117816,0.029765278,0.2400247,-0.40545884,0.47623667,1.8901244,0.33516586,1.7776273,1.3450891,0.27171436,-0.22322585,0.7740366,-0.8059184,-0.39935735,0.3090046,-0.87123364,-0.77085525,1.2256261,0.0669084,-0.8610967,0.28900245,0.9714699,-0.5259569,-0.7773214,0.028112382,0.46339884,1.8338431,1.047372,1.846961,0.31227675,-0.083469756,-0.43856025,0.6209603,-1.3398304,-0.7983493,-0.44801125,0.58430594,2.4842002,-0.6953041,0.40526858,0.8923476,-0.78357196,-1.2148268,0.04272762,0.34699705,-0.20233266,-0.18290412,0.72160345,-1.3605971,0.29246056,-2.2177773,-0.09316089,1.0807707,1.2103237,-0.54537433,0.06723652,0.8397393,0.0774788,-0.8140747,-0.66086555,1.067256,1.9590406,-0.062028125,-0.9424166,0.5432938,-0.69239473,-1.8664819,-0.046290252,-0.6487916,-1.2065152,0.0427575,-0.29885632,-0.33162773,0.22642826,-0.93933624,1.464273,0.60014814,-0.045059472,0.69489914,-0.7930045,1.3268213,0.53283364,-0.72975993,1.6740395,1.1697104,-1.2545877,0.76276344,-1.6972843,1.6955028,-0.029297113,1.3065885,1.6717469,0.7610502,-0.31326845,1.3343592,-0.9358867,0.08076481,-0.89688444,0.3540574,-1.0034591,0.7566447,-1.5477098,1.460506,-1.7454177,-0.7381179,0.45756832,0.37748048,-0.49678054,0.31022468,-0.14528893,0.80160075,0.099511795,-0.9142129,0.2096948,1.4071838,0.1094552,-1.0176971,0.3656071,0.24349321,-0.105856776,0.033050608,2.4172027,0.21371748,0.46952292,-1.2773745,-1.2834086,0.57197183,-0.47330227,-1.2703545,-0.84288496,-0.42200446,-0.060566932,-0.16978486,-0.46419978,0.7472596,-0.444329,0.75623506,0.4560492,-0.9861379,-0.22564743,-0.12678023,-0.6074889,-0.8042709,-1.4743599,0.4378952,0.4433899,-1.3013338,0.87621164,1.2147522,1.6503781,0.5349774,-0.43730554,-1.0272485,0.43276587,0.9182441,0.46282116,-1.0782826,-1.302902,0.15345778,0.8145303,-0.2067223,0.5825431,0.74164915,-0.13868423,-1.7506251,1.0043935,0.077129714,-0.14804761,0.8490612,-0.21261619,-0.26548323,0.566021,-0.38826576,0.44623712,0.4489003,-0.67453855,-0.053489804,0.5338266,-0.687253,0.5558551,-0.49636534,0.36097172,-0.7297612,0.41651127,-1.388988,1.0901295,-0.029937332,0.40231848,0.5154812,0.5220105,-1.4524463,-0.4989754,0.2562494,1.276679,1.4189872,-0.059792787,-0.45902,-0.13619745,1.7533956,0.7505758,0.3743178,0.25810555,0.20172256,-0.18746643,-0.29668406,-0.72403055,-0.70713454,0.067871206,0.0695453,-1.0215601,1.4730445,-2.055204,1.3478144,-0.13559906,-1.4087025,0.039151356,0.5683121,-0.37632445,2.3892136,1.2968551,-0.725231,-0.010906741,0.7177222,0.81327486,-0.8346431,0.33561933,-0.4628558,1.0160743,1.746913,0.56433475,-1.229469,-0.31860107,0.26873264,-0.40487766,1.5254582,-0.13608494,-0.3241021,-0.485454,-0.50782895,-1.2200791,-0.3533225,-0.32132545,0.13325222,-1.3914083,0.6094221,-0.7226162,-1.4593571,0.76472473,-0.25876546,0.23130478,-0.3348683,0.8731192,-0.30779907,0.75204897,0.017752193,-0.589551,-0.20438473,-0.8679208,-0.8242286,0.26743272,-0.74903154,1.0749093,0.5404597,1.1822658,0.9792709,-0.18704116,-1.6435956,0.6447198,0.5811485,0.76285213,-0.39055288,-1.4745985,-0.85144657,0.037443474,0.67369604,1.0077816,-1.6385851,-0.41303372,-0.1541111,0.2896853,-0.33879924,0.41802934,0.3398285,0.47918442,1.9580323,1.443081,0.4369098,,,,,,,,,,,,,,,,,,,,,,,,,,,,,,,,,,,,,,,,,,,,,,,,,,,,,,,,,,,,,,,,,,,,,,,,,,,,,,,,,,,,,,,,,,,,,,,,,,,,,,,,,,,,,,,,,,,,,,,,,,,,,,,,,,,,,,,,,,,,,,,,,,,,,,,,,,,,,,,,,,,,,,,,,,,,,,,,,,,,,,,,,,,,,,,,,,,,,,,,,,,,,,,,,,,,,,,,,,,,,,,,,,,,,,,,,,,,,,,,,,,,,,,,,,,,,,,,,,,,,,,,,,,,,,,,,,,,,,,,,,,,,,,,,,,,,,,,,,,,,,,,,,,,,,,,,,,,,,,,,,,,,,,,,,,,,,,,,,,,,,,,,,,,,,,,,,,,,,,,,,,,,,,,,,,,,,,,,,,,,,,,,,,,,,,,,,,,,,,,,,,,,,,,,,,,,,,,,,,,,,,,,,,,,,,,,,,,,,,,,,,,,,,,,,,,,,,,,,,,,,,,,,,,,,,,,,,,,,,,,,,,,,,,,,,,,,,,,,,,,,,,,,,,,,,,,,,,,,,,,,,,,,,,,,,,,,,,,,,,,,,,,,,,,,,,,,,,,,,,,,,,,,,,,,,,,,,,,,,,,,,,,,,,,,,,,,,,,,,,,,,,,,,,,,,,,,,,,,,,,,,,,,,,,,,,,,,,,,,,,,,,,,,,,,,,,,,,,,,,,,,,,,,,,,,,,,,,,,,,,,,,,,,,,,,,,,,,,,,,,,,,,,,,,,,,,,,,,,,,,,,,,,,,,,,,,,,,,,,,,,,,,,,,,,,,,,,,,,,,,,,,,,,,,
ワ,0.2413127571344375,0.1787703335285186,0.4631074070930481,-0.2309708595275879,0.2003732621669769,0.277688056230545,0.122989721596241,0.308803528547287,-0.009906692430377,-0.619081437587738,0.7028918266296387,-0.3670854270458221,-0.6940755248069763,0.2042390406131744,0.3712596893310547,-0.3850686252117157,0.0479442365467548,-0.0029694295953959,-0.0235241279006004,-0.6805608868598938,-0.7096894383430481,-0.3323213160037994,0.133449524641037,0.3075015842914581,-0.0579979717731475,-0.3176624774932861,0.2532162666320801,0.3636884987354278,-0.06850615888834,0.0407397486269474,-0.3937130868434906,-0.2223573923110962,0.1632612198591232,0.0832343325018882,-0.0201122909784317,0.4200762808322906,-0.0385860241949558,-0.0719058960676193,-0.1453847140073776,-0.0582923367619514,0.0135667948052287,-0.1084998920559883,-0.4628358781337738,-0.1235483288764953,0.0751526281237602,0.5497376322746277,0.2003061473369598,0.1607071906328201,0.6362603902816772,0.1629896461963653,-0.1024657636880874,0.2144966721534729,0.3965997397899627,-0.1590530276298523,0.2973221242427826,-0.1747583895921707,0.4911096692085266,-0.2990573942661285,-0.181793212890625,-0.0168553367257118,-0.1853495240211486,-0.18560691177845,0.1348696798086166,-0.1999842971563339,-0.0588796064257621,-0.5896822214126587,0.2047021836042404,-0.1098772808909416,-0.2945514619350433,-0.8377299904823303,-0.4084526896476745,0.0486794635653495,0.1980382204055786,-0.3737556040287018,0.6239222884178162,-0.4078696072101593,0.3511313796043396,0.1782393455505371,-0.0216964837163686,0.0487788133323192,0.0719891414046287,0.4078477323055267,0.0116257676854729,-0.4409614205360412,0.4782087206840515,-0.0275317933410406,-0.2514725029468536,-0.7447549104690552,0.2051654756069183,-0.3792103826999664,-0.1349472403526306,-0.0864250659942627,0.7027817964553833,0.0751868039369583,-0.0480694435536861,-0.092638686299324,0.0666812807321548,-0.296792209148407,-0.1828226745128631,0.4300658702850342,0.1845071017742157,0.2618727385997772,0.3073272109031677,-0.108279675245285,-0.1922115236520767,0.051080334931612,-0.2113365679979324,0.1311621814966201,0.1733545213937759,-0.1695635020732879,-0.0520379804074764,-0.4638365507125854,-0.7414183020591736,0.243459939956665,-0.2268925160169601,-0.0013846431393176,-0.0529135353863239,0.2848470211029053,-0.6557327508926392,0.5488384366035461,0.4753878116607666,0.4563406705856323,0.0971252173185348,-0.2150113582611084,-0.1586046665906906,0.3361483812332153,-0.1139255836606025,-0.1999377310276031,-0.1110959947109222,-0.1130072101950645,-0.624144971370697,0.1062829121947288,-0.1758894622325897,0.0410359315574169,-0.0410412959754467,0.6244069337844849,0.232682392001152,-0.3461590707302093,-0.2464451789855957,-0.4861814081668854,-0.039217859506607,-0.4130640625953674,0.2633273899555206,-0.3577988147735595,-0.2995397448539734,0.4134209454059601,-0.3359703719615936,-0.6493031978607178,0.5211266875267029,0.313008189201355,-0.2839158177375793,0.7572974562644958,-0.5182087421417236,-0.06156961992383,0.1027121022343635,0.017388368025422,-0.5008480548858643,0.0049629779532551,-0.2358529269695282,0.1593533754348755,0.0162526108324527,-0.3121871650218963,0.1381345838308334,0.7075648903846741,-0.035793200135231,0.2624489068984985,0.4848371744155884,0.3598402142524719,-0.1327529996633529,0.3693170547485351,0.173502579331398,0.3283210694789886,0.1605433970689773,-0.1474442332983017,0.2038976699113845,0.4113959968090057,0.1904880404472351,0.1232999190688133,0.1739604622125625,-0.6162610054016113,-0.1287829428911209,-0.5904178023338318,-0.2561262249946594,-0.4298394918441772,0.0668615847826004,-0.0496128797531127,0.1180369034409523,-0.0869859009981155,-0.009336482733488,-0.6274248361587524,0.1896704584360122,-0.3846854865550995,0.0583632625639438,-0.341237872838974,-0.0775578394532203,-0.1159388944506645,-0.1863009631633758,-0.1251313388347625,-0.1304588466882705,0.6321461200714111,0.0707256495952606,0.2466509938240051,-0.1562853902578354,-0.2597391903400421,-0.9400139451026917,-0.2574775516986847,0.3049747347831726,0.2313425093889236,0.5142185688018799,0.2665613889694214,-0.276700347661972,0.5655514597892761,0.2455798685550689,0.1894823908805847,0.1442545801401138,0.4631680250167846,-0.4667972028255462,-0.4875037968158722,0.3424248993396759,-0.045272622257471,0.2025156915187835,-0.1735217124223709,0.4550232887268066,0.1352211833000183,0.1277494728565216,0.3906180262565613,0.3952604830265045,-0.0449961349368095,-0.2838775217533111,0.581055760383606,-0.2730138301849365,-0.3001729249954223,-0.5723670125007629,-0.2318571507930755,-0.7001567482948303,-0.1541214883327484,-0.3089911937713623,0.3295716643333435,-0.3614890575408935,0.0553109087049961,0.2006274759769439,-0.2713775038719177,-0.0228559263050556,-0.3499003052711487,0.1026369631290435,0.018752571195364,-0.0759266689419746,0.0073384214192628,-0.1255257278680801,0.0043984237127006,-0.5807868242263794,-0.5806497931480408,0.0001522223901702,-0.5368183851242065,0.3955245316028595,0.3873147368431091,0.5032966732978821,-0.1842720657587051,0.1282427310943603,-0.6778523921966553,-0.097983032464981,-0.6286552548408508,-0.2052749395370483,-0.3768730163574219,0.0444958433508873,0.060356218367815,-0.1927465051412582,-0.4949775636196136,-0.3392795324325561,-0.273395836353302,-0.0742387548089027,-0.2183254659175872,-0.1790715306997299,0.2235536277294159,0.0046378392726182,0.0427511520683765,-0.5416058897972107,0.2387636601924896,-0.132682591676712,0.3067868947982788,-0.62679123878479,0.1875622719526291,-0.6922306418418884,0.41200852394104,0.1021604314446449,-0.2388453632593155,-0.2053805440664291,-0.6097872853279114,-0.1929580569267273,0.3759879171848297,0.1185566857457161,-0.3626678884029388,-0.5758072733879089,0.1323152780532837,-0.1763930320739746,-0.0173126719892025,0.0449931807816028,0.3379239737987518,0.3768601715564728,0.1699140965938568,0.1931411623954773,0.4403726756572723,0.0646395236253738,-0.2482482194900512,-0.2538265883922577,-0.3352954089641571,-0.3866178095340729,-0.1763036847114563,0.4713699221611023,-0.3018929064273834,-0.1224082186818122,0.684111475944519,-0.2768462002277374,0.3288931250572204,0.2130254954099655,0.2835222780704498,-1.904072999954224,0.1054731979966163,0.3875754475593567,0.0553796254098415,-0.1157830283045768,0.6769788265228271,0.193166971206665,0.2563250958919525,-0.5997396111488342,-0.5158461928367615,0.6794787645339966,0.4471501111984253,-0.1428871601819992,-0.031478077173233,0.4068558514118194,-0.15891133248806,-0.0096568493172526,-0.7697862982749939,0.1979604065418243,0.3812753856182098,0.1119302734732627,-0.1508769989013672,0.092798575758934,-0.2917239964008331,0.0856456458568573,0.0926432013511657,0.1707013547420501,0.5206187963485718,-0.743687093257904,-0.0502448417246341,0.0522429123520851,0.8600127696990967,0.8047516942024231,0.4540750682353973,0.0550342835485935,-0.2378327548503875,0.2510644495487213,0.7954850196838379,0.4641810953617096,-0.1454514563083648,0.0224768798798322,-0.1577703207731247,0.5330590605735779,0.2399826198816299,-0.1744367033243179,-0.0078560700640082,0.2891948521137237,0.2068371325731277,-0.1853278279304504,0.6378749012947083,0.7026211023330688,0.1643740087747573,0.2274199575185775,0.1122594624757766,1.0803776979446411,0.0167354959994554,-0.1720712631940841,-0.6439107656478882,-0.0693342164158821,-0.3772121667861938,0.0281704869121313,0.0341115146875381,0.1204939261078834,0.3888536691665649,-0.26344895362854,0.2356073856353759,0.1882521957159042,-0.141860157251358,0.3511867523193359,-0.5903806090354919,-0.4722960591316223,-0.1884626150131225,0.0787147358059883,-0.7799350619316101,0.4340822100639343,0.3551900088787079,0.4194347858428955,-0.1693917661905288,-0.418043315410614,0.0821450799703598,-0.1838152557611465,-0.1405083686113357,-0.1368604600429535,0.2683771848678589,0.0035926848649978,-0.3261288106441498,0.1754208654165268,-0.4795490205287933,-0.4578913748264313,-0.0307402648031711,-0.9618868231773376,-0.1040217950940132,-0.1706620752811432,0.563137412071228,-0.1736572682857513,-0.0861991345882415,0.1741252243518829,-0.0278803668916225,-0.1509958058595657,-0.1282553821802139,-0.5938723683357239,0.4089792668819427,0.0829112455248832,0.1023548021912574,0.3406684398651123,0.322893887758255,0.223098412156105,0.3688583970069885,-0.5460566282272339,0.0554232895374298,-0.6036502718925476,-0.3188444375991821,0.6694896221160889,-0.1693537682294845,0.2791080772876739,0.0025752088986337,-0.1787163913249969,0.542557954788208,-0.2638455331325531,-0.5683379173278809,-0.1815653145313263,0.6087106466293335,0.0767980962991714,0.6428160071372986,0.3767095804214477,0.7915942072868347,-0.1173194795846939,0.4403795003890991,-0.0117283333092927,-0.0706030502915382,0.4441592097282409,-0.6632746458053589,0.086125947535038,-0.0458831451833248,0.1410325169563293,0.4225548207759857,0.2312281280755996,0.1681516319513321,0.2723524868488312,0.204196348786354,-0.1137217283248901,0.2081228494644165,0.2457365095615387,0.4334879219532013,-0.3478754460811615,-0.6161081194877625,-0.3627859354019165,0.0360947698354721,-0.4686858057975769,-0.1440361589193344,0.6839170455932617,-0.0683362036943435,0.0923455953598022,-0.230743795633316,-0.726019024848938,-0.4816818833351135,-0.4784334897994995,-0.2105551660060882,0.0735890418291091,0.4203126728534698,0.572357177734375,0.0075897825881838,-0.9132795929908752,0.3101041913032532,0.1929487884044647,0.4606478214263916,0.1261327117681503,-0.2455170452594757,-0.1573473215103149,0.0669548138976097,-0.0716644003987312,-0.1940649151802063,0.1808452606201172,0.0132692204788327,-0.0506711341440677,-0.4842084348201751,0.1540281176567077,-0.2623700499534607,0.147505834698677,-0.2539973258972168,0.5185579657554626,0.1032202765345573,-0.7609311938285828,-0.3099862039089203,0.1274624466896057,-0.2596737444400787,-0.130606472492218,-0.6116222143173218,0.1900205761194229,-0.3813090324401855,-0.1310446858406067,0.289544016122818,0.5359349846839905,-0.292400449514389,-0.1346074938774109,0.3891332149505615,0.569875955581665,-0.0460829734802246,0.0397218838334083,-0.0701807290315628,-0.2849186658859253,-0.1758468896150589,0.042526826262474,-0.1490150094032287,-0.1989455670118332,-0.0196695402264595,-0.7796398997306824,-0.2522390782833099,0.0596350096166133,-0.8661103248596191,0.6774477958679199,0.1855203956365585,0.5301793217658997,-0.5003162026405334,-0.0892804190516471,-0.2446640431880951,-0.055185467004776,-0.0067036617547273,0.4187356233596802,-0.0389188192784786,-0.7822460532188416,-0.0678139701485633,-0.4740712940692901,-0.4957434237003326,0.4799340665340423,0.3959895372390747,-0.403847336769104,0.0971675738692283,0.3388460874557495,-0.2263126224279403,-0.14765365421772,0.0829782858490943,-0.1345392167568206,0.1110608279705047,0.2892637252807617,0.0348658375442028,0.2147877961397171,0.2842249870300293,-0.3344732522964477,0.1853161603212356,0.2598049938678741,0.6585676670074463,0.2961028516292572,-0.0005682099144905,0.0101207103580236,-0.0323925204575061,-0.557614266872406,0.4538787305355072,0.2717209458351135,0.5444968938827515,-0.3912653625011444,0.6192585825920105,0.6213282346725464,-0.4582399129867553,0.3543581068515777,0.6622916460037231,0.4146571457386017,0.3334271311759949,-0.0352933555841445,-0.0612291432917118,-0.7317131757736206,0.2767074108123779,-0.030510202050209,0.2554322183132171,-0.0355859622359275,-0.03243850171566,-0.1068602353334426,-0.2455630004405975,0.0175148211419582,0.3637334406375885,0.3277826011180877,0.1446813493967056,0.3021716773509979,-0.377583771944046,0.4751031100749969,0.4331249892711639,0.0210160855203866,-0.1459994614124298,0.2460961192846298,0.3802261054515838,0.6374589800834656,0.0314390994608402,0.3572412133216858,-0.2072588503360748,-1.0218791961669922,0.0856554731726646,0.0102315852418541,0.3644465208053589,0.5951054692268372,-0.5780338048934937,-0.2023299187421798,0.1860213130712509,0.5037203431129456,-0.2873859405517578,-0.0941149368882179,-0.4399446547031402,0.1732430458068847,0.2615323066711426,-0.1303068548440933,0.0727578476071357,0.1291072368621826,0.3212997913360595,-0.1634944677352905,0.1456749439239502,0.2130679488182068,0.7299164533615112,0.1362379342317581,0.0912676230072975,0.0425005368888378,-0.2699767649173736,-0.4450969099998474,0.0519218407571315,0.0658692419528961,-0.3387294709682464,-0.4071281552314758,0.0378243289887905,-0.3907216489315033,0.1473091691732406,-0.2990520000457763,0.2549092173576355,0.3078309893608093,0.057633202522993,-0.0366539470851421,-0.4790743589401245,-0.0632993876934051,-0.0242817495018243,-0.7737974524497986,0.0951301604509353,-0.2579847872257232,0.1720798462629318,-0.2192899286746978,0.0213155206292867,-0.4729840755462646,-0.2633458077907562,-0.367784172296524,0.5505667924880981,-0.1218723282217979,-0.4214291572570801,0.4173358082771301,0.3114523291587829,-0.1264443844556808,-0.9922773838043212,0.3278978765010834,0.3606756329536438,0.5684622526168823,-0.2312356829643249,0.509494423866272,-0.3745315074920654,0.2229006588459015,0.1008925884962081,-0.4160842299461365,0.5262504816055298,-10.464190483093262,-0.4213390946388244,-0.4990895688533783,-0.2991828024387359,-0.523726224899292,0.3393937647342682,0.6275897026062012,0.3310806453227997,-0.4008956253528595,0.1503154784440994,0.0772168710827827,0.4325231611728668,0.3527701199054718,0.3085150718688965,-0.5929360389709473,0.1288890391588211,-0.3219438791275024,-0.482525885105133,0.0016949117416515,-0.2160532176494598,0.1131066754460334,-0.6644826531410217,0.5310324430465698,0.5345878601074219,0.1479681879281997,-0.1676557660102844,-0.139973372220993,0.4004792869091034,-0.031229430809617,0.2987416684627533,-0.8072220683097839,0.4482598602771759,-0.1692170053720474,0.4520938098430633,-0.2333208620548248,0.0534967370331287,-0.2512939572334289,0.5023176074028015,0.0249905418604612,0.3453520238399505,0.3133562207221985,0.4285598397254944,0.0775187611579895,-0.117707647383213,-0.2019536346197128,0.3702673316001892,0.1418785601854324,0.3137893378734588,0.5656222105026245,-0.0047943969257175,0.0482669658958911,-0.1866386830806732,-0.2593395709991455,-0.3541021943092346,0.2779557704925537,-0.0045330733992159,0.7600528597831726,-0.7735229134559631,-0.0309431999921798,0.1052391529083252,0.3330523669719696,-0.145843043923378,0.9523369073867798,0.8970859050750732,0.2635754644870758,0.160239428281784,0.4378549754619598,0.3983334004878998,-0.3247032165527344,-0.1075038537383079,0.3310868144035339,0.5564315915107727,-0.0966658219695091,0.2015350461006164,0.1424711048603058,0.7568235397338867,0.0272642467170953,-0.2367813438177108,0.2114190310239792,-0.2960522174835205,0.4381178021430969,-0.1655402332544326,-0.2865816056728363,0.1388946920633316,-0.6065528392791748,0.2488703578710556,0.0686032027006149,0.3074870109558105,0.1111298725008964,-0.5870758891105652,0.4450457394123077,-0.1704249233007431,-0.2904482185840606,0.4092161357402801,0.2255211770534515,-0.2218035459518432,-0.1488069295883178,0.3035394251346588,0.3374594748020172,0.0487138368189334,-0.64192325,-0.65563977,1.1190945,1.6377318,-0.88468134,-0.60345143,-1.3694391,0.33952042,1.286833,-0.28809822,-0.30298007,-0.04271735,-1.473721,2.3574836,-0.40737295,-0.012337193,0.9236121,-0.7971683,0.48884836,-0.25576824,0.46927604,0.13600801,0.71158904,-0.66829616,0.738386,0.50851846,0.8099567,-0.43330804,-0.3507731,-0.89246017,0.109252535,-0.7324408,-0.5347911,-0.7508629,0.24643998,-1.5212144,-1.2646828,1.2515165,0.0067206025,-0.84725404,-0.965317,0.62423766,-0.08823557,-0.11306504,-0.66322666,-0.27260637,1.8185837,0.27087918,0.6269797,-0.48557103,-0.7847772,-0.7142675,0.43063617,0.3681219,0.50884503,-0.5015664,0.9653557,0.83011615,0.49931768,-0.5653839,0.6627076,0.9120903,-0.91479826,0.32294574,0.5123828,0.79442847,-0.15116617,-0.23334198,-0.32541403,-0.59293187,-2.4950798,-0.8250357,0.088579714,1.3346717,-1.1128302,0.83025175,-0.1511496,-0.6548658,0.23844512,0.25038752,-0.058916703,0.09983224,-0.913965,1.748019,-0.84539264,-0.14645545,-0.37538707,-0.095281504,-1.120672,-0.16004229,0.32180193,-1.4750004,-1.4049925,-1.4161907,0.71157444,-0.34320447,-0.9199275,-0.44555488,-1.3708197,0.40613404,-0.2609953,0.9298524,-0.120577335,-0.056671735,-1.2849866,-0.45122585,-0.7295816,-0.4266367,-0.0051306635,0.81903714,0.4373082,0.13385314,0.8220804,1.2071925,0.93582165,0.7967382,-1.0160408,-0.6790666,-0.4575213,-0.00943163,1.1083252,0.1277998,-0.563164,0.5503255,0.35301787,1.1183418,0.15511478,-0.6721249,0.5468587,0.11307665,0.30423927,-0.37619656,1.7206118,0.90896434,-0.71294725,-0.40707475,-0.44278073,-0.070404336,0.078087,-0.9188454,-0.90809816,0.30308884,-0.06339789,-0.2591758,0.5065586,-1.449678,-0.24559286,1.4854757,0.955725,-0.071726955,-0.41165859,-0.72896683,-1.0128722,0.91802865,0.6470574,0.03753899,-0.13915916,0.22541109,-1.9452492,1.2437903,0.079674885,1.3345177,-0.78350484,0.08836798,0.08271973,0.4250439,-0.5594518,0.38775268,-0.8099155,-2.2790253,-0.60581374,0.26539403,0.87366873,-0.29900995,0.49861035,0.21271467,0.47238207,-0.027336478,-0.4749646,-0.042212814,0.52576107,1.4208127,0.3675555,0.830129,0.17748249,0.49736387,0.8087708,0.7418629,0.3719724,0.28359795,0.99235016,-0.6770233,0.9392445,1.0361223,1.9851316,2.4530814,0.8322178,-1.4091828,-1.097789,1.1859078,-2.0919275,-0.2229438,0.89249754,-0.41014886,1.4253829,-0.5050424,-0.68434083,1.4451262,0.3668738,-0.35204637,-1.2166739,-1.0654483,0.7252229,0.47568396,-0.7334031,-0.43593347,-0.8466145,0.1820919,-0.47440028,-0.27270126,0.13589384,0.3456586,0.26393038,1.6769029,-1.2315739,0.78384733,0.58754796,0.48542684,0.26483685,0.55112886,-0.93662566,0.029951824,0.6679846,-0.34555817,-0.25347757,0.05552991,-0.82032746,0.6146871,-0.54883325,0.60763085,0.21445943,-0.49894732,0.10306774,-0.65375495,0.36780438,0.77569896,1.5632013,0.3826807,-1.1936481,-0.17463222,0.7032429,0.85822743,0.549118,-0.28165537,0.86290944,0.5138627,-0.7308312,0.1789263,-0.6772022,-0.35283837,-0.36798358,0.75396997,0.13508032,0.4416299,0.52656245,-1.1573898,-0.5281466,0.085504495,0.53790987,-1.0931201,-0.7780743,-0.6377316,-1.0586467,0.32761848,0.31350866,0.21514112,-0.9742461,-0.91636366,-1.2368565,0.069861054,0.8251962,-1.3208861,-0.6674068,0.0029560328,-0.3673712,0.7418524,-0.38409954,-0.008148052,0.21223241,0.7055831,-1.4646077,0.8422483,-0.1352174,0.7690927,1.2149363,-0.04504594,1.1876187,-0.4502046,0.3805969,-1.0148686,0.78796494,0.96136445,-1.4890873,0.54346734,-0.01645334,-0.28013375,0.97360504,-1.1678445,-0.20801806,-0.18424882,0.2235538,-0.13906236,-1.4289575,1.8210335,-1.6811466,1.168338,-1.8840196,-0.75462896,-0.49578267,-0.690831,-1.4809871,1.2400454,0.42909622,0.14849743,0.39594373,0.15226759,0.05355823,0.17567709,0.45315397,0.985991,-0.37446606,0.9221216,-0.7768733,-1.3012192,-0.063038774,0.61781144,-1.1958107,-1.294251,-1.5200623,-0.47423095,0.7377269,-0.5291882,-0.011682838,0.7729458,0.21862003,0.8880195,-0.9329016,0.02039694,0.21724023,-0.8281501,1.1653831,0.44220442,1.3481973,-0.8688172,-0.4112268,0.6706678,-2.1096041,-0.09080134,-0.9094723,1.7713902,0.7100011,0.13524759,0.303259,0.38462096,-0.19147597,-0.31317675,0.90186685,0.003449507,1.9607044,0.51574033,-0.6968767,1.5308337,0.6364197,0.77281475,-0.52275085,-0.19802621,1.5293921,0.05783982,-0.63514316,-0.19128476,-0.3005227,0.09644422,0.011452356,0.5583693,0.26412743,0.069786765,0.51181173,0.5549312,-0.8493955,-1.1014657,-0.69933105,0.49233806,1.3582484,1.2038213,1.1916564,-0.3966011,-1.1068903,-1.6519443,0.30094957,0.8358479,-0.27628383,0.12601525,-1.6396363,0.00086696073,0.38909575,0.026980642,-0.8900799,-2.0086808,2.0112755,0.47205657,0.88747346,1.4853806,-0.89122224,-1.3648902,-0.47031045,0.6567017,0.04093083,-0.975734,-0.7563349,0.4860994,-0.9254534,0.9657724,0.24600929,0.4604881,-0.20751014,-0.12792781,0.82483244,0.7623722,-0.86385906,-0.73406243,-0.07516709,0.718632,-1.2248179,-0.36511317,0.5332154,-2.11395,0.49420688,-0.6504872,-0.43733668,-0.69391996,-0.6510286,-0.81530106,-0.5177535,-0.15201487,-1.0547104,-1.0050175,-0.11020528,-1.3345249,-1.7709413,1.1057327,1.1461393,-1.1556021,0.08796814,0.5945586,0.33120263,0.8695578,-0.39461824,-0.33856195,0.62257385,-0.5490842,-0.3821386,-0.4250729,-0.74661314,-0.40605545,0.108493745,-1.0626245,-0.9761283,1.0398223,0.84234995,-2.221802,-0.6362609,-0.16312936,-0.65466005,0.65444696,0.2233572,0.0058303177,-0.4022726,-0.66644996,-0.40906692,-0.124071136,0.54296404,-0.0820042,-0.32547078,0.46863282,0.25715682,0.0030502751,1.4853785,0.4390638,0.782714,1.1226919,0.12388199,-0.77647036,0.48985904,0.118476644,-0.32399225,1.0504498,-1.7588603,-0.85483325,1.4918538,-0.62723833,-1.1529176,-0.30860454,0.22232825,-0.38942337,0.077139184,0.20632228,1.1629187,1.5410962,0.82415307,1.7157376,-0.9549228,-0.8576532,-0.47559583,0.044139933,-0.7061954,-0.7528182,0.19202754,0.69218075,2.5707448,-0.34716707,-0.052681793,0.65426874,-0.59165144,-1.0721121,0.72250664,0.30517274,-0.56182677,-0.53536236,0.069739446,-1.0229287,0.18269886,-1.3601592,-0.24711993,0.36219004,0.77007633,-0.50682205,-0.05182999,0.5109133,0.6212523,-1.059692,0.48962027,1.4076002,1.4599801,-0.068901554,-1.073194,0.0247548,-0.48361927,-1.5598512,0.39580715,-0.7998674,-0.79931843,0.14124088,-0.7269625,-0.21898752,-0.8367948,-0.21427166,1.7175504,0.4100253,-0.3243366,0.4549978,-0.87089264,2.1015239,-0.54197216,-0.4797367,1.1907842,1.0472442,-1.7483808,0.5336261,-0.8129343,0.48470712,-0.83216655,0.84401315,0.9972571,0.5104945,-0.35318568,1.3369302,-0.64399594,-0.49942508,0.0730259,0.86993575,0.18925373,0.7203031,-1.812433,1.0702974,-1.3481721,-1.0734777,0.29839233,0.8736319,0.04571353,-0.1395581,-0.32976776,0.15159082,0.3878093,-1.0753856,0.52362585,1.4293406,-0.84134376,-0.6874204,0.65271693,0.20371433,-0.39079225,-0.1750677,2.575876,0.7305,1.1471136,-0.76311123,-0.36858627,0.051387116,-0.31981218,-0.97490793,-0.67885494,-0.709787,-0.49454606,0.512101,-0.4366881,1.1193415,-1.4557678,-0.15122145,0.9924936,-0.98335594,-0.307252,0.5060086,-0.6315966,-1.4222493,-1.4415693,-0.14314342,0.65491986,-0.17130888,0.32469934,0.8670039,1.7815704,0.58953226,-0.53592986,-0.30167627,0.31150326,0.5867991,0.87164825,-0.51516885,-0.70267826,0.5748687,1.0721526,-0.8037323,0.4641047,-0.10192554,0.06262204,-1.717821,0.9828191,0.411308,-0.07103264,1.1804559,0.99619967,0.03345005,0.85389274,-0.43485728,0.38133973,-0.73107,-0.24966046,0.34608212,0.03144007,-0.7501397,0.03156768,-1.2497519,0.22068262,0.06408462,0.8386996,-1.1383626,0.18500593,-0.0746075,0.39152285,0.6835367,-0.10680319,-0.51136684,-0.28303424,-0.7638415,1.9939481,1.0536422,-0.045174897,-1.4936867,0.29719102,0.6827296,0.5443455,-0.5794516,0.07777539,-0.1056406,-0.70897657,-0.13456845,-1.0956287,-0.50461495,0.39323226,0.8272052,-1.1489198,1.0325584,-1.392245,1.0315189,0.25442678,-1.0087156,0.065397896,0.32438028,-0.94270766,2.0326085,0.75339335,0.25228572,0.5239539,0.8430528,1.0982625,-0.38011438,-0.14731249,-1.4974457,1.1398379,1.2026992,-0.081200704,-1.1209759,0.12229899,0.5130208,-0.23745157,2.067341,-0.33536032,-0.77898747,-0.39402363,-0.59760386,-1.1365446,-0.11429888,-0.92295843,-0.09889028,-1.2936189,0.41813463,-0.5195749,-0.54928285,0.8758514,-0.8599902,0.42623413,0.11351149,0.6444554,1.1815376,0.547525,0.6631549,-0.6506814,0.22119775,-0.84914184,-0.7468571,0.114875235,-0.85494226,0.29361913,0.27723563,0.959796,1.8568631,0.44887158,-0.41267818,0.23381086,0.4676467,0.20866156,0.26908094,-0.53605914,-0.46513817,-0.069928326,0.60834926,0.49235606,-1.1143547,-0.6300868,0.09847846,0.6668421,0.4425116,0.3158765,-0.12609501,0.61153936,1.5142783,0.55724955,-0.31069323,,,,,,,,,,,,,,,,,,,,,,,,,,,,,,,,,,,,,,,,,,,,,,,,,,,,,,,,,,,,,,,,,,,,,,,,,,,,,,,,,,,,,,,,,,,,,,,,,,,,,,,,,,,,,,,,,,,,,,,,,,,,,,,,,,,,,,,,,,,,,,,,,,,,,,,,,,,,,,,,,,,,,,,,,,,,,,,,,,,,,,,,,,,,,,,,,,,,,,,,,,,,,,,,,,,,,,,,,,,,,,,,,,,,,,,,,,,,,,,,,,,,,,,,,,,,,,,,,,,,,,,,,,,,,,,,,,,,,,,,,,,,,,,,,,,,,,,,,,,,,,,,,,,,,,,,,,,,,,,,,,,,,,,,,,,,,,,,,,,,,,,,,,,,,,,,,,,,,,,,,,,,,,,,,,,,,,,,,,,,,,,,,,,,,,,,,,,,,,,,,,,,,,,,,,,,,,,,,,,,,,,,,,,,,,,,,,,,,,,,,,,,,,,,,,,,,,,,,,,,,,,,,,,,,,,,,,,,,,,,,,,,,,,,,,,,,,,,,,,,,,,,,,,,,,,,,,,,,,,,,,,,,,,,,,,,,,,,,,,,,,,,,,,,,,,,,,,,,,,,,,,,,,,,,,,,,,,,,,,,,,,,,,,,,,,,,,,,,,,,,,,,,,,,,,,,,,,,,,,,,,,,,,,,,,,,,,,,,,,,,,,,,,,,,,,,,,,,,,,,,,,,,,,,,,,,,,,,,,,,,,,,,,,,,,,,,,,,,,,,,,,,,,,,,,,,,,,,,,,,,,,,,,,,,,,,,,,,,,,,,,,,,,,,,,,,,,,,,,,,,,,,,,,,,
サ,0.0648852065205574,0.7035254240036011,0.4712594747543335,-0.5475382804870605,0.159046471118927,0.3983789384365082,0.3516373038291931,0.1230262815952301,-0.0236791316419839,-0.5605530738830566,0.6916403770446777,-0.182065725326538,-0.3695733845233917,-0.4816430211067199,0.5012007355690002,0.0213964376598596,0.060660071671009,-0.3494442403316498,0.0808935090899467,-0.4406334459781647,-0.8895779848098755,-0.5165688395500183,-0.2661830186843872,-0.1126970499753952,0.0520015619695186,-0.565481424331665,0.1075268164277076,0.0608377531170845,-0.2720945477485657,0.1094129383563995,-0.1461329460144043,-0.5175169706344604,0.0158073138445615,0.2165822833776474,-0.3974581360816955,0.142894834280014,0.3707327842712402,0.0952575802803039,-0.0872540697455406,-0.0089115975424647,-0.1786278784275055,-0.2461543679237365,-0.1566752046346664,-0.2897273600101471,-0.3175949454307556,0.5588154792785645,0.2791037857532501,0.211603581905365,0.3493315875530243,0.2054760158061981,-0.1156577318906784,0.5249888300895691,0.1536309123039245,-0.0692296996712684,0.2368091493844986,-0.1020296588540077,-0.0125966863706707,-0.3041947185993194,-0.315399706363678,0.3457387387752533,-0.7240349650382996,-0.2794842422008514,0.1947132796049118,0.0192494969815015,-0.2238133698701858,-0.0714084729552269,0.0090548070147633,-0.1172169893980026,0.0939084142446518,-0.7125075459480286,0.24566550552845,0.16375033557415,0.0041453535668551,-0.7423335909843445,0.8383400440216064,-0.4343532919883728,0.4013092517852783,-0.0771496891975402,0.2783533334732055,0.1198773011565208,-0.3972549736499786,0.5623978972434998,0.1228711530566215,-0.6203539371490479,-0.1695971637964248,0.2420136481523513,-0.3805654644966125,-0.6627863049507141,0.3452689945697784,-0.3598125874996185,0.0576520599424839,0.0200124494731426,0.1917700320482254,0.3702609241008758,-0.1341761350631714,-0.1516888439655304,0.4498142302036285,-0.5212644338607788,0.0130199361592531,0.3714965581893921,0.0015353302005678,-0.2446013838052749,0.1044385582208633,-0.1651811748743057,0.0410203039646148,0.1103887259960174,-0.2764322757720947,0.2558739483356476,0.0137467123568058,0.1843705028295517,-0.2210141867399215,-0.4207691252231598,-0.4753669500350952,0.0586740970611572,0.219318613409996,0.0520587302744388,-0.2344735264778137,0.5728998184204102,0.2102686911821365,0.103446215391159,0.0141941122710704,0.6295061111450195,-0.3811309039592743,-0.2468281537294387,0.059036124497652,0.4163442552089691,0.1493714302778244,-0.1430320143699646,-0.2417795658111572,-0.2608487606048584,-0.3128129541873932,-0.2840716540813446,-0.2446134686470031,0.1259421557188034,-0.289646714925766,0.4501760601997375,0.0504773594439029,-0.3529983162879944,0.1138990223407745,-0.6542359590530396,-0.1337671726942062,0.3232095837593078,0.3248696327209472,-0.207984060049057,-0.0904217213392257,0.2758062183856964,-0.1100581884384155,-0.1760434955358505,0.4691634178161621,0.3713214695453644,-0.3159648180007934,1.188944697380066,-0.0977653041481971,-0.2365292906761169,0.4285502135753631,0.1521444469690323,-0.4275278747081756,-0.1244289055466651,-0.3291798532009125,0.5476692914962769,0.1096686571836471,-0.5160374045372009,-0.1809324026107788,0.6723102927207947,0.1644700020551681,0.4191581904888153,0.514015793800354,0.0593434758484363,-0.3188272416591644,0.6711301803588867,0.6820576786994934,0.3044437170028686,0.0905157700181007,-0.4315429329872131,0.1521157920360565,0.3787359297275543,0.4825846254825592,0.281445562839508,0.0389888361096382,-0.3127680122852325,-0.1061535626649856,-0.3034140467643738,-0.0886566042900085,-0.5089245438575745,0.1785750687122345,-0.1682691723108291,-0.0445346795022487,0.3660987615585327,0.1186715513467788,-0.3542804419994354,0.0491569675505161,-0.7281267642974854,0.2736172378063202,-0.4562174379825592,-0.4035131633281708,-0.3320280611515045,-0.0910236090421676,-0.0160996541380882,-0.316254198551178,0.7653443813323975,0.2082264423370361,0.222663477063179,-0.4621096849441528,-0.503148078918457,-0.7040464282035828,-0.4177868366241455,0.1927558481693267,0.3255803883075714,0.2745088338851928,0.2982934117317199,-0.1401118338108062,0.7325036525726318,0.436888724565506,0.1040650904178619,0.663826584815979,0.111908346414566,-0.5294345021247864,-0.1585965454578399,0.1365384459495544,-0.2717105150222778,0.0168289095163345,-0.143857330083847,0.2231877744197845,0.2196982055902481,0.4914810061454773,0.1397870182991027,0.3447716832160949,-0.2917183935642242,0.0003477990394458,0.466008573770523,-0.6528882384300232,-0.5498502254486084,-0.6406992673873901,0.1279291063547134,-0.6494531631469727,-0.3092299103736877,-0.2264051735401153,0.5861459970474243,-0.3014874160289764,0.3050029277801513,-0.1716019362211227,0.0522212050855159,0.2629806697368622,-0.4791663289070129,-0.0400644652545452,0.3016579747200012,-0.3867668807506561,-0.0675783678889274,-0.5167735815048218,-0.2280135452747345,-0.7076441049575806,-0.6665599346160889,0.3558297455310821,-0.4612964391708374,0.8448110222816467,0.4263072907924652,0.3717327117919922,-0.2130816727876663,0.2136790454387664,-0.4395650625228882,-0.1379182338714599,-0.4234719574451446,-0.0356907024979591,-0.0357493087649345,0.0064392061904072,0.5184308886528015,0.1779772788286209,-0.7041186094284058,-0.8204681277275085,-0.7476833462715149,0.0028904560022056,-0.4270059168338775,-0.4488175809383392,-0.0126862684264779,-0.1405869871377945,0.2082284390926361,-0.32215017080307,0.7395684719085693,-0.5396336913108826,0.2316128015518188,-0.4953520894050598,0.5771022439002991,-0.40202397108078,0.0810956805944442,0.1583993881940841,0.5331422686576843,-0.6833771467208862,0.0398928970098495,-0.4100192487239837,0.6165415644645691,0.6220531463623047,-0.3406687676906585,-0.7225481867790222,0.0585577301681041,-0.3179209530353546,-0.0281351935118436,0.5417642593383789,0.181391179561615,-0.2234051078557968,0.5440122485160828,-0.0567818656563758,-0.0207478310912847,0.1077798977494239,-0.1515886783599853,-0.2793209552764892,-0.6692509055137634,0.041555069386959,-0.0770800858736038,0.4217200577259063,-0.2459312081336975,0.1563572287559509,0.6292005777359009,-0.5004769563674927,0.3277264535427093,0.6858276724815369,0.1780090034008026,-1.3446673154830933,-0.0347803831100463,0.970336377620697,0.0402741618454456,-0.0142233790829777,0.3643267154693603,0.2377026528120041,0.6112226843833923,-0.3202166557312011,-0.2539277970790863,0.8578062057495117,0.2869665920734405,-0.3538528382778168,-0.0495684295892715,0.4075995087623596,-0.2346916049718856,0.1206443160772323,-0.1432274580001831,-0.2500223815441131,0.4777505397796631,-0.2252148240804672,-0.04609190300107,0.1738491207361221,-0.6797765493392944,-0.4630770087242126,0.471773236989975,0.0156606994569301,-0.0488553382456302,-0.7318642735481262,-0.3651100993156433,0.3015706539154053,1.102678894996643,0.6135445833206177,0.5639049410820007,-0.2992725968360901,-0.5780555009841919,0.5964652299880981,0.0001506157714175,0.4029400944709778,-0.275426983833313,-0.5335673689842224,-0.1483619958162307,0.4492460191249847,-0.0620859935879707,-0.2083703130483627,0.1510203629732132,0.2353299409151077,0.2071498334407806,-0.261694073677063,0.2415539920330047,0.7686607837677002,0.0504842214286327,0.2833902537822723,0.3924749195575714,0.820503294467926,0.2193351536989212,0.1430072337388992,-0.1700319647789001,-0.107781633734703,-0.0464503653347492,0.7001138925552368,0.3850071430206299,0.0388053469359874,0.2073328346014022,0.1031020283699035,-0.0878358855843544,-0.3717678487300873,-0.1384674906730651,-0.0457870326936244,-0.6777955293655396,-0.686381995677948,-0.138799250125885,-0.0120216766372323,-0.7045502066612244,0.473073273897171,0.3419715464115143,0.4307880401611328,-0.5315377116203308,-0.1250596195459365,0.5039930939674377,-0.1763982623815536,-0.3417385518550873,-0.1693855822086334,0.3543617725372314,-0.5939717888832092,-0.2229674905538559,-0.2577818036079407,-0.357987642288208,-0.3167111873626709,-0.0947636142373085,-0.8816103339195251,0.2206939756870269,0.1561333090066909,0.556351900100708,-0.0249521769583225,0.1050672605633735,0.2073166817426681,-0.110191561281681,-0.0443511642515659,-0.0873317718505859,-0.1366418302059173,0.0270251370966434,0.4362976551055908,0.4538975059986114,0.4011185467243194,0.4229632318019867,-0.0197619330137968,-0.3554701805114746,-0.2132369726896286,0.2449856996536255,-0.4821258187294006,-0.5262017846107483,0.7479609251022339,-0.156482920050621,0.0460313037037849,-0.2654120028018951,-0.0534625314176082,0.803116500377655,-0.2670457363128662,-0.1756482869386673,-0.051705002784729,0.0671064257621765,0.0957477837800979,0.4147038161754608,0.3733814358711242,0.959229290485382,-0.0159511547535657,0.0813415795564651,-0.0627298504114151,-0.2355812638998031,0.4483131170272827,-0.4812310338020324,0.2091173082590103,-0.0879557281732559,0.2811487913131714,0.9076653718948364,0.3419735729694366,0.2447381913661956,0.1398565918207168,-0.1145596578717231,-0.2829235196113586,0.1402857899665832,0.8493282198905945,0.0695818588137626,-0.3929468989372253,-0.0177651233971118,-0.4741891920566559,0.1980562061071396,-0.0619919262826442,-0.0501796342432498,0.0437217652797699,-0.5344532132148743,0.4956914186477661,-0.4106553792953491,-0.4851008653640747,-0.739810585975647,-0.7049449682235718,0.2712744474411011,-0.1837588548660278,0.0518123544752597,0.4887271523475647,0.4544070661067962,-0.5846787691116333,0.3876837193965912,0.3218720555305481,0.3573938310146332,0.3553830087184906,-0.3799982964992523,-0.3474487960338592,0.4077852666378021,-0.0878432542085647,-0.2300858348608017,0.0811518728733062,-0.077950395643711,-0.3456917405128479,-0.3997458517551422,0.0990882962942123,0.0089356638491153,-0.0458664000034332,-0.0993360579013824,0.1967685520648956,0.0282615888863801,-0.4263617992401123,-0.2708835303783417,-0.3111379444599151,0.0178970415145158,-0.139445349574089,-0.5245065093040466,-0.2021433711051941,-0.1232845932245254,0.5057178735733032,0.4112260043621063,0.4578993320465088,-0.2590113878250122,0.2669944167137146,0.3359394073486328,0.5423370599746704,-0.3525971472263336,-0.0929851979017257,-0.2864218056201935,-0.5184913873672485,0.2444619089365005,0.5577283501625061,-0.0399972684681415,-0.0680266693234443,-0.5231679081916809,-0.683489978313446,-0.0734597668051719,-0.1042894050478935,-0.9446498155593872,0.3004504144191742,0.3428196012973785,0.5223770141601562,-0.5121788382530212,0.1714802533388137,-0.1728483885526657,0.4421372413635254,0.1618828326463699,0.2459248751401901,0.2218044847249984,-0.6905056238174438,-0.1066251844167709,-0.0904255658388137,-0.5260455012321472,0.7962231636047363,0.4665993452072143,-0.4816798567771911,0.3228500187397003,0.7024955749511719,0.176348477602005,-0.4628303349018097,0.1372342705726623,-0.4230745732784271,-0.2605915367603302,0.1086388006806373,0.4986057579517364,0.1531921178102493,0.1121822074055671,-0.2572976052761078,0.0310910213738679,0.6210033297538757,0.5431952476501465,0.2993086874485016,-0.011157751083374,-0.0905102044343948,-0.2918620109558105,-0.359261155128479,0.4765995442867279,0.3135992288589477,0.9275248050689696,-0.6948481202125549,0.8270947337150574,0.417987197637558,-0.3516790270805359,0.5475863218307495,0.8275810480117798,-0.1295352131128311,0.3588325381278991,-0.3821957409381866,0.064886063337326,-0.912461519241333,0.0441856309771537,-0.2212532311677932,-0.0143553661182522,-0.1201798990368843,-0.0609278529882431,0.004015864804387,-0.4199044704437256,0.2204073518514633,0.0230938773602247,0.0410899668931961,-0.019476206973195,0.3957511484622955,-0.475532591342926,0.7654542326927185,0.3582446873188019,-0.3600449860095978,-0.1573605239391327,0.1476099491119384,0.087788887321949,0.7888616323471069,-0.2477010488510131,0.4315614104270935,0.0922671258449554,-0.8847265839576721,0.1002267077565193,0.0895279422402381,-0.0947557389736175,0.6437154412269592,-0.3262166082859039,-0.3809820115566253,0.3472054898738861,0.9383267164230348,0.2875902056694031,-0.3568570613861084,-0.5209187269210815,-0.0570540651679039,-0.4023283720016479,-0.3859650492668152,0.0292511992156505,0.1276062428951263,0.4225535094738006,-0.1213698908686637,-0.0419671200215816,0.1576462239027023,0.403877705335617,0.1310643404722213,0.1157403141260147,0.042076501995325,0.0924983173608779,-0.273703396320343,0.1220830157399177,0.3158020973205566,-0.4917131662368774,-0.1744960844516754,0.7196577191352844,-0.1164612844586372,0.2353215664625167,0.0578406751155853,0.2041558921337127,0.1030446588993072,0.1119522377848625,-0.1834087073802948,-0.6722075939178467,-0.3497683405876159,0.4408051371574402,-0.8758087158203125,-0.1174071803689003,0.1080517321825027,0.3653841316699981,0.1020702868700027,-0.0060884314589202,-0.5854359865188599,-0.2722901105880737,-0.1771976202726364,0.3641877174377441,-0.4985266625881195,-0.6596727967262268,0.6454887986183167,-0.088888369500637,-0.4597136676311493,-1.2287819385528564,0.5890169739723206,0.0776873603463172,0.5915550589561462,0.1351224184036255,0.1538237184286117,0.1059198677539825,0.2237645983695984,0.0037742669228464,-0.2173176407814026,0.581588625907898,-10.289658546447754,-0.3003974854946136,-0.3242519795894623,-0.7455151677131653,-0.3652228415012359,0.2694185078144073,0.6051923632621765,0.1781440675258636,-0.4923450648784637,0.1491096913814544,-0.3996672034263611,0.0590169504284858,0.1558715552091598,0.1004372909665107,-0.3681308627128601,0.3068011403083801,-0.3219028413295746,-0.2939372062683105,-0.3147366940975189,0.0405683368444442,-0.4046725928783417,-0.3304223716259002,0.7073029279708862,0.1135795414447784,-0.0477767586708068,-0.3105928897857666,-0.0543449595570564,0.096657320857048,-0.3457956314086914,0.2954535782337188,-0.3798690140247345,0.5762261748313904,-0.1736059039831161,-0.1127649620175361,-0.4583718776702881,-0.1888875365257263,0.0478667467832565,-0.4949324131011963,-0.1944606155157089,0.5718844532966614,0.442748486995697,0.6001575589179993,0.0038139026146382,-0.124246634542942,0.2433841079473495,-0.0014174034586176,0.0019126454135403,0.0463049300014972,0.6046343445777893,-0.2788213491439819,0.4446240961551666,-0.2662782073020935,0.237011581659317,-0.186130553483963,0.263404369354248,0.2885286211967468,0.7916185259819031,-1.0048638582229614,-0.1511134207248687,0.2246227115392685,0.1177573800086975,0.110612116754055,1.0127406120300293,0.0812015458941459,-0.0826491713523864,0.3211994469165802,0.3936371207237243,0.1789993792772293,-0.4705178439617157,-0.6871199011802673,0.3974434733390808,0.4097597002983093,0.1838757097721099,0.1602386534214019,-0.3042787313461303,0.4773211181163788,-0.0504228137433528,0.317943125963211,0.172936737537384,0.0184958018362522,0.6552831530570984,-0.3927880823612213,-0.2618248164653778,0.1869706809520721,-0.8683280348777771,0.1728643476963043,-0.1377306431531906,-0.2829202115535736,0.312147855758667,-0.7298805117607117,0.3388964235782623,0.1424144953489303,-0.1129440441727638,0.3945612907409668,0.4246352910995483,-0.2910743355751037,-0.1674259603023529,0.4524502754211426,0.3383530974388122,-0.4104370474815368,-1.020446,-0.64229745,0.8659227,0.9747453,-0.933852,-0.86435616,-1.5211399,0.98392004,1.2603234,0.047829,0.7383679,-0.517406,-1.3485652,2.3216994,-0.5205041,0.04936838,0.2797005,-0.92587405,0.25945535,0.026862584,0.009497001,0.42279148,0.7675178,-0.96351784,1.0362111,0.3615112,0.6433071,-0.19921014,-0.8898978,-0.7407382,-0.042702038,-0.60390824,-1.258626,-0.5127012,0.20232266,-0.9809826,-1.4262196,1.1070081,0.25263143,-0.9661639,-0.5089335,0.8946365,0.15684748,-0.069345705,-0.62774706,0.18467864,1.9163778,-0.79904187,0.81774133,-0.4169746,-0.95334405,-0.47207373,0.67808604,0.8529352,0.13930844,-0.6952075,1.2016478,1.1779195,0.008047661,-0.22253956,0.4564796,0.67518914,-0.73488307,-0.73459864,0.6712098,0.67580634,-0.53040224,0.27281186,-0.28792745,-0.34185648,-2.0784953,-1.1519965,-0.06449953,1.2314037,-1.633333,0.44577876,-0.37249577,-0.93826056,0.4177118,-0.15641382,0.45573175,0.01068484,-0.83238286,1.637679,-0.8223014,-1.1974502,-0.5396884,-0.4288367,-1.0035945,-0.19239147,-0.3130811,-1.8400146,-0.8927552,-1.4716403,1.0494542,0.444586,-0.9137177,-0.96041864,-0.7926438,-0.17387515,-0.08423052,0.98280156,0.5124071,-0.4505936,-0.8054384,-0.33633333,-0.72927636,-0.07800609,-0.29828182,0.58196485,0.17950335,0.28482965,0.81538814,1.6210257,0.18818414,0.6875315,-1.313837,-0.69457054,-0.22147945,0.5433193,1.3735341,0.47669137,-0.8809383,0.64143145,0.028413938,0.65112656,0.42643625,-1.0587204,0.3120766,0.78454375,0.7188299,-0.12791458,2.0370495,0.9065477,-0.6289173,-0.70016277,-0.4562841,0.38233212,0.7488219,-1.3254946,-0.43965673,0.5655949,-0.38400835,0.28237864,0.50349987,-0.95963335,0.12605946,0.78554225,1.7779086,-0.15642942,-0.33282095,0.24166353,-1.7402388,0.56360686,1.4519395,-0.34882903,-0.08372007,0.2928028,-1.3826618,1.3813814,-0.4277171,1.4789369,-0.74898374,0.5546903,0.2652038,0.80801004,-0.8083592,0.73848987,-1.4716595,-2.0068893,-0.26081198,-0.28984833,0.5531296,-0.065016516,0.49603963,-0.16342798,-0.2291006,0.58749455,-1.1717832,-0.44716093,1.3599864,0.74798244,-0.46093708,1.3787733,-0.24558726,0.2108997,0.5857756,0.4606981,0.6515883,0.44462696,1.3858613,-0.36201617,0.78617907,0.91448104,0.738044,3.1109614,0.610316,-1.62568,-1.5308294,1.1435494,-2.297947,-0.4475382,1.2491972,-1.3103656,1.0436413,-1.3356664,-1.0704628,1.675509,0.7799339,-0.17666638,-1.1299903,-1.4332944,0.8987716,0.85359895,-0.120217964,-0.47248322,-1.1269133,-0.081058815,-0.60378534,-0.60306895,0.9619769,0.62589926,0.37105143,1.0006428,-0.8449787,0.7788616,0.30761746,-0.25462145,0.31903,0.3012663,-0.9134757,0.46858266,0.45640168,0.03415762,-0.4074449,0.70092076,-0.5521462,0.7706539,-0.2876177,0.92030805,0.41866004,-0.43287134,0.28081334,-0.031851627,0.6591378,0.706255,1.3361872,0.22723834,-1.5180029,-0.21586049,0.31408697,1.1458259,-0.2132834,0.2852437,0.4062618,1.3459723,-0.44927,0.022518879,-0.31385303,-0.83745015,-0.3514854,0.20705368,0.29257017,0.28634408,0.23765238,-0.7987283,-0.6609488,0.49231464,-0.07289341,-1.1401107,-0.71520203,-1.0904633,-0.93535507,0.13836464,0.7629053,0.5175665,-0.57963055,-1.186007,-0.32432383,0.8143095,1.0220982,-1.8444247,-0.4738699,-0.66761905,-0.9299875,0.29610536,-0.10776969,-0.14172402,0.34198454,0.737713,-1.5615307,0.9735415,-0.26487043,0.8378637,1.5051198,0.19101316,1.135756,-0.4604552,0.18289748,-0.51038575,0.2957397,0.5341028,-1.550711,0.73748183,-0.63625365,-0.3280268,1.4123893,-1.4004931,-0.5975904,-1.0397773,0.45169866,-0.14725953,-1.3127643,1.9553539,-2.4650247,1.7114894,-1.5440845,-0.37097,-0.8193314,-0.5291064,-1.2487227,0.52482235,0.4010688,-0.33297154,0.5169315,0.40217334,0.7047647,-0.1536508,-0.16962856,1.1543952,-0.30203485,0.71514034,-0.9718823,-1.5972061,-0.3704345,0.52087504,-1.3120247,-1.1304492,-1.219621,-0.24215347,0.25603637,-0.21265975,-0.5739918,0.61750776,-0.29628164,0.77268875,-0.9242264,-0.8489715,-0.042464107,-1.112969,1.5473727,-0.025985882,1.422009,-1.1889436,-0.125733,0.51221275,-1.4013878,0.43301672,-0.08938312,1.7911307,0.69067043,0.24159287,0.5689023,0.6633979,-0.24319233,-0.4130017,0.94531155,0.18271077,2.0965135,0.38969815,-0.25649923,1.5389459,0.104314856,0.62885636,-0.38330054,-0.009633569,1.5223074,-0.049646527,-0.77414584,-0.05312415,-0.11917617,-0.35566324,0.09958853,0.5601108,0.45355183,-0.113288656,0.45676666,0.7693013,-0.5091203,-1.5637401,-0.5675147,1.2203838,1.1758004,0.8688586,1.4087561,-0.31885323,-0.7284901,-1.6206985,0.3152071,1.1514068,0.34750164,0.32130975,-1.6953961,0.7682519,0.08431212,0.62737477,-1.0993023,-1.8925531,1.939541,0.7949325,0.13987128,1.2492448,-1.0863786,-1.6801829,-0.81463397,0.03393282,-0.15851566,-1.3108647,-0.98294294,0.16345581,-0.37242174,1.0221728,0.5000876,0.5731123,-0.29294708,-0.3558211,0.21700299,0.5969355,-0.80009216,-0.12111793,-0.07027811,0.29719973,-1.2781453,-0.7196535,0.4146067,-2.1316652,1.1654147,-0.20894754,-0.3295202,-0.29479924,-0.23457274,-0.80887425,-0.032958843,-0.32950968,-1.1102712,-0.433568,1.2100599,-1.8141049,-1.2948539,1.3820477,0.86751187,-0.98576784,0.58722013,0.38182747,0.11109215,1.1734629,-0.011503415,-0.56511796,0.03639099,-0.37375817,-0.35848278,-0.70427096,-1.2156909,-0.3857662,0.9160336,-0.909707,-1.2307192,0.8254318,0.75877565,-2.1869516,-1.0215026,0.21750149,-0.645996,0.6626495,0.9409634,-0.5700097,-0.59428036,-0.84528583,0.07489972,0.22007136,0.19887578,-0.41259786,0.012904689,0.29260173,-0.5973682,0.38203812,1.6887158,0.15690498,1.4508245,1.4183016,0.060808778,-0.18427068,0.6422179,-0.47657743,-0.49711484,0.75706565,-1.1357634,-1.0724257,1.360625,-0.11712539,-1.1453704,-0.006752478,0.9505733,-0.35170817,-0.20846264,0.20988944,0.77251446,1.6174839,1.1522722,1.6126796,0.025725363,0.07995789,-0.4692489,0.7753594,-0.98427206,-0.5567818,-0.22395259,0.84457624,2.2623506,-0.45202425,-0.009990722,1.0853714,-0.5455962,-1.3124583,0.038635496,0.5183646,0.09879294,-0.64605,0.48009685,-1.1935595,-0.08081819,-1.8497462,-0.47516754,1.0101608,0.97263587,-0.59320915,0.15561512,0.80652374,0.56956923,-1.0104324,0.20270292,0.7936027,1.6013583,0.17376658,-0.76355666,0.5902629,-0.189466,-1.7576567,0.155961,-0.947037,-0.98398554,0.10262872,-0.34622583,-0.2742367,-0.85578823,-0.49314108,1.6318772,0.031721007,-0.10393608,0.6403035,-0.853086,1.4284731,0.10124293,-0.54555875,1.4641068,1.1067874,-1.1683235,0.72980607,-1.1436933,1.0518446,-0.7070727,0.70775414,0.9834464,0.7511943,-0.466996,1.2039809,-1.0115602,-0.12603924,-0.47184303,0.74092734,-0.25903708,0.25630495,-2.032197,1.1924578,-1.4989256,-0.4928745,-0.10542621,0.42783633,-0.39509943,0.09919767,-0.13739249,0.33783174,0.42822284,-1.3698938,0.7332567,1.4999927,-0.36141726,-1.2566127,0.48251674,0.026749082,-0.3516815,0.4307373,2.4662204,0.20238355,0.79271936,-1.1810346,-0.9342053,0.4733162,-0.3198539,-1.1050427,-0.520063,-0.22288695,0.17825952,0.25439075,-0.18271255,0.9923398,-0.6557031,0.69831544,1.1048105,-0.84930474,-0.26941055,0.09141056,-0.48761562,-0.9020785,-1.574693,0.26973802,0.94483036,-0.9260528,0.41740814,0.90140086,1.6279793,0.75851494,-0.05129895,-0.5179464,0.6327398,0.833558,0.5427516,-0.7476872,-1.1697552,0.44181553,1.1916049,-0.74890345,0.24893494,0.4472678,-0.26153386,-1.5584569,1.1018571,0.4189231,-0.23503277,0.5892932,0.15640011,-0.33758911,0.46033815,0.10191947,0.15521526,-0.21744046,-0.54010415,-0.19368488,-0.047078367,-0.861824,0.3849091,-0.40149483,0.37802765,-0.50134605,0.5374632,-1.6094751,0.56127125,0.018885635,0.4950374,0.4962513,0.35862103,-1.4997401,-0.6512319,-0.17890868,1.26356,1.0488183,-0.42414778,-0.9174557,-0.383792,1.3543595,0.7593755,-0.14820412,0.014790835,-0.14576945,-0.26857132,-0.3706556,-1.200925,-0.38597512,0.637236,0.8299586,-1.207977,1.2901033,-1.8384567,1.0707259,0.091609485,-1.1394598,-0.026010666,0.4380511,-0.5103678,2.299662,1.3351548,-0.5077587,-0.0025178045,0.47128707,0.6644418,-0.8223355,0.32545674,-1.0197989,0.81128705,1.5419759,0.66993713,-1.1089259,-0.06283203,0.2685754,-0.0812975,1.5407884,-0.49693808,-0.28699312,-0.7612153,-0.2680307,-1.133503,-0.18070963,-0.7904486,0.33525756,-1.4618866,0.5847781,-0.5146559,-1.071061,0.7090546,-0.9851133,-0.019665897,-0.16591416,1.2582345,0.47210273,0.7164211,0.5625633,-0.37244144,-0.35670233,-0.93984324,-0.46683577,0.5898919,-0.7504177,0.50830513,0.30494237,1.1521235,1.8881222,0.33799756,-1.3906019,0.119337484,0.46004844,0.24141441,-0.44700867,-0.9477309,-0.18111984,-0.007258497,0.37357932,0.6335288,-1.4863232,-0.4981497,-0.11012397,0.3093045,0.15985273,0.26277578,0.26817113,0.46352956,1.4065462,0.99253833,0.16404253,,,,,,,,,,,,,,,,,,,,,,,,,,,,,,,,,,,,,,,,,,,,,,,,,,,,,,,,,,,,,,,,,,,,,,,,,,,,,,,,,,,,,,,,,,,,,,,,,,,,,,,,,,,,,,,,,,,,,,,,,,,,,,,,,,,,,,,,,,,,,,,,,,,,,,,,,,,,,,,,,,,,,,,,,,,,,,,,,,,,,,,,,,,,,,,,,,,,,,,,,,,,,,,,,,,,,,,,,,,,,,,,,,,,,,,,,,,,,,,,,,,,,,,,,,,,,,,,,,,,,,,,,,,,,,,,,,,,,,,,,,,,,,,,,,,,,,,,,,,,,,,,,,,,,,,,,,,,,,,,,,,,,,,,,,,,,,,,,,,,,,,,,,,,,,,,,,,,,,,,,,,,,,,,,,,,,,,,,,,,,,,,,,,,,,,,,,,,,,,,,,,,,,,,,,,,,,,,,,,,,,,,,,,,,,,,,,,,,,,,,,,,,,,,,,,,,,,,,,,,,,,,,,,,,,,,,,,,,,,,,,,,,,,,,,,,,,,,,,,,,,,,,,,,,,,,,,,,,,,,,,,,,,,,,,,,,,,,,,,,,,,,,,,,,,,,,,,,,,,,,,,,,,,,,,,,,,,,,,,,,,,,,,,,,,,,,,,,,,,,,,,,,,,,,,,,,,,,,,,,,,,,,,,,,,,,,,,,,,,,,,,,,,,,,,,,,,,,,,,,,,,,,,,,,,,,,,,,,,,,,,,,,,,,,,,,,,,,,,,,,,,,,,,,,,,,,,,,,,,,,,,,,,,,,,,,,,,,,,,,,,,,,,,,,,,,,,,,,,,,,,,,,,,,,
ラ,0.2532706260681152,0.0987377539277076,0.695462167263031,-0.788378119468689,0.2845889627933502,0.2739372551441192,0.5229560732841492,0.0308304708451032,0.329807847738266,-0.0047568748705089,0.8151411414146423,-0.5771900415420532,-0.3108467757701874,0.0118641965091228,0.8121463656425476,-0.0799373686313629,0.0662725940346717,-0.3579889833927154,0.2810685336589813,-0.4047544002532959,-0.898082971572876,-0.4622021019458771,-0.1811175048351287,0.4407342970371246,0.0405904427170753,-0.3358346819877624,-0.2216216474771499,0.1015611737966537,-0.0268296990543603,-0.1423835605382919,-0.1249073669314384,-0.0003216134209651,-0.1280248165130615,0.2588240802288055,-0.2769311964511871,0.4170865416526794,-0.1586385071277618,-0.3565927147865295,0.3772844076156616,-0.0922773405909538,0.066784419119358,-0.1347412019968032,-0.5744683146476746,-0.1443625092506408,-0.4192698895931244,0.1109077781438827,0.1844979077577591,-0.0178516265004873,0.0975063443183898,-0.0561684519052505,-0.0695068016648292,0.2375513613224029,0.3325744867324829,0.0622163414955139,0.5577507019042969,-0.2280598431825637,0.6069426536560059,-0.5550383925437927,0.1489911675453186,0.2966927886009216,-0.2745700776576996,-0.4716651439666748,-0.0222448799759149,-0.0160193610936403,0.0210027657449245,0.1788352280855178,-0.2300526797771453,-0.2054558545351028,0.062745377421379,-0.7878321409225464,-0.0567941181361675,-0.4089924693107605,0.1188134476542472,-0.5437332391738892,0.6642235517501831,-0.6891169548034668,0.0436958484351635,0.3674329221248626,0.351985365152359,0.0289693027734756,0.0356173738837242,0.5893229246139526,-0.0582076497375965,-0.7171617150306702,0.3383505344390869,0.4423727989196777,-0.6668835878372192,-0.7380755543708801,0.5011488795280457,-0.1539530903100967,-0.0566951856017112,0.245523989200592,0.3910331726074219,0.2632933259010315,0.1935956329107284,-0.0808111652731895,0.1623323112726211,0.0795813649892807,-0.1746549308300018,0.2877536714076996,-0.0189735908061265,0.1992611438035965,0.5635280609130859,-0.3354761302471161,-0.2567151486873626,0.2298184782266616,0.0276396125555038,0.2482610791921615,0.0117512764409184,-0.0018338343361392,-0.2761610448360443,-0.5926923155784607,-0.7283720970153809,-0.2936768233776092,0.2310864180326461,-0.1952164322137832,-0.3658513724803924,0.7645565867424011,-0.5874225497245789,0.5376728773117065,-0.1070760637521743,0.1925259381532669,-0.0016020741313695,-0.6449110507965088,-0.0439450852572917,0.3632254898548126,0.0686226487159729,0.0415229722857475,-0.5548744797706604,-0.1741340905427932,-0.3752830028533935,-0.2127263993024826,-0.0316730551421642,-0.0864915996789932,-0.373455137014389,1.1571969985961914,-0.097740963101387,-0.0951070711016655,-0.2000003159046173,-0.6002620458602905,-0.2613614797592163,0.1089162975549697,0.0531519390642643,-0.3723576366901397,-0.1141867041587829,0.0115593979135155,-0.3976087868213653,-0.4829869568347931,0.1370451897382736,0.5222105979919434,-0.2626397907733917,0.57652747631073,-0.6167981028556824,0.1627831906080246,0.7411280274391174,0.2015890032052993,-0.6246767640113831,-0.0569022260606288,-0.0529121756553649,0.0288467202335596,0.3883481025695801,-0.0622968822717666,0.4679118394851684,0.6140761375427246,0.1569973081350326,0.310498833656311,0.5609771013259888,0.2981100678443908,-0.0072326641529798,0.7158469557762146,0.5763144493103027,0.43195840716362,0.115408144891262,0.0740832239389419,0.0743823423981666,0.0270756967365741,0.4962116479873657,0.2338863313198089,0.0778639242053031,-0.8886308670043945,-0.2126546800136566,-0.1301453709602356,0.0364229902625083,-0.7401298880577087,0.2935038805007934,0.022360797971487,0.086565151810646,-0.0575080290436744,-0.2426249384880066,-0.3027923107147217,0.1581906527280807,-0.5247434973716736,0.0502157770097255,-0.1854927092790603,-0.1930140554904937,-0.3623448312282562,0.0948902890086174,-0.1174862757325172,-0.9546682834625244,0.6524492502212524,0.1671255379915237,0.2455084770917892,-0.0862253233790397,-0.7541435956954956,-0.9996516108512878,-0.2930129468441009,-0.3918368518352508,0.0852741971611976,0.1768232583999633,0.5676061511039734,-0.1594313979148864,0.6562680006027222,0.2106885313987732,0.0470487363636493,0.518510639667511,0.3330311179161072,-0.4140934348106384,-0.5879434943199158,0.44040247797966,-0.3552228808403015,0.1249063834547996,0.0959924459457397,0.0463635064661502,0.2098229676485061,-0.1418901234865188,0.6370053887367249,0.6892861127853394,-0.0222339127212762,-0.3681532442569732,0.2879819571971893,-0.7261726260185242,-0.5229018926620483,-0.8680969476699829,-0.0679086074233055,-0.6883446574211121,-0.0201859418302774,-0.4460278153419494,0.1422391682863235,-0.513913631439209,0.1165496483445167,-0.1568323671817779,-0.197795107960701,-0.0366561599075794,-0.2543551325798034,-0.0991805121302604,0.3934505581855774,-0.3036240339279175,0.0169656351208686,-0.0490956716239452,0.1903905719518661,-0.4490347802639007,-0.2930056154727936,-0.1993537098169326,-0.1879448145627975,0.8190457224845886,0.3757774531841278,0.5096253752708435,-0.2915777266025543,0.3047144711017608,-0.595760703086853,-0.2113314568996429,-0.5668776631355286,0.0254399832338094,0.1521657407283783,-0.1082426533102989,0.1603581011295318,0.4886753261089325,-0.2900901436805725,-0.2551992237567901,-0.4541031718254089,-0.3060418367385864,-0.4377330839633941,-0.1361687034368515,-0.1341603249311447,-0.1757345795631408,-0.0758554339408874,-0.159386321902275,0.5477481484413147,-0.4633041024208069,0.5534378886222839,-0.5546610355377197,0.5923728346824646,-0.5685274004936218,-0.1347612291574478,-0.0025372437667101,-0.071004681289196,-0.6563525795936584,0.1880975663661956,-0.2660448253154754,0.4703210890293121,0.3350112438201904,-0.2538422644138336,-0.598699688911438,-0.0232988242059946,-0.0641149654984474,0.060272429138422,0.4363966584205627,-0.0683801770210266,0.1888559162616729,-0.1943584233522415,0.2120733708143234,0.3690426647663116,0.2868625819683075,0.2486688643693924,0.075394831597805,-0.1290331333875656,0.0138281537219882,-0.1021203696727752,0.5818308591842651,-0.1828913688659668,0.087082915008068,0.3968253433704376,-0.1202116534113884,0.8358070254325867,0.2473534196615219,0.2957504391670227,-2.020251512527466,-0.1786451488733291,0.5817697048187256,0.4256747364997864,-0.118711918592453,-0.0179369524121284,0.2898993194103241,0.3879290819168091,-0.4409017562866211,-0.6311237215995789,0.7173903584480286,0.0663825199007988,-0.2339789867401123,0.0945433229207992,0.2724086046218872,-0.528950035572052,-0.2289851009845733,-0.6272159814834595,0.3259004950523376,0.3261635303497314,-0.138554573059082,0.1693844199180603,-0.141314223408699,-0.3627247810363769,-0.1893465220928192,0.198416456580162,-0.1102242544293403,0.147545039653778,-0.3262853026390075,-0.1539093106985092,0.109817273914814,1.0552998781204224,0.814586341381073,0.776242733001709,-0.6050745248794556,-0.2913560569286346,0.1989247798919677,-0.0188326071947813,0.4067989289760589,-0.3291022777557373,-0.2606699764728546,-0.2374615371227264,0.1233339607715606,0.1134742870926857,-0.2659570276737213,0.3477733433246612,0.1086361333727836,0.2113602012395858,0.1642369627952575,0.2803328931331634,0.8354799151420593,0.0136864874511957,0.2617038488388061,0.1903945207595825,0.6998818516731262,-0.1251602172851562,-0.2027150839567184,-0.5031578540802002,-0.0973147079348564,-0.3982111811637878,0.4508980214595794,-0.0145898507907986,-0.4809547662734985,0.967228353023529,-0.631411075592041,0.0229471046477556,-0.0796091556549072,-0.8494340777397156,0.0667261555790901,-0.6475000977516174,-0.5113223195075989,-0.1117895767092704,0.0623994618654251,-0.3420248329639435,0.8333590030670166,0.4696038961410522,0.3454782366752624,-0.1749974191188812,-0.425815999507904,0.2032478898763656,-0.2558255791664123,-0.1189568191766738,0.2537873089313507,0.1977614164352417,-0.2993888556957245,0.4389089047908783,-0.0479048006236553,-0.0451583601534366,-0.0842034816741943,0.1014230176806449,-0.6623100638389587,-0.1300254017114639,-0.3639821410179138,0.3879884481430053,-0.1465943753719329,-0.0079006925225257,0.264993280172348,0.2083969116210937,-0.3124489784240722,-0.2195201814174652,-0.5180662274360657,0.3404393494129181,0.5172236561775208,0.6039378046989441,0.3499276041984558,0.4126749038696289,0.1655406802892685,0.1384489983320236,-0.1425452381372451,-0.1895144581794738,-0.697188675403595,-0.4061895906925201,0.641554594039917,-0.3978472948074341,0.4145642518997192,0.1585064828395843,-0.3193343579769134,0.559643566608429,-0.3402338922023773,-0.6002998352050781,0.1456852257251739,-0.1490272581577301,-0.0228659324347972,0.677009642124176,0.3242879211902618,0.5955796837806702,-0.1784624308347702,0.3520129919052124,-0.2714016437530517,-0.1328338235616684,0.3526303172111511,-0.4063422679901123,-0.2712548077106476,-0.1278199851512909,0.6897587180137634,0.4252327382564544,0.57049959897995,-0.1547170728445053,0.1959076225757599,0.2570126354694366,0.0477967634797096,0.5085016489028931,0.212759867310524,0.4212331175804138,-0.1007137447595596,0.0740931332111358,0.0424261689186096,0.3129554688930511,-0.1835649311542511,-0.0673314779996872,0.4640933275222778,-0.0965812131762504,0.1915635764598846,-0.4042709469795227,-0.5198997855186462,-0.5844088196754456,-0.7990305423736572,-0.085508182644844,-0.4080610871315002,-0.1791247129440307,0.3411083519458771,-0.1379453986883163,-0.8542823195457458,0.384833812713623,0.5820035338401794,0.4037805497646332,0.0046177455224096,-0.4181258082389831,-0.2042261362075805,0.4808001220226288,-0.6637538075447083,-0.5639190077781677,0.3904752433300018,-0.1858015805482864,-0.2967082858085632,-0.6603965163230896,-0.0561350509524345,-0.0324935242533683,0.1721220165491104,0.4071244299411773,0.2922839522361755,0.1666185855865478,-0.7016850113868713,-0.2682046890258789,0.0328103117644786,-0.0671117752790451,-0.2682165205478668,-0.5044615268707275,0.0887793377041816,0.1946971714496612,-0.0399043001234531,0.9694170951843262,0.601988673210144,-0.1941685974597931,-0.0345485620200634,0.1649303585290908,0.2807846665382385,-0.577812671661377,-0.3480718433856964,-0.1399733126163482,0.0165531374514102,0.2639556527137756,0.3049851953983307,0.4276651442050934,-0.1273596286773681,0.1302716583013534,-0.8541355729103088,-0.1211500763893127,0.1938444226980209,-0.8813349604606628,0.475998967885971,0.3574241399765014,0.3801551461219787,-0.5731029510498047,-0.3336079120635986,-0.1658072620630264,0.0058364258147776,0.0952580273151397,0.4235550761222839,-0.1102072373032569,-0.7596131563186646,0.1128843277692794,-0.0955019816756248,-0.7349411845207214,0.8560672998428345,0.080874502658844,-0.15021812915802,0.4306968450546264,0.6076554656028748,-0.1369597017765045,-0.6785984635353088,0.2332697510719299,-0.6413567662239075,0.2122153341770172,0.4102717041969299,-0.2345986515283584,0.487755686044693,0.4002706408500671,-0.078540526330471,-0.0764096081256866,0.2724423706531524,0.5841503739356995,0.6275725960731506,0.1791280657052993,-0.129294216632843,0.0426231920719146,-0.4053936898708343,0.2163338661193847,0.0956493467092514,0.490267813205719,-0.8582172393798828,0.4232311546802521,0.813017725944519,-0.1733649671077728,0.2934611439704895,0.6261663436889648,0.0053694085218012,0.4276522994041443,-0.0662788525223732,0.0245866160839796,-0.7677519917488098,-0.0055866027250885,-0.2524584233760834,0.2224869579076767,-0.357456237077713,-0.0999850928783416,-0.2182814329862594,-0.1435237973928451,0.3530179858207702,0.1560963541269302,0.212538793683052,0.1890817582607269,0.2296523153781891,0.000207888893783,0.3542346358299255,0.4711443483829498,-0.3778266012668609,-0.0770725607872009,0.0742701888084411,0.6616275906562805,1.209641933441162,-0.087912879884243,0.2223187088966369,-0.3241991102695465,-0.6356528401374817,0.20099937915802,-0.3099284768104553,-0.2028025686740875,0.6353564858436584,-0.4642383158206939,-0.4211028516292572,0.720435619354248,0.5569702982902527,-0.1122596189379692,-0.335921049118042,-0.6789876818656921,0.3064512908458709,-0.3645256459712982,-0.0358039699494838,-0.180355817079544,0.171331912279129,0.610625147819519,0.0939211472868919,-0.2659443020820617,0.2795200645923614,0.2603947520256042,0.2074338048696518,-0.2944416403770447,0.426446259021759,0.3471634984016418,-0.1667355895042419,-0.2200981974601745,0.385380744934082,-0.5667834877967834,0.0728470310568809,0.6288888454437256,-0.3506180047988891,0.0230734758079051,-0.2788820266723633,0.5178975462913513,0.2655262351036072,-0.4333501756191253,-0.1251368522644043,-0.0558462217450141,0.1861028224229812,-0.1403570473194122,-0.3923693001270294,-0.0288898944854736,-0.0997362285852432,0.4373029172420501,0.0280037112534046,-0.0913358926773071,-0.6388508081436157,-0.4535933434963226,-0.5089301466941833,0.3431868553161621,-0.7353134155273438,-0.4752563238143921,0.490795224905014,-0.0036998414434492,-0.3830293118953705,-1.6215091943740845,0.611397385597229,0.1808617562055587,0.6054509282112122,-0.3519787192344665,0.1456091254949569,-0.1435514688491821,0.0344983451068401,0.0513985343277454,-0.2357434630393982,-0.0522996224462986,-10.219598770141602,0.0156664215028285,-0.2581032514572143,-0.5848661065101624,-0.3376686871051788,0.0620149336755275,0.6576822996139526,0.7729461789131165,-0.3146578073501587,0.4328012466430664,-0.2544274926185608,0.2174075692892074,0.3063734769821167,0.1622301638126373,0.0017183710588142,-0.1237581521272659,-0.2380910813808441,-0.2006743848323822,0.086128182709217,-0.1362071186304092,-0.4530825316905975,-0.5120074152946472,0.7517042756080627,0.2526982128620147,0.2176697850227356,-0.5295992493629456,-0.1853656321763992,0.4672966003417969,-0.1791441887617111,0.2496297359466552,-0.5725317597389221,0.3190526366233825,0.0167583376169204,0.3781613707542419,-0.373111367225647,-0.1352471560239792,0.3851295709609985,-0.0300110895186662,-0.0711425021290779,0.5282049775123596,0.173106238245964,0.2248717993497848,-0.045459359884262,-0.2821187078952789,0.8622176647186279,-0.0490557737648487,-0.080817312002182,0.154214009642601,0.6697948575019836,-0.1314888894557953,-0.116734966635704,-0.39342200756073,0.1688199490308761,-0.089091919362545,0.2086450010538101,-0.3155266046524048,0.3690418303012848,-0.8311924934387207,0.1901748478412628,0.1392320990562439,0.6711832284927368,0.1469493210315704,0.6424481868743896,0.7694492340087891,0.0902850776910781,0.2917851209640503,0.4187970757484436,-0.022094290703535,-0.2411062717437744,-0.174841895699501,0.3503516316413879,0.6631569266319275,-0.2369278669357299,0.054011907428503,0.0384159237146377,0.3050693571567535,0.0060562989674508,-0.0862767398357391,-0.0560752265155315,0.2086593061685562,0.525546669960022,-0.3600848615169525,-0.3099071383476257,0.4158210158348083,-0.4793710112571716,-0.0806445032358169,0.1260488778352737,0.3137144446372986,0.0892589390277862,-0.6076187491416931,0.516116738319397,-0.2219393253326416,-0.5502403378486633,0.4251792728900909,0.6095340251922607,-0.3401385247707367,-0.2818612456321716,0.1433808803558349,0.4594053924083709,0.0951334238052368,-1.0966347,-0.6532564,0.6805142,1.4573908,-0.7217203,-0.4771395,-1.372157,0.07317809,1.2244493,-0.5318932,0.20074667,0.16770902,-1.2943972,2.3124752,-0.25521928,-0.17740966,0.926264,-0.8460693,0.4953787,-0.34064835,0.80915844,0.46993056,0.98925865,-0.4172488,0.71340626,0.65686196,0.5710572,-1.0140289,-0.6739789,-0.65003496,0.46859643,-0.36917356,-0.5904097,-0.69428855,0.20441543,-0.8699612,-1.445384,1.0467038,-0.015070962,-0.16675131,-0.9313226,0.7254535,-0.3783183,0.4331831,-0.6077695,-0.5092949,1.887743,0.18764977,0.7564742,-0.43342522,-0.8492265,-0.33606678,0.8421336,0.74639004,0.5991438,-0.33358464,0.6780904,0.7207027,0.19122337,-0.4894204,0.011019894,1.233901,-0.9683834,0.49554208,0.9910131,1.2230526,0.14404304,-0.47149763,-0.5360394,-0.8566159,-2.5354004,-0.6424838,0.09208993,1.1991417,-1.1417027,1.0696613,-0.24021934,0.02656077,0.17202112,0.6046425,0.13367051,0.06655979,-0.9742417,1.4995034,-0.7029433,-0.6674132,-0.6434771,-0.2817161,-1.4553543,-0.008382304,0.44590536,-1.561804,-1.7251312,-1.2305573,0.9008814,-0.1972688,-0.90511745,-0.68805504,-1.1707469,-0.31429055,0.09097663,1.2387209,-0.29344735,-0.06108994,-1.0710744,-0.056353517,-0.69031996,-0.28023267,-0.34600806,1.1008403,-0.4313527,0.72249496,1.05574,1.4565622,0.78762996,0.65085965,-0.84172475,-0.922033,-0.5729895,0.086546354,1.0003597,-0.07886207,-1.1322423,0.24105541,0.23317316,1.2985389,0.37473932,-0.3615573,0.52447706,-0.20267828,0.6314014,-0.83470356,1.5769504,0.8748841,-0.95946515,-0.4490435,-0.43155178,0.36923447,0.19403985,-0.8138825,-0.64978963,-0.1223292,-0.25441006,0.09339919,0.21574698,-1.5011982,-0.08822979,0.93128157,0.97999704,-0.19340897,-0.09241603,-0.15931293,-0.7105484,0.7453159,0.7629475,0.02560993,0.23153436,-0.03232197,-1.4338907,0.9918019,0.38894552,1.1519606,-0.6420398,0.08329096,0.117512204,0.5436055,-0.3769396,0.43845257,-1.2899458,-2.1635568,-0.3873932,0.29959723,0.3693257,-0.17446831,0.7051438,0.1968532,0.14225326,-0.29674584,-0.7603285,0.15358947,0.6244297,1.2032241,0.17013274,1.0662388,-0.6183322,0.2335073,0.7595396,0.70311344,-0.08866569,0.20793001,0.6203014,-0.7277492,1.1479473,1.4921848,1.4489931,2.8217561,0.73917496,-1.3164241,-1.1695316,0.6023771,-1.7130624,-0.42152873,0.3792982,-0.53092855,1.5491378,-0.924765,-1.0309145,1.9272892,0.91078126,0.4875632,-1.0809678,-1.1720237,0.8667341,0.15319328,-0.675101,-0.57478654,-0.49511796,0.43474385,-0.8344485,-0.39713874,0.52855545,0.04380377,0.8886469,2.1065595,-1.3604199,0.53456795,0.5009019,0.36474946,0.6432329,0.79872864,-0.9959021,0.07664367,0.29920095,-0.5906057,-0.4516745,0.3697081,-0.80106175,0.8604704,-0.37825796,-0.17402628,0.21253112,-0.589919,0.3292978,-0.25251275,0.45236245,0.29505748,1.9756206,0.4001003,-1.315016,-0.076899536,0.43317494,0.8276373,0.30224892,-0.059447937,0.8097249,0.5369424,-0.5361074,0.4871369,-0.10409534,-0.12510976,-0.072029114,0.66810507,-0.3492985,0.6899249,0.20331334,-0.8648018,-0.8759303,0.07750945,-0.12767975,-0.9274207,-0.6086059,-0.65953034,-0.8244735,0.030464564,-0.307299,0.21204305,-0.9632414,-0.51455015,-0.89778,0.08470639,0.6644162,-1.3802902,-0.6417543,-0.100686185,-0.58978355,0.7488622,-0.55174655,-0.2269117,0.4694004,0.75582534,-1.6161124,0.8826346,0.18935709,0.8668327,1.3166758,0.032943238,1.5760354,0.102381214,0.5469931,-1.1912756,0.8609853,0.83311146,-1.3019737,0.49880522,0.04563263,-0.19136654,0.7083454,-1.7629795,-0.36775294,-0.38413653,0.49970606,-0.016007772,-1.5700557,1.2954761,-2.0281785,1.5186843,-1.8262817,-0.6349043,-0.87663114,-0.5478405,-1.577952,1.1862122,0.4587439,0.14832719,0.49753717,0.28751367,-0.040527586,0.1592281,0.27081472,1.0087949,-0.7157365,1.2311714,-0.8947235,-1.5124979,0.29048118,0.7130199,-1.1002105,-1.2341355,-1.4919565,-0.6463438,0.5386654,-0.48182616,0.18632972,0.81496304,-0.22592428,0.7645392,-1.1391393,-0.060448557,0.20285442,-0.8232489,1.250685,0.19729234,1.8434439,-0.57756287,-0.27775297,0.6464286,-1.915284,-0.33945015,-0.8516811,1.8231612,0.49083444,-0.1745229,0.2697632,0.3782873,-0.7357946,-0.52405983,0.483211,0.041709986,1.3690103,0.34739432,-0.29123238,1.7168524,0.5708041,0.46299702,-0.4037342,-0.2778856,1.6128026,-0.02200729,-0.2296052,-0.16425572,-0.23199402,-0.26572162,0.32759556,0.043001343,0.0089331865,-0.029430697,0.80196434,0.5611691,-1.1980388,-1.032035,-0.67079556,0.37646785,1.2493802,1.4272159,1.3618145,0.24857958,-1.1085017,-1.5876387,0.062193368,0.88847256,-0.3221098,1.1722642,-1.4319373,0.037089653,0.42242044,0.053736515,-0.6749402,-2.0319088,1.782466,0.47707388,0.5356695,1.557494,-0.6795133,-1.4824426,-0.2706812,0.7073931,0.0024181816,-0.95778716,-0.537947,0.8858608,-0.8144108,0.7983788,-0.2845404,0.31731674,0.15913413,0.18960062,0.90272945,0.9037987,-0.6749863,-0.46378273,-0.15799518,0.4794385,-1.3840902,-0.3844235,0.18825378,-2.0054657,0.34512296,-0.8618712,-0.20663668,-0.26129657,-0.6636914,-0.91487134,-0.970168,-0.22209693,-1.0923475,-1.3121325,0.43890163,-1.333985,-1.5299566,1.5711563,1.4165663,-1.7791041,0.3453153,0.1304778,0.25477138,0.47163078,0.039942212,-0.3447855,0.54557836,-0.9975668,-0.35568294,-0.21371141,-0.89474326,-0.5910109,-0.21127342,-1.0248023,-1.1798056,0.92343235,1.0584984,-1.9975121,-0.63552815,-0.20640144,-0.8994058,0.43279287,0.93077534,-0.23363231,-0.256857,-0.96785814,-0.37047532,-0.107331015,0.66548496,0.088526,-0.48226166,0.56164396,0.41359076,0.09623606,1.4258525,0.06433593,0.53159666,1.0114638,0.32430813,-0.62883025,0.58497095,0.25842926,0.11158695,1.0286475,-1.8415412,-0.8548333,1.4485554,-0.6470018,-1.3096584,-0.12005293,0.5766042,-0.05295074,0.35042334,0.4530154,0.8504643,1.6770846,1.1856444,1.6094385,-0.30343288,-0.75635284,-0.6927357,0.41283268,-0.8827942,-1.0272552,0.43774694,0.7218996,2.4310308,-0.31669623,-0.11218161,0.52174234,-0.6795355,-0.9028048,0.27947125,0.42180687,-0.9140719,-0.7380656,0.10751116,-0.86834556,0.26383612,-2.1242187,-0.60891646,0.3287654,0.52429765,-0.823724,-0.030801449,0.40655407,0.24963076,-0.8817306,0.65617883,1.3820673,1.3252715,-0.116322644,-1.2427893,0.80830944,-0.22046848,-1.357683,-0.07009612,-0.58075386,-0.5550891,0.52182704,-0.4557109,-0.13499439,-0.7398143,-0.14489596,1.815919,0.19678926,-0.04125929,-0.115866326,-0.95205957,1.758209,-0.4062827,-0.4033225,1.1360698,1.3247317,-1.845265,-0.04996441,-0.90212756,0.14824678,-0.9772023,0.5173134,1.1141374,0.41950062,-0.009159043,1.4859158,-0.1563149,-0.015531899,0.17534606,0.6568615,-0.15180051,0.2987906,-2.4765587,1.1013495,-0.97720397,-1.4273472,-0.13974634,0.8754505,-0.44169453,-0.12311939,-0.58281606,0.16100022,0.23117809,-1.116965,1.2800224,2.36309,-1.0036529,-0.8702973,0.82612616,0.1865112,-0.68998,0.033848066,2.4527345,0.91887844,1.3167833,-0.7510004,-0.3969584,-0.13758971,-0.30652288,-0.5935034,-0.25653934,-0.44640806,-0.32671908,0.6637222,-0.41128722,0.5035484,-1.2382584,-0.05760681,1.2186731,-0.7397613,0.03088748,0.621748,-0.26847604,-1.2526716,-1.4607887,0.6747758,0.86550856,-0.435814,-0.012614148,0.63122,1.0534366,0.742653,-0.52376354,-0.5259827,0.4995734,0.7509583,1.0162956,-0.7956734,-1.2583815,0.6589586,1.2099429,-1.1982394,0.26003987,-0.5776511,-0.48573083,-1.3249513,1.2148625,0.6233172,0.13958833,1.3610258,0.71008384,-0.21630815,0.5674553,-0.42725277,-0.09591908,-0.07014892,-0.7040002,-0.27115864,0.057527352,-0.4752636,0.31170282,-0.8975503,-0.15852143,-0.16317758,0.8175343,-1.0883769,0.20176534,-0.25677487,0.6509326,0.042455353,-0.14258686,-0.5906336,-0.22110972,-0.7509059,1.8271887,0.6724986,-0.074412234,-1.9007757,0.014620947,0.6794262,0.4107993,-0.29631725,0.2605373,0.155089,-0.9664584,-0.5046721,-1.0563736,-0.39770362,0.12840024,1.1065,-0.6870579,1.1138147,-1.4373971,0.9221812,0.21010397,-0.7108507,0.25458997,0.15415621,-0.44488335,1.6065142,1.3954318,0.34367368,0.19721663,1.2194691,0.70655787,-0.1276462,-0.56055194,-1.708409,1.1382354,1.2267085,0.2673696,-0.79384834,0.11969914,0.45542878,-0.41930938,1.7328893,-0.5668468,-0.92855364,-0.43161693,-0.50259763,-0.8761053,-0.15666375,-0.86509216,-0.095487945,-1.1318952,0.1091845,-0.7208376,-0.2505924,0.29296976,-1.0106198,0.3897818,0.34390566,1.0577309,1.2428409,0.9114236,0.6728142,-0.35023046,-0.08046111,-0.80692357,-0.7072549,1.026236,-0.8128008,0.25623935,0.5440319,0.81151855,1.777932,0.94101703,-0.7104853,0.08502065,0.07975169,-0.09399537,0.3763078,-0.7716757,-0.3395678,-0.008242111,-0.2416075,0.45061088,-1.0417562,-0.45681518,0.24640915,0.84949917,0.092782564,0.47374305,0.30590653,0.31274995,1.686736,0.46605873,-0.35882768,,,,,,,,,,,,,,,,,,,,,,,,,,,,,,,,,,,,,,,,,,,,,,,,,,,,,,,,,,,,,,,,,,,,,,,,,,,,,,,,,,,,,,,,,,,,,,,,,,,,,,,,,,,,,,,,,,,,,,,,,,,,,,,,,,,,,,,,,,,,,,,,,,,,,,,,,,,,,,,,,,,,,,,,,,,,,,,,,,,,,,,,,,,,,,,,,,,,,,,,,,,,,,,,,,,,,,,,,,,,,,,,,,,,,,,,,,,,,,,,,,,,,,,,,,,,,,,,,,,,,,,,,,,,,,,,,,,,,,,,,,,,,,,,,,,,,,,,,,,,,,,,,,,,,,,,,,,,,,,,,,,,,,,,,,,,,,,,,,,,,,,,,,,,,,,,,,,,,,,,,,,,,,,,,,,,,,,,,,,,,,,,,,,,,,,,,,,,,,,,,,,,,,,,,,,,,,,,,,,,,,,,,,,,,,,,,,,,,,,,,,,,,,,,,,,,,,,,,,,,,,,,,,,,,,,,,,,,,,,,,,,,,,,,,,,,,,,,,,,,,,,,,,,,,,,,,,,,,,,,,,,,,,,,,,,,,,,,,,,,,,,,,,,,,,,,,,,,,,,,,,,,,,,,,,,,,,,,,,,,,,,,,,,,,,,,,,,,,,,,,,,,,,,,,,,,,,,,,,,,,,,,,,,,,,,,,,,,,,,,,,,,,,,,,,,,,,,,,,,,,,,,,,,,,,,,,,,,,,,,,,,,,,,,,,,,,,,,,,,,,,,,,,,,,,,,,,,,,,,,,,,,,,,,,,,,,,,,,,,,,,,,,,,,,,,,,,,,,,,,,,,,,,,,,
ニ,0.2399881780147552,0.498018354177475,0.8955079913139343,0.005041497759521,-0.2969804406166076,-0.1288875639438629,0.8377258777618408,-0.2465835809707641,-0.6963340044021606,-0.3838145136833191,0.5023658871650696,-0.2319454699754715,-0.2090045362710952,0.0123188756406307,0.3375872373580932,0.0955833196640014,-0.2994687259197235,-0.3320967853069305,0.105328544974327,-0.3356218636035919,-1.199247121810913,-0.4857733249664306,-0.014517749659717,0.0603932812809944,0.0599503107368946,-0.78136146068573,0.1385903805494308,0.0701314210891723,0.1482769697904586,-0.4499062299728393,-0.5657681226730347,0.0919201374053955,-0.1736220568418502,0.0030534949619323,-0.4910091757774353,0.6131080389022827,0.015275546349585,-0.0971176624298095,0.5189294815063477,0.1481046974658966,0.0030237135943025,-0.1044567003846168,0.0200241766870021,0.041071742773056,-0.100732646882534,0.4264664351940155,0.132814809679985,0.496850311756134,-0.1855993121862411,-0.1612194776535034,-0.3438955247402191,0.3898206353187561,0.5209559798240662,0.1577526032924652,0.192417174577713,0.0655715242028236,0.8847101330757141,-0.6201813220977783,0.2481703907251358,0.445669949054718,-0.4492683410644531,-0.5545591711997986,0.2076460719108581,0.0906073600053787,-0.3409030437469482,0.4919306635856628,-0.5973501801490784,-0.1568299680948257,0.4562695026397705,-0.5391255617141724,0.0492937266826629,-0.2538284361362457,0.144734114408493,-0.7692111730575562,0.5159355401992798,-0.4594015777111053,0.1821346580982208,-0.1125316768884658,-0.0764267742633819,0.1738098114728927,0.2126527577638626,0.2442357540130615,0.0553750321269035,-0.6869986653327942,-0.3677364289760589,0.6940591335296631,-0.9101846218109132,-1.0816364288330078,0.8663680553436279,-0.2362627536058426,-0.1768848001956939,0.3000737726688385,0.1569752246141433,0.0842565894126892,0.670451819896698,0.6204149723052979,0.0854531079530716,0.2576430439949035,0.0282056499272584,0.2926505506038666,-0.3810499310493469,-0.2817577421665191,0.3634460270404815,-0.3957997858524322,-0.4156117737293243,0.2613184750080108,-0.18729268014431,0.3636125922203064,0.0976108461618423,0.4044984877109527,-0.2066918462514877,-0.9868265986442566,-0.2262287437915802,0.1464495509862899,0.5395494699478149,0.2332690209150314,-0.1634886115789413,0.3493140339851379,-0.2618437111377716,0.2535730302333832,0.1716625392436981,0.5832396149635315,-0.0342006832361221,-1.1091642379760742,0.0796048045158386,0.3212693035602569,-0.0885724648833274,0.0260915197432041,-0.1137551367282867,-0.1529953628778457,-0.4824707508087158,-0.6091140508651733,-0.3289887309074402,-0.0974496304988861,-0.60126131772995,0.651743471622467,0.6650561094284058,0.5216874480247498,0.0827017351984977,-0.281015008687973,-0.6038870811462402,-0.0620010271668434,0.4018469750881195,-0.3225410282611847,0.6033268570899963,-0.0102281784638762,-0.4963041245937347,-0.4260859787464142,0.162226527929306,0.1483174860477447,-0.1598769277334213,0.80233234167099,-0.7591325640678406,-0.061724979430437,0.1537837088108062,0.451979249715805,-0.7278866171836853,0.169708713889122,0.2764085531234741,0.1890266835689544,0.7832756638526917,0.3377169668674469,0.1770556718111038,0.7063726782798767,0.3589708805084228,0.3684092462062835,0.3855596780776977,-0.3533316552639007,0.0153440618887543,0.4558740854263305,0.3503834903240204,0.2179538458585739,0.7681988477706909,0.1386443674564361,-0.5556210279464722,0.6621384024620056,1.071463704109192,-0.3012385964393616,-0.2049427926540374,-0.5722112059593201,-0.2706075012683868,-0.2144170552492141,0.5491052269935608,-0.7793207168579102,0.5074599385261536,-0.0006776891532354,0.000281504180748,-0.2342703640460968,0.1572796255350113,0.6060560941696167,-0.4203536808490753,-0.5844647288322449,0.2661496698856354,-0.5123875737190247,-0.2070800513029098,-0.2717030048370361,-0.2051060050725937,0.2209423929452896,-0.9210068583488464,0.3236485123634338,0.4330968856811523,0.073336474597454,-0.1983409821987152,-0.4938555061817169,-0.6892940998077393,0.0602587014436721,-0.0897126719355583,0.3994076550006866,-0.1870185732841491,0.0892463326454162,-0.2997252643108368,-0.1554416865110397,0.3474860787391662,0.2821784913539886,0.4196942150592804,0.155134379863739,-0.1165054142475128,-0.1757172346115112,0.3276111483573913,0.0551695227622985,0.3733872175216675,-0.1666144132614135,0.0150819709524512,-0.2423607110977172,0.1224497780203819,0.5370935797691345,0.3706514537334442,-0.6751798391342163,-0.2304879873991012,0.4684117436408996,-0.6569773554801941,-0.8943758010864258,-0.5819957852363586,-0.1027029827237129,-0.5708690881729126,-0.5742595195770264,-0.4286757409572601,0.2313897460699081,-0.5876480937004089,0.527140200138092,-0.1354325413703918,-0.3490617573261261,0.2205250561237335,-0.5164347887039185,-0.2158338129520416,0.1988855898380279,0.1232568025588989,-0.1676084250211715,-0.6289826035499573,-0.2826015055179596,-0.2267360836267471,-0.2499215751886367,0.1019749343395233,-0.3679527044296264,0.5211003422737122,0.7176828384399414,0.8670651316642761,-0.1786787658929824,0.3087609708309173,-0.3622464835643768,-0.4940388202667236,-0.6561098694801331,0.0756227597594261,0.1844679564237594,-0.096898503601551,0.04713986068964,-0.1329451650381088,-0.2873137891292572,-0.9781805872917176,-0.319053590297699,0.3318533599376678,-0.2461916804313659,0.0173809994012117,-0.1850131452083587,0.4622901380062103,0.1793286204338073,0.2592511773109436,0.7661769390106201,-0.3640256524085998,0.27199786901474,-0.3022246360778808,0.2611386179924011,-0.611751914024353,0.1417306810617447,-0.1542247682809829,0.4245662093162536,-0.510331392288208,-0.5345093607902527,-0.533447265625,0.716960072517395,0.4460596144199371,-0.6074992418289185,0.2070235908031463,-0.1222982481122016,-0.5591508150100708,0.4849247932434082,0.3392638266086578,0.0201661754399538,0.2770930826663971,-0.0716230198740959,0.6288016438484192,0.2935670912265777,0.8059220314025879,-0.0894927382469177,-0.2002018988132476,-0.1224767044186592,0.1709357798099517,0.7128282785415649,0.1837633997201919,-0.802681028842926,0.6803693771362305,0.3822384774684906,-0.5349481105804443,0.3936195373535156,0.5953669548034668,0.587542712688446,-1.3823076486587524,-0.1753514409065246,0.6864405870437622,0.7565538883209229,-0.6600862741470337,-7.142586582631338e-06,0.2971343398094177,0.3123375475406647,-0.1888991296291351,-0.2407542616128921,1.2328671216964722,-0.0909240394830703,-0.0652929991483688,-0.222514733672142,-0.0749331563711166,-0.3393189311027527,0.2482902556657791,-0.3786711990833282,0.0935624241828918,0.4356390237808227,-0.5850790143013,-0.1831747442483902,-0.3180065453052521,-0.2905949354171753,-0.424087792634964,0.6385433673858643,-0.5369762778282166,-0.1305275112390518,-0.0190998502075672,-0.4493971765041351,-0.1478213220834732,1.0692458152770996,1.1102465391159058,0.1682927459478378,-0.8284353017807007,-0.7258700728416443,0.1027304828166961,-0.3827482461929321,-0.0908938646316528,-0.5365722179412842,0.1473941653966903,-0.2610086500644684,-0.2499143332242965,-0.0199813451617956,0.0439121536910533,0.1047793179750442,-0.2141801863908767,0.1834008693695068,-0.3466436266899109,0.388646125793457,1.0327752828598022,0.0349547788500785,0.3688464760780334,0.6388689279556274,0.672288179397583,0.3386959135532379,0.065013088285923,-0.8786070346832275,0.0681200474500656,-0.5904049873352051,0.495224267244339,-0.088651955127716,-0.7305606603622437,0.907346785068512,-0.0863807573914527,0.1661152392625808,-0.3564050495624542,-0.511898934841156,0.2590500712394714,-0.4335880279541015,-0.0134439598768949,0.183345764875412,0.1517754644155502,-0.1977767348289489,0.7999216914176941,0.4202208518981933,0.6377631425857544,-0.4777056872844696,-0.7689921259880066,-0.1673790961503982,-0.3213671445846557,0.1558387279510498,0.3721858263015747,0.5082894563674927,-0.0948093011975288,-0.1153046339750289,0.0159989353269338,0.2064537405967712,-0.95878005027771,0.0685359314084053,-0.651793360710144,0.0704318657517433,0.0730981156229972,0.2113152742385864,0.031522374600172,0.0527812577784061,0.3189178705215454,0.5808015465736389,-0.7783799767494202,-0.1613888293504715,0.1788643896579742,0.3199944794178009,0.3388553261756897,0.6496179699897766,0.5549226999282837,0.0590652748942375,0.5409660339355469,-0.2235772311687469,0.3465896248817444,0.1655871570110321,0.1747461408376693,-0.5205464959144592,0.9497072100639344,-0.4511545896530151,-0.0876128524541854,0.1544488072395324,0.0602484680712223,0.5611934661865234,-0.4675502181053161,-0.8076052069664001,0.4199115633964538,-0.1826090663671493,0.561552107334137,1.1829746961593628,-0.0805006995797157,0.2960154712200165,-0.0464479625225067,0.1875627934932708,-0.2053208500146865,0.3647632896900177,-0.1009399890899658,-0.6398433446884155,0.427743911743164,0.1481426209211349,0.2722767889499664,1.4112900495529177,0.0862573981285095,0.2672679126262665,0.1452893763780594,0.241290807723999,-0.3223082423210144,-0.0955208763480186,-0.3009140789508819,0.1278165876865387,-0.1152070388197898,0.8357356786727905,-0.6288214921951294,0.0530882254242897,-0.1288283914327621,0.0524586625397205,0.6772114038467407,0.4081891775131225,0.0012743080733343,-0.3657405972480774,-0.5746895670890808,-0.413478672504425,-0.4503512978553772,0.0139700667932629,-0.6152694225311279,-0.0508028306066989,-0.2447485029697418,0.0497177429497242,-0.9581451416015624,0.4678661227226257,0.4893801808357239,0.0627292096614837,0.1946627050638198,-0.5680791735649109,-0.1699132323265075,0.5439184904098511,-0.685943603515625,-0.636755108833313,0.270639419555664,0.0615531913936138,-0.3260607123374939,-0.957592248916626,-0.1974907964468002,-0.3581154346466064,0.2891275584697723,-0.4286392629146576,0.1623032540082931,0.0123498197644948,-0.565133810043335,-0.1754132211208343,-0.5328487753868103,-0.3943957686424255,-0.0778370648622512,-0.1529422849416732,-0.0435021519660949,-0.2341650277376175,0.0455569177865982,0.8609870076179504,0.5781028866767883,-0.3404849469661712,-0.0678211376070976,0.6001311540603638,0.0134011348709464,-0.3031742870807647,0.1346807926893234,-0.144233226776123,-0.5261630415916443,0.4355503916740417,0.5091544985771179,-0.0833733230829238,0.2180920392274856,0.2670896351337433,-0.7991225719451904,-0.4180024862289428,-0.3345060050487518,-1.050958514213562,0.4238246083259582,-0.3562321662902832,0.8672330975532532,-0.5954985022544861,0.4309892952442169,-0.4024232923984527,0.3909869194030761,0.0171622540801763,0.4163903295993805,-0.4857703149318695,-1.3232897520065308,-0.3382763564586639,-0.2781261503696441,-0.6342113614082336,1.0885275602340698,-0.1200270429253578,-0.7550294399261475,0.2689781486988067,0.2818595767021179,0.183319553732872,-0.2465816736221313,0.2268478572368621,-0.0390494316816329,-0.0169130768626928,0.008017498999834,-0.1576659828424453,0.3537449538707733,0.3585444390773773,0.178397536277771,-0.0097616231068968,0.8249403238296509,0.3854309320449829,0.1550318151712417,0.1726711988449096,-0.452601820230484,0.2316302210092544,-0.0850178897380828,-0.2921363413333893,-0.1442154943943023,0.4841728210449219,-0.4870316684246063,0.5140367150306702,0.3830854296684265,-0.8019239902496338,-0.1514890193939209,1.1948102712631226,0.2635453939437866,0.6823922395706177,0.0765335336327552,-0.0981333404779434,-0.6144131422042847,0.0781684964895248,0.595352292060852,-0.1323657780885696,-0.447791576385498,0.1941670179367065,-0.136386290192604,-0.0078218821436166,0.7715087532997131,-0.0365745723247528,-0.1183796897530555,0.3819184601306915,0.0633423402905464,-0.3294958472251892,0.9611512422561646,0.0925962179899215,-0.3062328100204468,0.0292535964399576,-0.0550469979643821,0.420026034116745,0.4790914952754974,0.1943640857934951,0.4590746760368347,-0.0140517381951212,-0.5848106741905212,0.0721693634986877,0.396188884973526,-0.2210362255573272,0.891806423664093,-0.3367661237716675,-0.2763691842556,0.6258436441421509,0.3863765597343445,0.1282980144023895,-0.0149681763723492,-0.7286804914474487,-0.2715208828449249,-0.6282907128334045,0.0671744421124458,0.1371153444051742,0.4392257630825043,0.3184598386287689,0.1893894374370575,-0.4350124895572662,0.3687155544757843,0.321261316537857,-0.1682348549365997,-0.3007729351520538,0.0684005171060562,0.2578999996185303,0.2626895010471344,0.1784130334854126,0.2423498481512069,0.0831109434366226,-0.4748173952102661,0.7601574063301086,-0.2581839859485626,-0.1072468012571334,-0.09479521214962,0.175308957695961,0.59159916639328,-0.2410508245229721,0.3209672570228576,0.0749908313155174,-0.0473887808620929,0.0560566000640392,-0.4479458630084991,0.1063652485609054,-0.20023974776268,0.0028138619381934,-0.2556470036506653,0.084066055715084,-0.6800851821899414,-0.8131122589111328,-0.0201230570673942,0.40631964802742,-0.4025742411613464,-0.5078088641166687,0.4864073097705841,-0.1204340755939483,-0.5760420560836792,-1.5662147998809814,0.5193831324577332,0.0815850645303726,0.0106269372627139,0.0105899330228567,-0.22087924182415,-0.2326550334692001,-0.1760053634643554,0.2459411770105362,-0.6746455430984497,-0.3293901979923248,-9.807195663452148,-0.0124987848103046,-0.5163050889968872,-0.1690342277288437,-0.1281996369361877,-0.4532968699932098,1.1393678188323977,0.8253955841064453,-0.536453127861023,0.3240262567996979,-0.5628291368484497,0.2936359345912933,0.5911865830421448,0.3530381917953491,0.4281627237796783,-0.3939273357391357,-0.067873790860176,0.0666920915246009,0.3080798983573913,0.1399819999933242,-0.1826901137828827,-0.1620252579450607,1.0195213556289673,0.314514696598053,0.0664615780115127,-0.6188612580299377,-0.1658964902162552,0.6420120000839233,-0.2043704092502594,0.2019911706447601,-0.9699943661689758,0.9677385687828064,-0.1644393503665924,0.0563455335795879,-0.4271545708179474,0.1414322853088379,-0.0807258337736129,-0.0451164245605468,-0.8572476506233215,0.4816361367702484,0.0363676100969314,-0.0011551573406904,0.2120583206415176,-0.0737558528780937,0.4536486566066742,-0.2475725561380386,-0.1137004643678665,0.2647754549980163,0.3160045444965362,-0.0187130738049745,-0.1756884008646011,0.2808996438980102,0.6086269021034241,-0.5372304916381836,0.3729364573955536,-0.7106446623802185,0.3599810898303985,-0.9493100047111512,0.2192019671201706,-0.2922466993331909,0.0507802776992321,0.1272028684616089,0.5295270085334778,0.747220516204834,-0.0787647441029548,0.5490385890007019,-0.0020413962192833,-0.6292516589164734,-0.6555565595626831,-0.1589002907276153,0.3971392512321472,0.1711445152759552,0.0227958634495735,-0.240527719259262,0.1442629247903823,0.4694149494171142,-0.0082037206739187,0.3554873168468475,0.7015735507011414,-0.2771918177604675,0.740035355091095,-0.510673463344574,0.3534307181835174,0.5597468018531799,-0.7759509682655334,0.3758062124252319,0.1695676892995834,-0.1911898702383041,-0.021022655069828,-0.7556512355804443,0.4545226097106933,-0.2344045490026474,-0.2773563861846924,0.0750988349318504,-0.168514609336853,0.1701342612504959,-0.0815538763999939,-0.1397444307804107,0.0923962071537971,-0.5649541020393372,-0.4408452,-0.5908435,0.63356084,1.1890371,-1.2273668,-0.43370563,-1.4718302,0.3578906,0.92357385,-0.5166545,-0.2259717,-0.047004245,-1.4542265,2.4287593,-0.94563836,0.029796079,1.3627043,-0.72332823,-0.30392388,0.25835302,0.616424,0.5555229,0.54507476,-0.5547091,1.2171074,0.8216836,0.26706168,-0.28996432,-0.73872834,-0.55800897,0.08547375,-0.48491916,-1.0974346,-0.877282,0.117013596,-0.7490431,-1.1659429,1.4354465,0.40915737,-0.67189735,-0.60048133,0.8152571,-0.33369598,0.12936942,-0.75922763,-0.2983183,1.6546011,-0.48376608,0.40043855,-0.56780636,-0.613788,-0.48024672,0.4130732,0.8810851,0.16960818,-0.2172941,1.6103694,0.5273994,-0.32041794,-0.6342696,0.540277,1.3280761,-0.73856175,0.06261048,0.5355903,1.0368116,-0.3288092,-0.17432666,-0.3711658,-0.19979633,-2.0035932,-1.1010395,0.32926536,1.2852304,-1.5163636,0.4377337,0.0786981,-0.8547393,0.49414855,0.07079075,0.311091,-0.022871101,-0.4190597,1.2869213,-0.755,-0.45414382,-0.7820729,-0.27598444,-1.3038508,0.15347542,-0.41686696,-1.4147327,-1.8645111,-1.459038,1.2265049,0.18579051,-0.88527316,-1.0862143,-1.0391023,-0.04594209,0.1020455,1.1033306,0.10901372,-0.15336224,-0.97065276,-0.54898804,-1.0712038,-0.99172384,-0.53470236,0.30759215,-0.0714651,0.15825395,1.0995247,1.7771833,0.93204796,0.5796848,-0.7938397,-1.2016265,-0.59924066,0.5292684,1.5603212,0.10128312,-0.76129293,0.9271267,0.22939639,0.57072353,0.085597165,-0.9789505,0.79474473,-0.09296112,0.8424498,0.009087563,1.8144667,1.1198411,-0.95086586,-0.21415046,-0.54586947,0.20435894,0.8505866,-0.52980125,-0.80281055,0.01767404,-0.5069698,-0.5356743,0.3163089,-1.6367233,0.479654,0.93832934,1.2421802,0.0741811,-0.5851973,-0.082439914,-1.1619661,0.63336843,0.6652678,-0.3136204,-0.016618725,0.2057832,-1.4399667,1.6566288,0.037452042,1.3586875,-0.6786285,0.33820376,-0.07509035,0.5918382,-0.2272068,0.18589225,-0.6974398,-2.9398828,-0.5446434,0.43797892,0.39826924,0.0026092292,0.59428346,0.170562,0.32901,0.09087664,-0.9349456,0.091751084,0.5637045,0.9854075,-0.21688814,1.3900949,-0.4335603,0.39963096,0.7414385,0.024518657,0.55248564,-0.0781271,1.0703151,-0.7255208,0.92028296,1.2370942,0.75024164,2.7075574,0.53548616,-1.3910758,-1.6850522,1.1873258,-2.043038,0.2890919,0.84795076,-0.37064847,1.1462743,-0.89885485,-0.84966564,2.3865297,0.8294625,0.007803512,-1.4956913,-1.6568553,1.0527036,0.7631277,-0.44120544,-0.56840074,-0.86005294,0.1844803,-0.7145739,-0.6277707,0.22425771,0.3648361,0.47471246,1.1738538,-0.723175,0.550287,0.24852133,0.14871065,0.1103427,0.94579,-0.69207156,0.4332325,0.6130042,-0.13313802,-0.35380688,0.7155428,-1.241678,0.4529724,-0.21399848,0.8918599,0.898771,-0.8892328,0.3475835,-0.27044442,0.35540184,1.3673369,1.5633088,0.1267099,-1.9405098,-0.6044595,0.12566385,0.75257754,0.12096653,-0.3575181,0.9039895,0.42214084,-0.7025399,0.14700074,-0.084533714,-0.052006967,0.1661906,0.70273155,-0.056646716,0.42766604,0.30748916,-0.85090125,-0.6304495,0.11474945,0.18603517,-0.5520891,-0.6679859,-0.71783245,-1.2722242,0.120513774,0.53547496,0.40783438,-0.6918217,-1.0523523,-0.9470698,0.15015587,0.60798204,-1.1871293,-0.33359915,0.14634435,-0.5263008,0.6539067,-0.09425603,-0.37877077,0.71838784,0.6311971,-1.3489721,0.6526732,-0.16775388,0.42477793,0.76978266,-0.21043377,1.0650313,-0.5100473,0.1747239,-1.2552179,0.68202865,0.94449663,-2.1032524,0.70504504,-0.10592339,-0.54477465,0.6040011,-1.2304341,-0.35675356,-0.92529917,0.6882451,-0.11986371,-2.1189017,2.0338962,-1.8721386,1.6029568,-1.881477,-0.19875957,-0.2080867,-0.16186424,-1.3836869,1.0430229,0.5762578,0.3959363,0.1668207,0.3502003,0.69316345,0.26149616,0.5128268,1.0272615,-0.34374458,1.325455,-0.86908877,-1.8460233,0.07056832,0.811546,-1.1385715,-1.967548,-1.4766505,-0.3488751,0.70460516,-1.0250305,0.029066723,1.0281504,-0.23707835,0.83037823,-1.4097022,-0.43003097,0.065155946,-1.1860411,1.4539251,0.4919261,1.0526432,-1.0586164,-0.36015067,0.7884429,-1.7823073,-0.29708606,-0.22600594,1.8730894,0.78652394,0.89930165,0.77919674,0.5661727,-0.6893996,-0.5202733,1.0556924,-0.26572013,2.1517498,0.49078807,-0.9396266,1.3584777,0.29920226,0.8230322,-0.36814445,0.07266057,1.5436249,-0.3921458,-0.32004532,-0.22014955,0.08667113,0.10190477,-0.06449347,0.54243547,0.47057194,0.059516154,0.21208033,1.1775554,-0.25751513,-0.6080753,-0.7675794,0.76479185,1.191933,1.5045664,1.3199522,-0.44342154,-0.521639,-1.9287918,0.74057275,1.1399225,-0.045260407,0.35119885,-1.781533,0.44331264,0.40038642,-0.27074462,-0.7552511,-1.7464836,1.6729485,0.4988118,0.82732356,1.3022417,-1.0534675,-1.641475,-0.41008323,0.45044765,0.17621066,-1.1341442,-1.0039299,0.67936623,-0.50937414,1.5811708,0.30464777,0.4628604,0.16165967,0.03406602,1.0525347,0.3224432,-0.47441524,-0.25454155,-0.33805496,0.91959447,-1.5760736,-0.38456497,0.12411554,-2.1723373,0.9367924,-1.0034736,-0.16009685,-0.48775816,-0.33247814,-0.7798799,0.15752208,0.4200511,-1.2495792,-0.7625277,0.81503123,-1.4275343,-1.4349455,1.0928754,1.5054187,-0.8241061,-0.2032299,0.4514193,0.36548194,0.6324394,-0.5447128,-0.13786905,0.46089426,-0.2937653,-0.45841718,-0.26128784,-1.022143,-0.6022284,-0.052813113,-0.8751604,-1.7306356,0.95244944,0.6796137,-1.9206146,-0.48502788,0.23145239,-0.7092892,0.9006673,0.29727963,0.0039828657,-0.75329083,-0.6448673,-0.007149318,-0.15109882,0.5692894,-0.5703585,-0.47865868,0.5900749,-0.1984082,0.1102794,1.750623,-0.11685107,0.724303,0.7307361,0.25534624,-0.97418773,0.50456727,-0.74118215,-0.17206998,0.9115264,-1.1970869,-0.910567,1.3493831,-0.6047916,-1.2400702,-0.124627694,0.45961815,-0.2964869,0.38043457,0.73743886,0.9739671,1.4947994,0.8045948,1.7278442,-0.74999285,-0.39472824,-0.19807772,0.6513146,-0.91318357,-1.0266509,0.15915982,0.7907587,2.0151324,-0.26045743,0.5051466,0.74384874,-1.0242027,-1.2890617,0.46183246,0.25745374,0.03967338,-0.49181587,0.2337014,-0.8804116,-0.4123784,-1.8083702,-0.5351397,0.40895185,1.2706496,-0.9545256,-0.2307832,0.2807761,0.345449,-0.9033474,0.29312563,0.9997608,1.1773295,-0.50272655,-1.1879933,0.078375824,-1.0054663,-1.3351126,0.47559914,-0.61404026,-1.11394,-0.19571105,-0.2906807,-0.5499285,-0.9557341,-0.48801202,1.6187661,0.08871057,-0.42051873,0.22942063,-0.864423,1.5598322,-0.86811495,0.061158072,1.6749811,0.839311,-1.5334854,0.41623646,-0.73731124,0.47461239,-1.0581114,0.8574031,1.3290354,0.06568339,-0.323763,1.4153574,0.10821892,-0.11831312,-0.17482431,0.69169337,-0.08394791,-0.13877873,-1.7356884,1.0550239,-1.46436,-1.1732957,0.36078212,0.67537105,-0.6109568,-0.34341335,-0.03530035,0.25942007,0.95700663,-0.8553915,0.5417318,1.5888835,-0.21129219,-0.7424771,1.0959531,0.24259305,-0.5170527,-0.41474485,2.5931287,0.6776506,0.9415471,-0.8291108,-0.61503255,0.7173298,-0.5442554,-1.3456401,-0.9360571,-0.45105344,0.25614002,0.68752164,-0.24424724,0.99079406,-1.2294801,0.26554087,1.3770652,-0.93149865,-0.3972077,0.4585305,-0.5572937,-1.5243496,-1.0794953,0.15776737,0.78104246,-0.51167655,0.50389206,0.47563308,1.4851457,0.88914204,-0.20576358,-0.4220077,0.6141195,0.94870293,0.6908248,-0.46963137,-1.0784472,0.61821187,1.0748417,-0.6492177,0.10418922,-0.054042794,-0.060728025,-1.4992208,1.1990014,0.23081064,-0.518365,0.95111716,0.1839962,-0.16805726,0.5062413,-0.29295135,-0.070844494,0.3266453,-0.25642782,-0.08058677,0.38129705,-0.8979912,-0.24567823,-0.5829884,0.2513621,-0.64375436,0.7867382,-0.94001806,0.57954466,0.3465038,0.87776995,0.30883163,0.20329352,-1.0900147,-0.6883179,-0.93942153,1.6291997,1.0547123,-0.27289778,-1.1042066,-0.03344834,0.69016117,0.148126,-0.38582242,0.05378159,-0.077251405,-0.72497076,-0.04400579,-1.113454,-0.28034428,0.540999,0.64712507,-1.4380897,0.8769103,-1.7134516,1.1559805,0.14110002,-1.4003284,0.5693485,0.49625674,-0.6931971,1.7921371,1.2625765,0.39678046,0.36372858,0.88406765,1.0381558,-0.6449,-0.3846551,-1.246404,1.07761,1.2986647,0.6314838,-1.3224853,-0.35924083,1.0312049,-0.5931706,1.650943,-0.5105742,-0.034965407,-0.22794886,-0.4042615,-0.75630474,-0.41905898,-0.8498681,0.07584755,-1.3373574,0.27959877,-0.8008896,-0.6914791,1.160631,-0.7014341,0.17425606,-0.13570935,1.0750039,0.6892973,0.8174027,0.21421544,-0.9795704,0.19246449,-0.42395735,-0.4689092,0.11718414,-1.1381739,-0.07417996,0.14577766,1.0337806,2.0471294,0.3179311,-0.51725906,0.82756245,0.10004254,-0.092568874,0.3294721,-0.7947113,-0.71431637,0.0064875716,0.20763898,0.07516816,-1.3001325,-0.32850695,-0.043141704,0.91732234,0.7992224,-0.0013006916,0.13341796,1.0295138,1.8856128,0.52695996,-0.30900985,,,,,,,,,,,,,,,,,,,,,,,,,,,,,,,,,,,,,,,,,,,,,,,,,,,,,,,,,,,,,,,,,,,,,,,,,,,,,,,,,,,,,,,,,,,,,,,,,,,,,,,,,,,,,,,,,,,,,,,,,,,,,,,,,,,,,,,,,,,,,,,,,,,,,,,,,,,,,,,,,,,,,,,,,,,,,,,,,,,,,,,,,,,,,,,,,,,,,,,,,,,,,,,,,,,,,,,,,,,,,,,,,,,,,,,,,,,,,,,,,,,,,,,,,,,,,,,,,,,,,,,,,,,,,,,,,,,,,,,,,,,,,,,,,,,,,,,,,,,,,,,,,,,,,,,,,,,,,,,,,,,,,,,,,,,,,,,,,,,,,,,,,,,,,,,,,,,,,,,,,,,,,,,,,,,,,,,,,,,,,,,,,,,,,,,,,,,,,,,,,,,,,,,,,,,,,,,,,,,,,,,,,,,,,,,,,,,,,,,,,,,,,,,,,,,,,,,,,,,,,,,,,,,,,,,,,,,,,,,,,,,,,,,,,,,,,,,,,,,,,,,,,,,,,,,,,,,,,,,,,,,,,,,,,,,,,,,,,,,,,,,,,,,,,,,,,,,,,,,,,,,,,,,,,,,,,,,,,,,,,,,,,,,,,,,,,,,,,,,,,,,,,,,,,,,,,,,,,,,,,,,,,,,,,,,,,,,,,,,,,,,,,,,,,,,,,,,,,,,,,,,,,,,,,,,,,,,,,,,,,,,,,,,,,,,,,,,,,,,,,,,,,,,,,,,,,,,,,,,,,,,,,,,,,,,,,,,,,,,,,,,,,,,,,,,,,,,,,,,,,,,,,,,,,
ウ,0.7160406708717346,0.5496041178703308,1.0600578784942627,-0.4431724548339844,0.0448430813848972,0.3219568729400635,0.2715650498867035,0.0062799644656479,-0.6299976110458374,-0.2329137921333313,0.5505568981170654,-0.5564342141151428,-0.2968236804008484,-0.1863660514354705,0.32614865899086,0.0199595429003238,-0.1589935719966888,-0.4174444079399109,0.3077236413955688,-0.4441926181316376,-1.435692310333252,-0.5543021559715271,-0.1952914595603943,0.1669474244117736,-0.3150492012500763,-0.4724974632263183,0.2600679993629455,0.0922654122114181,0.3445742428302765,-0.343114972114563,-0.6205287575721741,-0.1694863736629486,0.0276246853172779,0.1345271468162536,-0.5564649701118469,0.5066118240356445,0.0104094464331865,-0.3863275647163391,0.7529186010360718,0.190581202507019,-0.0434430949389934,-0.0062533719465136,-0.1106757670640945,-0.0010885586962103,-0.2329510599374771,0.1116471886634826,0.1652374267578125,0.3185009360313415,-0.0247206445783376,-0.4215655922889709,-0.8240092396736145,0.5963747501373291,0.3773230612277984,-0.0269231144338846,0.1930460333824157,-0.2094836086034774,0.954737663269043,-1.0668796300888062,0.130802184343338,0.3891322314739227,-0.6298655867576599,-0.3246212005615234,0.4780248403549194,-0.1246212720870971,-0.186718076467514,0.2396682798862457,0.023499870672822,-0.0045924559235572,0.492657870054245,-0.536670446395874,0.445383220911026,0.137165293097496,-0.1062554866075515,-0.7000160217285156,0.588559627532959,-0.2727632224559784,0.112935334444046,0.3397274315357208,0.1951669007539749,0.0292498487979173,0.1833639442920684,0.1893945634365081,0.1850089281797409,-0.4678379893302917,-0.4566177427768707,0.1382855623960495,-0.7634050250053406,-1.0278390645980835,0.5832114815711975,-0.3624027371406555,0.033557940274477,0.273272693157196,0.3222914934158325,-0.1099065691232681,0.4741979241371155,0.2392270714044571,0.0166855566203594,-0.0043402756564319,-0.3339742422103882,0.031827837228775,-0.3185054659843445,0.0691365972161293,0.1393540650606155,-0.4681010246276855,0.1093716472387313,-0.1714517027139663,-0.3932948112487793,0.5831077694892883,0.3211843073368072,0.2408215552568435,-0.3932655453681946,-0.3886343240737915,-0.544151246547699,-0.2606160640716553,0.48261159658432,0.0443647839128971,-0.5017679333686829,0.6238043904304504,-0.3327780663967132,0.5301656126976013,0.1648320406675338,0.3450007140636444,-0.046100802719593,-0.4880585074424743,-0.1340521574020385,0.6939308643341064,0.2395305931568145,-0.0871166661381721,0.2279672026634216,-0.1759323179721832,-0.1812437176704406,-0.7236559987068176,-0.0606303624808788,-0.1284232586622238,-0.4148086905479431,0.7964227795600891,0.3081644177436828,0.0459326207637786,0.2721553444862366,-0.5111276507377625,-0.5176360011100769,-0.2339594066143036,0.4802360832691192,-0.6775243282318115,0.1863149553537368,0.4573135673999786,-0.3242950141429901,-0.2710474133491516,0.719058096408844,0.344485729932785,-0.0405073091387748,1.221623778343201,-0.5083168148994446,-0.0042150439694523,-0.1091043278574943,0.5945374369621277,-0.7333052158355713,0.3256069421768188,0.537666380405426,0.4378291070461273,0.7361007332801819,-0.0103426575660705,0.0524857640266418,0.4433907568454742,0.0224078278988599,0.2883355915546417,0.1595441699028015,-0.4797025620937347,-0.3036799728870392,0.4212587773799896,0.1494921743869781,0.548896074295044,0.3409509360790252,-0.0871381014585495,-0.3950188457965851,0.1619779616594314,0.8203318119049072,-0.1802835911512375,0.2675783336162567,-0.7529749870300293,-0.2787104547023773,0.1595818102359771,0.562970757484436,-0.6086323857307434,0.4922395646572113,-0.0607765987515449,0.0525845624506473,-0.1430233120918274,-0.1919663548469543,0.0997748300433158,-0.3555605113506317,-0.5002982020378113,0.5069612860679626,-0.5319347977638245,-0.3023192584514618,-0.4192430675029754,0.3326950073242187,0.1380854696035385,-0.4933838248252868,0.6112861037254333,0.3284007012844085,0.1616570353507995,-0.1621584892272949,-0.5787858963012695,-0.9845398664474488,-0.0654933899641037,-0.0381376333534717,0.2911118865013122,0.2583819925785064,0.3827478885650635,-0.5706953406333923,0.0709239393472671,0.0739507302641868,0.2867769598960876,0.6943717002868652,0.3660307824611664,-0.2548193037509918,-0.4564126431941986,-0.0378085523843765,-0.0454684756696224,0.1466283947229385,-0.2530595660209656,0.3082716763019562,0.1777791380882263,0.0423457957804203,0.1954853534698486,0.1800612956285476,-0.4829595685005188,-0.4469911456108093,0.4224537014961242,-0.5547980070114136,-0.6095532178878784,-0.2875030934810638,-0.0714776515960693,-0.6480852365493774,-0.5900214314460754,-0.388478547334671,-0.0270618125796318,-0.2967996299266815,0.5098548531532288,-0.22074955701828,-0.3468151390552521,0.4216444194316864,-0.3038881123065948,-0.2978987097740173,0.3927764594554901,-0.0596282370388507,0.0485152229666709,-0.271362692117691,-0.1802142113447189,-0.4851191937923431,-0.550102710723877,-0.1460640579462051,-0.0548247061669826,0.3206359446048736,0.4962250292301178,0.4854024350643158,-0.2992788553237915,0.3813333511352539,-0.3735303878784179,-0.4477134048938751,-0.5849761962890625,-0.1867894977331161,-0.1529820263385772,0.0660977810621261,0.1695452481508255,-0.0759079530835151,-0.3525299727916717,-0.7251498699188232,-0.4507409930229187,0.0721923410892486,-0.0167071856558322,-0.0582984127104282,-0.1752388924360275,0.1764365881681442,0.088075466454029,0.1377533078193664,0.4123290479183197,-0.4051860272884369,-0.0089038852602243,-0.2578047215938568,0.5319944024085999,-0.6913993954658508,0.1426066905260086,0.0091378083452582,0.4740738272666931,-0.6846185922622681,0.0018326811259612,-0.4535423517227173,0.7378843426704407,0.5011321902275085,-0.5561357140541077,0.0602494962513446,-0.1660566180944442,-0.9421035051345824,-0.2076736837625503,0.6045069694519043,-0.0015955511480569,0.4080990850925445,-0.1184548586606979,0.392930656671524,0.4433785676956177,0.8906248211860657,-0.0674004629254341,-0.0112778441980481,-0.3926476240158081,0.1577012240886688,0.18877674639225,0.5445039868354797,-0.1628527790307998,0.2813944816589355,0.5108756422996521,-0.6430280208587646,0.3158159852027893,0.840604305267334,0.4549330472946167,-1.77802836894989,-0.315490573644638,0.509924590587616,0.1881543546915054,-0.3583788871765136,-0.2123126238584518,0.2246962636709213,0.3304974436759949,-0.335794448852539,-0.4867393374443054,1.282496452331543,0.2578581869602203,0.1956936717033386,-0.4181706011295318,0.1126364842057228,-0.0562515445053577,-0.1417088061571121,-0.5214462280273438,0.3383252024650574,0.4104311168193817,-0.7612400054931641,-0.0065445792861282,-0.2192858457565307,-0.3208435773849487,-0.5579304099082947,0.3383762538433075,-0.6222559809684753,-0.0154126929119229,-0.3610038161277771,-0.1238558292388916,0.0644548162817955,1.1989210844039917,0.8737666010856628,0.1136054247617721,-0.7855727672576904,-0.187774196267128,-0.0542365722358226,-0.3299339711666107,0.1715893447399139,-0.0471077673137187,-0.1403587460517883,-0.1254177391529083,0.349879503250122,0.1097924038767814,0.1692365705966949,-0.0903558135032653,-0.6123674511909485,-0.1054280996322631,-0.1606510132551193,0.7271825075149536,0.9391486644744872,0.14202481508255,-0.0107327075675129,0.541143000125885,0.9442161917686462,0.3771333396434784,0.1176036745309829,-0.6484299302101135,-0.3322542309761047,-0.4627679288387298,0.0766859427094459,-0.2493514865636825,-0.4175941050052643,0.5562111735343933,-0.149287611246109,0.0368744879961013,0.1740822345018386,-0.8228632807731628,0.4122907519340515,-0.5090331435203552,-0.2347524166107177,-0.2065445333719253,-0.1703664511442184,-0.4299764633178711,0.7415841221809387,0.2431784123182296,0.3587514758110046,-0.3153972923755646,-0.9576084613800048,0.662799596786499,-0.1861715912818908,-0.1347865611314773,0.1952444016933441,0.1569215804338455,-0.0130145577713847,0.1553108692169189,-0.0591698288917541,-0.3216509222984314,-0.8687087297439575,-0.3008919656276703,-0.4204065799713135,-0.0636451244354248,-0.0857962518930435,0.6063085794448853,0.0167367029935121,0.1617683470249176,0.2566567361354828,0.3890993893146515,-0.1402439773082733,-0.2968016266822815,-0.5630148649215698,0.4061540067195892,0.3248182237148285,0.9648025631904602,0.4040554761886596,0.0078669795766472,0.523979902267456,0.0174883659929037,0.0857487842440605,0.1283589303493499,-0.6166248917579651,-0.4257988929748535,0.9454864859580994,-0.4247202277183532,-0.2155346870422363,0.3162325918674469,0.1190092638134956,0.5508721470832825,-0.3955748677253723,-1.002431869506836,0.5232201814651489,-0.32157102227211,0.2513957917690277,1.0220986604690552,0.245553657412529,0.1295281499624252,0.2352876216173172,0.0230562891811132,-0.4232050478458404,-0.2769336402416229,-0.3289223313331604,-0.509810745716095,0.4113638401031494,-0.1826494336128235,0.6000717282295227,0.4723854959011078,0.5991536378860474,-0.0493774935603141,0.3512018322944641,0.2943974733352661,-0.5445080995559692,0.4768691956996918,0.6148988604545593,0.3768306672573089,-0.2980268001556396,0.4510954320430755,-0.4618158936500549,0.0261024199426174,-0.2566526234149933,-0.2924006581306457,1.0113605260849,-0.0366128347814083,0.5851088762283325,-0.7223637104034424,-0.3120304346084595,-0.4959334135055542,-0.4941413402557373,-0.192767396569252,-0.2274348884820938,0.075365774333477,0.2839587926864624,-0.3671100735664367,-0.6587124466896057,0.2883949875831604,0.5989701747894287,0.4797096848487854,-0.0510609298944473,-0.306638240814209,-0.2423850893974304,0.1443103551864624,-0.7134082317352295,-0.5081197619438171,0.575716495513916,0.1336457133293151,-0.3493250012397766,-0.8854405879974365,-0.3180863857269287,-0.1379755288362503,0.1805661469697952,-0.4811800122261047,0.0465103425085544,-0.290102869272232,-0.7400475144386292,-0.273175984621048,-0.4847550988197326,-0.1200441569089889,-0.6421060562133789,-0.3723041415214538,-0.2524562776088714,-0.4793320596218109,0.0046251476742327,0.6948128938674927,0.7403450012207031,-0.4985497891902923,-0.2380929142236709,0.1256924271583557,0.1686508506536483,-0.2385175079107284,0.1640942096710205,-0.3254446983337402,-0.15774767100811,-0.5756934881210327,0.2040051966905594,-0.2761629521846771,-0.0652704909443855,-0.0876909717917442,-0.7345484495162964,-0.4659005403518677,0.0324366055428981,-0.8098662495613098,0.1941544115543365,-0.0571203343570232,0.9315574169158936,-0.5274169445037842,0.1283146440982818,-0.0506936982274055,-0.2374493926763534,-0.5599507689476013,0.5276247262954712,-0.3125468492507934,-1.1585813760757446,0.3610887229442596,0.1456747502088546,-0.4961353838443756,1.2421517372131348,0.209113210439682,-0.6299748420715332,-0.1049925908446312,0.1299864202737808,0.1624376773834228,-0.2304719090461731,0.148638442158699,0.0389331430196762,0.3440857827663421,0.4437224268913269,-0.4375099241733551,0.6193323135375977,-0.0035915866028517,-0.2298985421657562,-0.1354523450136184,0.3424294590950012,0.344156265258789,0.6829055547714233,0.12941475212574,-0.6262499690055847,-0.2232080549001693,-0.325437992811203,-0.0677823722362518,-0.0049347216263413,0.3359613120555877,-0.5255427360534668,0.8923746943473816,0.5958791375160217,-0.5636972188949585,0.3588937222957611,1.2114043235778809,-0.0423423871397972,1.0033893585205078,0.1732223331928253,0.0411442294716835,-0.6278747916221619,0.1510212868452072,0.0785162672400474,0.1135732382535934,-0.0704819783568382,0.0616788268089294,-0.2950425446033478,-0.2071893513202667,0.8606039881706238,-0.121087297797203,-0.3264497816562652,0.0848917290568351,0.2585770785808563,-0.2899852097034454,0.8567606806755066,0.3068051636219024,-0.0136516513302922,-0.1718943417072296,0.3325474560260772,0.6210667490959167,1.231739163398743,-0.4219981729984283,0.3740526735782623,-0.3315471112728119,-0.5471270680427551,0.1436841785907745,0.1501275300979614,-0.086452841758728,0.6012153625488281,-0.6972745656967163,-0.080488696694374,0.7731828093528748,0.2369479686021804,0.0300097912549972,-0.0737051516771316,-0.507893443107605,0.1773186177015304,-0.4614638090133667,-0.1801935732364654,0.0458078272640705,0.3561922907829284,0.7271630764007568,0.4086967706680298,-0.1531369239091873,-0.0661972314119339,0.8011471033096313,-0.0996110737323761,-0.4934886693954468,-0.0796970874071121,-0.1862915009260177,0.0393057391047477,-0.0520649850368499,0.3480192124843597,-0.0210816878825426,-0.2200969457626342,0.696488618850708,-0.226593941450119,0.0158699993044137,-0.2685171365737915,0.3712647557258606,0.1123125925660133,-0.1102825403213501,0.2151762098073959,-0.2132675051689148,0.2190783023834228,-0.0080466317012906,-0.8187978267669678,0.0576216056942939,0.149572268128395,0.0899965018033981,-0.5050914883613586,0.0059439134784042,-0.469350129365921,-0.3574584424495697,-0.1228241100907325,0.1757557243108749,-1.184923768043518,-0.7962396144866943,0.4043115377426147,-0.011384311132133,-0.2222319096326828,-1.394122838973999,0.6045659780502319,0.3704037368297577,-0.0332081988453865,-0.189859390258789,0.2785438597202301,-0.0624178387224674,-0.202721819281578,-0.1569465845823288,-0.201258510351181,0.3423085212707519,-9.881769180297852,0.1127707585692405,0.0250407438725233,-0.6226008534431458,-0.2768200933933258,-0.1419197618961334,1.0979472398757937,0.8698919415473938,-0.1874127089977264,0.4062471985816955,-0.2014871686697006,-0.032834593206644,0.4222115576267242,0.6477712392807007,0.0165358241647481,-0.0757811218500137,-0.2083810418844223,0.1534511595964431,0.1103512644767761,-0.0812371745705604,-0.6076298952102661,-0.3319518268108368,0.7044028043746948,0.2135204225778579,0.3321336805820465,-0.5609503388404846,-0.5385086536407471,0.7213151454925537,0.0239347964525222,0.2181130796670913,-1.00224506855011,0.2961472272872925,0.1261317133903503,0.414044439792633,-0.1122713387012481,0.3906683623790741,0.1047024503350257,0.8875852227210999,-0.0642447471618652,0.1892401129007339,0.1089766845107078,0.4443552494049072,0.0705834999680519,0.0431388765573501,0.3937809765338897,-0.0631690770387649,0.0285484418272972,0.4789966642856598,0.8089115023612976,-0.2491255849599838,-0.4232617020606994,-0.2744500041007995,0.4650739133358001,-0.2509323358535766,0.1578381657600402,-0.0456525050103664,0.6443071961402893,-0.9439181089401244,0.1452423185110092,0.1493725925683975,0.3029784858226776,0.556549608707428,0.6303580403327942,0.7066295146942139,-0.1501513719558715,0.4653829634189605,0.5707411170005798,0.0543890185654163,-1.228846788406372,-0.416785180568695,0.3502748012542724,0.3190977275371551,0.2799139320850372,0.202869564294815,0.1534282565116882,0.3137082159519195,-0.2311029434204101,0.1965452134609222,0.2695147693157196,0.1904399096965789,0.6270903944969177,-0.4208428859710693,0.1835490614175796,0.6611534357070923,-0.5122352838516235,0.3420845568180084,0.2134129106998443,-0.2768934667110443,0.2211164534091949,-0.5829900503158569,0.6009411811828613,0.1985925585031509,-0.5658319592475891,0.4262440502643585,0.4988217055797577,-0.1246670633554458,-0.0260311178863048,0.0708031207323074,0.206412062048912,-0.3707110583782196,-1.0245138,-0.122181185,0.82225144,1.0765059,-0.99402386,-0.7288728,-1.4583946,0.38493693,1.1146337,-0.34401032,-0.1710667,-0.2536236,-1.1315827,2.2470286,-0.7328433,-0.18926337,1.1258479,-0.7547245,0.3960939,-0.14122427,0.22132923,0.35416424,0.98278224,-1.28399,1.019424,0.36244902,0.054240517,-0.34477618,-0.10808641,-0.32330543,0.4152436,-0.46259597,-1.2670181,-0.26985523,0.29714948,-1.1644564,-1.3535885,0.98424697,0.1263241,-0.33289108,-1.1985557,1.260003,-0.11599217,-0.26206928,-0.60132,-0.6376103,1.5838742,-0.3443858,0.4346892,-0.51466906,-0.6129602,-0.2437115,0.5864346,1.034854,0.3398984,-0.23618981,0.6083073,1.1937835,0.13943028,-0.7564303,0.57959616,0.82226205,-0.9173144,-0.24327858,0.5937696,0.94909394,-0.009852064,-0.08612211,0.016599014,-0.16396648,-2.0624418,-1.1607941,0.285263,1.3259532,-1.3499813,0.7619152,0.027105048,-0.9857309,0.3470288,0.10973672,-0.030826492,0.33789933,-0.57877606,1.3818729,-0.5105324,-0.521162,-0.66545546,-0.8334085,-1.3447821,0.14688054,-0.111844786,-1.7881731,-1.2888485,-1.8954682,1.8065672,-0.3057919,-0.81008905,-0.756017,-1.2455199,-0.012370802,-0.5336913,1.4403753,-0.46129203,0.15011802,-1.073343,-0.5495483,-0.4830678,0.07136884,-0.49087533,0.5922229,-0.6485221,0.36571023,0.9640151,2.05016,1.0945579,0.737606,-1.3904456,-0.8358495,-0.52006644,0.28042856,1.5171382,0.011147633,-0.83200014,0.7113873,0.2487652,0.9539563,-0.12279245,-0.2973138,0.3713181,-0.30724746,0.9496424,-0.39852598,1.8336229,0.92148864,-0.9956629,-0.57934153,-0.32031792,0.52994394,0.42792463,-0.58396584,-0.6382949,0.0028547943,-0.17208408,-0.16167179,0.5455325,-1.4810494,0.20567217,0.9682908,1.6317136,-0.34381473,-0.14481835,-0.22714837,-1.1780214,0.8868278,0.96471745,0.19694576,-0.2554463,0.37659296,-1.3731668,1.1756499,-0.20484293,1.4680012,-0.46327665,0.4679966,-0.20173454,1.0055091,-0.6223669,0.57470644,-1.2940725,-2.40802,-0.6046217,0.4588083,0.75489444,-0.07785185,0.6031815,-0.50902236,0.6040218,0.08559291,-0.7260436,0.09663627,0.5413965,0.87996113,-0.3577959,1.5548241,0.06110292,0.7986777,0.5503824,0.46186855,0.4887908,0.14908394,1.0750502,-0.8025532,0.92115533,0.87752104,1.1625007,3.0441957,0.24671723,-1.4370948,-1.2851769,1.0923238,-2.316376,-0.25588316,0.5817337,-1.0233283,0.9803515,-0.68764424,-1.0312471,1.9275371,0.47541413,0.06410541,-1.6123798,-1.1681789,0.6588866,0.37317267,-0.45679757,0.014380828,-1.0884994,0.1446171,-0.5953835,-0.3293689,0.4833483,0.9205818,0.9322318,1.2916547,-1.4022934,1.0005145,0.1453276,0.4109609,-0.028108865,1.0347663,-0.92108893,0.63252413,0.5372444,0.050087452,-0.58160776,0.57322776,-0.45032093,0.6633047,-0.097884096,0.6134081,0.24203171,-0.6521944,0.3732138,-0.1853772,0.39713803,1.1396401,1.6066784,-0.23815194,-1.5950089,-1.1612625,0.20089999,0.75773525,0.65517044,0.4383432,0.6508016,0.656274,-0.59364897,-0.14495108,-0.41016194,0.25179324,-0.06749198,0.49543166,0.14090787,0.29445332,0.8868419,-0.78157467,-0.8607724,0.060396552,-0.12612295,-0.7327073,-0.9247612,-0.62878203,-1.1071945,0.40154624,0.21126284,0.53530896,-0.8437693,-0.88044417,-0.70201135,0.41330582,0.7377021,-1.3121693,-0.122118294,-0.026614849,-0.42924213,0.63141626,-0.28243157,0.11289174,0.12635858,0.574309,-1.5759946,0.99121976,-0.32940346,0.8190307,1.5660937,-0.16890548,1.0454707,-0.18681325,0.5235928,-0.8611233,0.5823483,0.8122421,-1.19511,0.5274583,-0.113664135,-0.4257001,0.9555815,-1.4243625,0.0006345436,-0.5097393,0.6756393,-0.014029428,-1.6277858,1.4438918,-1.7884886,1.3693238,-1.9413633,-0.577876,-0.89327335,-0.7276117,-1.7570474,0.8845706,0.5423196,0.26224476,0.03576672,0.09880756,0.03947128,0.29943228,-0.019753024,1.1661072,0.24232796,0.58204055,-0.8339099,-1.3584116,0.033461228,0.24340028,-0.9837252,-1.1598363,-1.7770224,-0.122982964,0.21743184,-0.60202485,-0.3608664,0.7567625,-0.51367164,0.66291505,-1.1409547,-0.47409046,0.33829278,-0.62488055,1.4990613,-0.19763125,1.2510626,-1.3144943,-0.019885115,0.6136416,-1.6164085,-0.57943976,-0.40333018,2.031109,0.6616953,0.4733662,0.619486,0.6137358,-0.26193404,-0.45902097,1.1278627,-0.36553115,2.0964425,0.4567541,-0.46307418,1.8914359,-0.04622511,0.6301583,-0.47344652,-0.33765984,2.0155604,-0.42638227,-0.5587365,-0.0751534,0.05217,0.048346996,0.17712119,0.68583393,0.52682984,-0.25809127,0.73636675,0.8527369,-0.6508702,-0.89472544,-0.61090636,0.66059124,1.1022009,1.3790646,1.7430456,-0.67711836,-0.7879852,-1.7747873,0.26958492,1.4996948,0.29153785,0.40655214,-1.4610944,0.2711116,0.290309,0.11708366,-1.4445366,-1.5524827,1.8264356,0.61859024,0.49653435,1.4345857,-1.1391441,-1.4570717,-0.6281115,0.47199005,-0.24502705,-1.1824312,-1.1036193,0.24008475,-0.6165991,1.5415353,0.41448152,0.59404296,-0.39443442,-0.340789,0.4086784,0.502658,-0.81263745,-0.9299239,0.08011121,0.48121926,-1.5081364,-0.79874164,0.49689734,-1.9049108,1.0363204,-0.55015135,-0.23296687,-0.2782097,-0.44077617,-0.7843531,-0.41599852,-0.14096041,-0.837775,-0.45473868,0.37842572,-1.4254391,-1.3516803,0.94645214,1.48889,-0.81681144,0.21009696,0.69132936,0.37878495,0.447256,-0.32908618,-0.719437,0.17452595,-0.19955865,-0.334868,0.14066605,-1.3686204,-0.51052666,0.6305679,-0.96139956,-1.1931157,0.8423773,0.8834921,-1.9076359,-0.26153016,-0.08547383,-0.9490845,0.86237985,0.51377153,-0.5313189,-0.14911753,-0.59740245,-0.04818406,-0.09086574,0.7109931,-0.27595398,-0.37417302,0.7838365,-0.80334795,0.03154333,1.8866197,0.26055032,0.84093475,1.2235682,0.027360193,-0.5024246,0.7979827,-0.2909812,-0.06702049,0.6845195,-1.2587605,-0.944741,1.7287238,-0.3457265,-0.9486805,-0.19940265,0.32684398,-0.23796697,0.35829657,0.22679484,1.0434206,1.6506418,0.95224583,1.5752836,-0.3091296,-0.39212716,-0.7306649,0.63302994,-0.9991685,-0.8263424,0.22378556,0.78440374,2.3809154,-0.8469373,0.13640213,1.0468078,-0.8612916,-0.9377818,0.53786653,0.26038757,-0.23062886,-0.42324436,0.10557273,-1.4262401,-0.08072455,-2.3581204,-0.21633083,0.5304333,0.8443066,-0.96956885,0.021754086,1.0281377,0.24099958,-0.96222246,-0.04594855,1.2274399,1.4086266,-0.27627257,-0.73442364,0.45799345,-0.8729601,-1.8047024,0.14866331,-0.80378586,-0.9841769,0.4985192,-0.13887066,-0.4581398,-0.84691155,-0.66069055,1.1337444,0.2524074,-0.6204737,0.7734948,-0.93985033,1.8058002,-0.43795115,-0.7686486,1.1287667,0.95185137,-1.0650913,0.080685675,-1.1340047,0.6568636,-0.4510296,0.5481118,0.98583037,0.778137,-0.38327783,1.2090116,-0.20487499,-0.17821784,-0.6988595,0.814658,-0.17726329,0.034603685,-2.0307553,0.8749347,-1.525362,-1.0875863,0.42011467,1.013237,-0.54163694,-0.1153148,-0.8553889,0.74326533,-0.10328886,-1.4593782,0.54446864,1.9722602,-0.47446948,-0.7107043,0.5639594,0.6004175,-0.5708255,0.008222349,2.3308244,0.5317759,0.82122296,-1.0155833,-0.5504653,0.7863972,-0.48665142,-1.2617421,-0.347164,-0.5506661,0.40334085,0.24317864,-0.45335895,0.70444924,-0.41966417,0.42444545,1.2554343,-0.5603059,-0.2723878,0.20258255,-0.6376062,-1.0056998,-1.688311,0.4754379,0.82268465,-0.7018372,0.59774,0.3739208,1.6584637,0.7891036,-0.6781783,-0.66646874,1.2039526,0.7997786,0.7277203,-0.6970136,-1.0067384,0.7067615,1.1182557,-0.649176,0.18671164,-0.58146334,-0.49731815,-1.5283036,0.9798928,0.6072185,-0.04079009,0.86156553,0.30017012,0.08533493,0.8616492,-0.7512633,0.77303886,-0.46018228,-0.36054575,-0.44351387,-0.09674876,-0.5007038,-0.40629366,-0.8295378,-0.059996013,-0.5847528,0.8775552,-1.1779155,0.69013643,0.16354111,0.4621917,0.13084084,-0.01978369,-0.9735526,-0.39958996,-0.7400149,1.8672879,1.0691153,0.12193516,-1.2776959,0.2709039,1.1519389,0.407242,0.016537596,0.10528736,-0.16319445,-0.8399159,-0.38984656,-1.0920522,-0.6682879,0.6805166,0.82779366,-1.0379058,1.2972076,-1.537154,0.80162096,-0.376892,-1.3332253,0.21122327,0.16604191,-0.65279776,1.7293041,0.98332155,-0.11161786,0.19392379,0.7341,0.6021584,-0.28226894,-0.1556887,-1.4742973,1.222182,1.2994546,0.43062726,-0.9812399,-0.20527212,0.72016245,-0.2408828,1.763243,-0.4439639,-0.6948332,-0.69073373,-0.28994104,-0.7218998,-0.6234068,-0.7552291,0.44225478,-1.4215252,0.5148453,-0.44201875,-0.89611065,0.8092202,-0.6438396,0.7863492,-0.104762435,0.943561,0.9597128,1.1803516,0.6648216,-1.0286217,-0.15532076,-1.1367078,-0.8037506,0.30256632,-1.3700405,0.027452834,0.45732674,0.75988436,2.0382428,0.31639746,-1.022687,0.60484415,-0.09807264,0.65524966,0.21723643,-1.2196877,-0.14219368,0.06599645,0.59550714,0.21484075,-0.9853524,-0.5426255,-0.14123568,0.8575409,0.241502,0.73105663,-0.38407463,0.51749945,1.6340724,0.7243463,0.081488304,,,,,,,,,,,,,,,,,,,,,,,,,,,,,,,,,,,,,,,,,,,,,,,,,,,,,,,,,,,,,,,,,,,,,,,,,,,,,,,,,,,,,,,,,,,,,,,,,,,,,,,,,,,,,,,,,,,,,,,,,,,,,,,,,,,,,,,,,,,,,,,,,,,,,,,,,,,,,,,,,,,,,,,,,,,,,,,,,,,,,,,,,,,,,,,,,,,,,,,,,,,,,,,,,,,,,,,,,,,,,,,,,,,,,,,,,,,,,,,,,,,,,,,,,,,,,,,,,,,,,,,,,,,,,,,,,,,,,,,,,,,,,,,,,,,,,,,,,,,,,,,,,,,,,,,,,,,,,,,,,,,,,,,,,,,,,,,,,,,,,,,,,,,,,,,,,,,,,,,,,,,,,,,,,,,,,,,,,,,,,,,,,,,,,,,,,,,,,,,,,,,,,,,,,,,,,,,,,,,,,,,,,,,,,,,,,,,,,,,,,,,,,,,,,,,,,,,,,,,,,,,,,,,,,,,,,,,,,,,,,,,,,,,,,,,,,,,,,,,,,,,,,,,,,,,,,,,,,,,,,,,,,,,,,,,,,,,,,,,,,,,,,,,,,,,,,,,,,,,,,,,,,,,,,,,,,,,,,,,,,,,,,,,,,,,,,,,,,,,,,,,,,,,,,,,,,,,,,,,,,,,,,,,,,,,,,,,,,,,,,,,,,,,,,,,,,,,,,,,,,,,,,,,,,,,,,,,,,,,,,,,,,,,,,,,,,,,,,,,,,,,,,,,,,,,,,,,,,,,,,,,,,,,,,,,,,,,,,,,,,,,,,,,,,,,,,,,,,,,,,,,,,,,,,
ツ,0.5930546522140503,0.6319737434387207,1.0374304056167605,-0.3383469581604004,-0.3173145055770874,0.1539123505353927,0.3153692781925201,0.1515471637248993,-0.4578653573989868,-0.2202220112085342,0.5763997435569763,-0.3914760649204254,-0.1334523111581802,0.279024213552475,0.3356066644191742,0.1374870091676712,0.261563777923584,-0.228357583284378,0.0492620840668678,-0.7415341734886169,-0.9501937627792358,-0.612515389919281,-0.4344922602176666,0.4547875821590423,0.0751314908266067,-0.2520163059234619,-0.4934850931167602,0.6057757139205933,-0.1709099560976028,-0.6646323800086975,-0.3495495319366455,-0.1441269516944885,-0.0062627103179693,-0.2704456448554992,-0.4186931848526001,0.3660819232463836,-0.0908106416463851,-0.167567566037178,0.2112042009830474,-0.3609657287597656,-0.0011444424744695,-0.2149135321378708,-0.4878867268562317,0.2321127206087112,-0.4773766100406647,0.6705694198608398,-0.0940615907311439,0.1549710631370544,0.2920421063899994,0.0608545802533626,-0.301110178232193,0.6008332967758179,-0.1358134150505066,0.0839150249958038,0.4559266269207001,-0.4414195418357849,0.2604157924652099,-0.4718002080917358,-0.1638858616352081,0.1065220534801483,-0.1598249673843383,-0.117468774318695,0.4507288932800293,0.1673110127449035,-0.1664277017116546,-0.2495895326137542,0.2202233672142028,-0.1808768361806869,0.1080668717622757,-0.9672194123268129,-0.1319510638713836,-0.0258802082389593,-0.1504610329866409,-0.4684182703495025,0.4988673627376556,0.0243514459580183,0.0468619428575038,0.281541645526886,0.3764991760253906,0.0390359312295913,-0.0303812641650438,0.5560542941093445,0.2749850749969482,-0.651585042476654,-0.1586238443851471,0.2885416150093078,-0.5720490217208862,-0.9294161200523376,0.2649970650672912,-0.2499710768461227,0.1539921909570694,0.0467643775045871,0.1222413778305053,0.1437198668718338,-0.0880763903260231,0.0817514434456825,-0.0137730427086353,0.0303064100444316,-0.1829750686883926,0.2707027494907379,-0.1065154671669006,0.1084117665886879,0.2143130898475647,-0.4609081149101257,-0.1057035401463508,0.4346997737884521,-0.3124888837337494,0.1877999454736709,0.2352217584848404,0.0921714007854461,-0.1803275495767593,-0.1840845793485641,-0.7123745679855347,0.1502789556980133,0.276150643825531,0.174813911318779,0.0092162927612662,0.3546351790428161,-0.4534464478492737,0.4601621031761169,0.0543807819485664,0.4500854909420013,0.1634600013494491,-0.5355239510536194,-0.2583604454994201,0.4782887399196625,0.1057405769824981,-0.0972614884376525,-0.3854002952575683,-0.0368733704090118,-0.514321506023407,-0.1660285741090774,-0.2616156935691833,-0.2344823181629181,-0.1488438099622726,0.975131094455719,0.0155135244131088,0.0206181351095438,-0.0267561897635459,-0.0891184881329536,-0.6971913576126099,0.3064770698547363,0.1040750816464424,-0.3078424334526062,0.2364470064640045,0.0845491215586662,-0.6164693236351013,-0.0115081584081053,-0.0982868075370788,0.4136125445365906,-0.235832080245018,0.9884220361709596,-0.7586669921875,0.4721824824810028,0.3416218757629394,0.2273471504449844,-0.4137569367885589,0.0671729147434234,0.2239904552698135,0.2378989607095718,0.3375002145767212,-0.3559703230857849,0.247457280755043,0.5228894948959351,0.1553430408239364,0.3290236294269562,0.676953911781311,0.103399820625782,0.1686213165521621,0.62786465883255,0.2534085512161255,0.4748419821262359,0.4065767228603363,-0.2254323065280914,0.1255124062299728,0.1808753758668899,0.3665626943111419,0.0411012805998325,0.0633999481797218,-0.3038116693496704,0.4024868905544281,0.2254656553268432,0.3915956318378448,-0.3898278176784515,0.1647123843431472,-0.0910687670111656,-0.0617955885827541,0.0792720392346382,0.0214447602629661,-0.0055477647110819,-0.1618338823318481,-0.1388651579618454,0.3173314034938812,-0.3409028053283691,-0.1761266440153122,-0.6223565340042114,0.0821443051099777,0.0842387229204177,-0.567101240158081,0.241387128829956,0.0837173238396644,0.0320969186723232,-0.0850063040852546,-0.6650980710983276,-0.9847548604011536,0.0360095836222171,0.2418181151151657,0.608451783657074,0.8069567680358887,0.2817661762237549,-0.0929860472679138,0.0025327710900455,0.4189474284648895,0.1991522014141082,0.485445111989975,0.1928444653749466,-0.3371909856796264,-0.4526413679122925,0.0030248225666582,-0.2514255344867706,0.3635325133800506,-0.0099133113399147,0.2246678471565246,0.0934928953647613,0.3120204508304596,0.5910230278968811,0.2896163165569305,-0.3115378618240356,-0.1828919202089309,0.1783300340175628,-0.4448637664318084,-0.4783354699611664,-0.6947966814041138,-0.2774333655834198,-1.0658609867095947,-0.0827516540884971,-0.1445768922567367,0.4428964853286743,-0.3884681761264801,0.1798025071620941,0.0841944590210914,-0.2345711141824722,0.1725807636976242,-0.6224339008331299,-0.0922546982765197,0.2920223474502563,-0.2571264207363128,0.0242164116352796,-0.225935161113739,0.0769189149141311,-0.1192925572395324,-0.6405526399612427,0.4774881899356842,-0.2450895309448242,0.589251697063446,0.2126409113407135,0.4180489480495453,-0.5161406397819519,0.4680569469928741,-0.6232519149780273,0.1649843901395797,-0.4072391092777252,-0.2560926079750061,-0.1045086085796356,0.0366087295114994,-0.0440852269530296,-0.0167182590812444,-0.7414343357086182,-0.7632670402526855,-0.6710200309753418,0.4081059396266937,-0.377534419298172,-0.1795195043087005,-0.2686818540096283,0.0910318791866302,0.1884925812482834,-0.3949028551578522,0.3077177703380584,-0.4483177959918976,0.0859495624899864,-0.3695685863494873,0.0150235658511519,-0.4445623755455017,-0.0799343436956405,-0.2071684449911117,-0.120681457221508,-0.3154639303684234,-0.2612346708774566,-0.4708123803138733,0.5485602617263794,0.3390340507030487,-0.5005316138267517,-0.1777542978525161,0.2373637408018112,-0.6711920499801636,0.5024250745773315,0.4335138201713562,0.5079692602157593,0.0920075923204422,-0.2375938147306442,0.1147491335868835,0.4105258882045746,0.1949232220649719,-0.5020098090171814,-0.0919230952858924,-0.2798886001110077,0.165445014834404,-0.1503764688968658,0.30274698138237,-0.0891336649656295,0.0801515132188797,0.800420343875885,-0.7201858758926392,0.3820748329162597,0.4184666275978088,0.6245318055152893,-1.5815598964691162,-0.1632732599973678,0.3239909410476684,0.1566168069839477,-0.2857618629932403,0.2133903056383133,0.6225133538246155,0.1327646970748901,-0.507827639579773,-0.6074549555778503,0.7863492965698242,-0.1371297836303711,-0.0402927659451961,0.1294665932655334,0.4333170354366302,0.0955873802304267,-0.0722486898303031,-0.239398568868637,0.2700161635875702,0.3449332118034363,-0.4141068756580353,-0.1102446392178535,0.1782326102256775,-0.4787282347679138,-0.5979381203651428,0.5346753001213074,-0.2813994288444519,0.0462422184646129,-0.5265087485313416,-0.2266714721918106,0.2631429135799408,1.2355531454086304,0.9064568877220154,0.4722028374671936,-0.4690961837768554,0.0397255606949329,0.2951527535915375,0.092758722603321,0.4366799890995025,-0.4568349719047546,-0.0590069852769374,-0.2201783955097198,0.2607977390289306,-0.0003320178657304,-0.206950381398201,-0.2997709512710571,0.0006510087405331,-0.2240550220012664,0.1381222307682037,0.1757456362247467,0.6392369270324707,0.5888489484786987,0.0719190686941146,0.2771028578281402,0.5820664763450623,0.2163119614124298,-0.1702637523412704,-0.640766441822052,-0.2304135411977768,-0.5685872435569763,0.0290704946964979,-0.3389539420604706,0.0312527008354663,0.1812687963247299,-0.0644818320870399,-0.2559150457382202,-0.190084308385849,-0.7557110786437988,-0.0313365347683429,-0.6441577672958374,-0.1468411535024643,-0.4338350892066955,-0.1419647932052612,-0.5825140476226807,0.5226696133613586,0.2565320134162903,0.4118370413780212,-0.2655712366104126,-0.6843339800834656,0.3323074281215668,-0.4003994166851043,0.2062298655509948,-0.1335920840501785,0.2605097889900207,-0.4813299477100372,0.0242689289152622,-0.0752809643745422,-0.4781084060668945,-0.5651113986968994,-0.088708259165287,-1.045231580734253,-0.0479845367372036,-0.2665314972400665,0.8264502882957458,-0.0327674336731433,0.285120278596878,0.0431138947606086,0.2529205977916717,-0.152341291308403,-0.3423779010772705,-0.2893217504024505,0.3020348250865936,0.6612731218338013,0.5661771297454834,0.5040283203125,0.3274131119251251,0.3739674389362335,0.2123314440250396,0.3675148487091064,-0.077611893415451,-0.7367231249809265,-0.1211641952395439,0.4992361962795257,-0.1675801277160644,0.1143235266208648,0.1704015135765075,0.1820055246353149,0.7767773270606995,-0.4027236700057983,-1.3625963926315308,-0.036233089864254,0.2313139140605926,-0.0061171520501375,0.395618587732315,0.6893584728240967,0.6493796110153198,0.1688758134841919,0.3078279197216034,0.1799433827400207,0.0588066093623638,0.348358154296875,-0.1077641621232032,0.4429264068603515,0.1758044362068176,0.4120401740074157,0.5611658096313477,0.2704443037509918,0.3965398371219635,0.7224353551864624,0.5814869999885559,-0.3756316006183624,0.3890821933746338,0.2342062145471573,-0.0645181462168693,-0.4640446305274963,0.3887246251106262,-0.532438337802887,-0.1560401171445846,-0.4403444826602936,0.1383714377880096,0.8855701088905334,-0.3944266736507416,0.4827744364738464,-0.3917814791202545,-0.3315642774105072,-0.5335702896118164,-0.6436577439308167,0.225389301776886,-0.3714775443077087,0.004747531376779,0.4039610922336578,0.0167642422020435,-0.6071538329124451,0.1637975424528122,0.3150565326213836,0.5812759399414062,0.1684347242116928,-0.3420390486717224,-0.0363199412822723,0.5715809464454651,-0.2086262553930282,-0.0129445828497409,0.173548474907875,-0.0556816048920154,-0.2279419898986816,-0.9748454689979552,-0.5031415224075317,-0.1166454181075096,0.0946948006749153,-0.5069720149040222,0.675150454044342,0.4821428060531616,-0.5622348785400391,-0.2528059482574463,-0.3165469169616699,-0.0573950409889221,-0.0856062024831771,-0.5313248634338379,0.103178858757019,-0.0795996412634849,-0.0123421298339962,0.6556701064109802,0.5359843373298645,-0.4287244081497192,-0.0557401143014431,0.5663303732872009,0.3626473546028137,0.042487870901823,0.2001436948776245,-0.4511834979057312,-0.4796603918075561,0.0560747161507606,0.2924157381057739,-0.089206226170063,-0.1261716783046722,-0.2473555207252502,-0.5904003977775574,-0.5416514277458191,-0.3029631376266479,-1.245996356010437,0.4305896759033203,-0.0474571697413921,0.3658763170242309,-1.0936464071273804,0.2656297981739044,-0.1482317149639129,0.4529084265232086,-0.1175688505172729,0.5350407958030701,-0.0783148407936096,-0.8816331028938293,-0.0290599912405014,0.2554600834846496,-0.4953828155994415,1.0187796354293823,0.5998725891113281,-0.3338018357753753,-0.2952187061309814,0.2195363789796829,0.1347533464431762,-0.1538268029689788,0.1619288921356201,-0.2186457812786102,-0.3780580461025238,0.0816185697913169,-0.0991635993123054,0.3998847305774688,0.3499682545661926,0.0132835768163204,0.0784867256879806,0.7465474605560303,0.167585402727127,0.5677454471588135,0.3431079685688019,-0.6401307582855225,-0.0630431696772575,-0.4246980249881744,0.2371137887239456,0.1239999681711196,0.7866754531860352,-0.2244578599929809,0.34340900182724,0.6815798878669739,-0.2369484007358551,-0.1116271018981933,0.549222469329834,0.0797847285866737,0.3611436784267425,-0.1648872792720794,0.0869230479001998,-0.979767382144928,0.3181458711624145,0.2978108525276184,0.1512073874473571,0.0599983111023902,0.1215851306915283,0.0128585761412978,-0.8224067091941833,0.2650946974754333,0.0652206242084503,-0.265663743019104,0.2789573669433594,0.324606329202652,-0.0627619698643684,0.8225252628326416,0.3374103605747223,-0.2739810645580292,-0.0544343329966068,-0.1593586653470993,0.8004461526870728,0.8542128205299377,-0.137147456407547,0.4373861253261566,-0.4904538989067077,-0.8217084407806396,0.2437671273946762,0.1175533384084701,0.3254854381084442,0.608734130859375,-0.4999359846115112,-0.3563725054264068,0.648382842540741,0.2604873180389404,0.1238970682024955,-0.2658562362194061,-0.4231884777545929,0.3213720619678497,-0.0952896773815155,-0.0999052971601486,0.2133684456348419,0.2749728560447693,0.5598160028457642,0.474202036857605,0.1232558265328407,-0.3892777860164642,0.7708496451377869,0.0401249155402183,-0.4257298409938812,0.1605914384126663,-0.6243446469306946,0.1913665384054184,0.2539394497871399,0.3622981011867523,0.1147514209151268,-0.3004081547260284,0.2212794125080108,-0.3058556020259857,-0.1422671228647232,-0.3531127870082855,0.4561539590358734,0.1532309055328369,-0.0816366374492645,-0.2919953167438507,-0.506588339805603,-0.2151989787817001,-0.022124245762825,-0.8622197508811951,-0.062067974358797,0.0931381061673164,0.248438075184822,-0.2223546653985977,-0.0184063073247671,-0.7270002365112305,-0.3781671822071075,-0.3258433640003204,0.3780666291713714,-0.7069383859634399,-0.3961071372032165,0.5641794204711914,0.0921429172158241,-0.0190799348056316,-1.3055930137634275,0.5102050304412842,-0.0726425573229789,0.244777649641037,-0.1593020558357238,0.1414137631654739,-0.4171003997325897,0.0453599132597446,0.0863836333155632,-0.2981536984443664,0.0865919068455696,-10.187033653259276,0.2162238210439682,-0.5153321027755737,-0.4303008615970611,-0.500162661075592,-0.0747401714324951,0.8724194765090942,0.4472564160823822,-0.1867846846580505,0.6053003072738647,-0.1999603658914566,0.610309898853302,0.3539019823074341,0.026266511529684,-0.1964733153581619,0.0974662229418754,-0.2961273491382599,-0.0557382181286811,-0.2707590460777282,-0.0954452827572822,-0.4605646729469299,-0.3728103935718536,0.7333937287330627,0.4507887959480285,0.629659116268158,-0.1577025353908538,0.1320483535528183,0.413061648607254,-0.3313141167163849,0.3687202632427215,-1.037243366241455,0.5492420196533203,-0.3114286065101623,0.7603781819343567,0.1523233950138092,0.0801357626914978,0.0627902969717979,0.1707354187965393,-0.2683981657028198,0.4237218797206878,0.4935589134693146,-0.0309099871665239,-0.0772415921092033,0.0353514850139617,-0.298044204711914,0.0358415953814983,-0.1193246468901634,0.075347863137722,0.5912200212478638,-0.2721285223960876,-0.0493429005146026,-0.1865812689065933,0.133067637681961,-0.2255179733037948,0.2005201876163482,0.1497281491756439,0.8183289170265198,-0.664590060710907,-0.3175504505634308,0.0987665951251983,0.5905869603157043,-0.0658743679523468,0.4694211781024933,0.6204165816307068,0.104325532913208,0.5022666454315186,0.3527027368545532,0.2424290180206298,-1.142908215522766,-0.2231483608484268,0.3112803101539612,0.7615343332290649,-0.0210704356431961,0.0310787577182054,-0.168237954378128,0.2661822736263275,0.1296748220920562,0.1882065534591674,0.4320928156375885,-0.0768738389015197,0.1991636008024215,-0.185180589556694,-0.0695248767733573,0.5907264351844788,-0.708386242389679,0.1378110945224762,-0.0611194148659706,-0.3213564157485962,0.2627412974834442,-0.4816176295280456,0.314485490322113,-0.1782543659210205,-0.8476414680480957,0.5249963998794556,0.7515106797218323,-0.3503181636333465,-0.3775286376476288,-0.0929861590266227,0.2224091589450836,-0.2934626340866089,-1.2753409,-0.08129861,1.0396283,0.06006727,-1.647917,-0.6356247,-1.3288059,1.4838722,1.4287771,0.65813667,1.0398637,-0.38804474,-1.3116564,2.4307487,-0.71017987,0.2217478,0.611137,-1.0558898,0.7043896,0.33993238,0.6083107,0.47452348,0.5372166,-1.296214,1.0159748,0.52563006,0.85553616,-0.48169726,-0.53141713,-1.1027844,0.31911924,-0.5720573,-1.493388,-0.53014195,0.21598068,-0.6574831,-1.8627187,1.1214421,-0.17292245,-0.6430286,-0.9880076,0.5701604,0.23144963,-0.22374909,-1.2015893,-0.0795164,1.8056886,-0.43085298,1.3535084,-0.43631074,-1.6751194,-0.64334863,0.72159636,1.1908153,0.2248536,-0.9648552,1.3805882,1.2235974,-0.026965115,-0.30466875,0.15577433,0.14988683,-0.9226813,-0.8373148,0.38430282,0.34130058,-0.62754494,0.4470547,0.030128181,0.10382879,-1.8260975,-1.6451495,0.071374975,1.6232535,-1.9213754,0.36444563,-0.5314601,-1.0428901,0.45112035,-0.46220806,0.6727554,-0.5983173,-0.6654883,1.4907502,-0.870515,-1.560606,-0.41208872,-1.0061884,-0.94444954,-0.45099345,-1.2230366,-1.8699309,-0.9876558,-1.5921962,2.4101589,0.57027763,-0.906023,-1.1490315,-1.3581673,-0.10774958,-0.30558494,1.5178226,0.65800774,-0.4412208,-0.65042686,-0.41961053,-0.32132882,-0.019745985,-0.11643781,0.6877348,0.07242981,0.830221,0.66923666,0.9998737,0.47697678,0.8858782,-1.7511839,-0.4998899,-0.4898632,0.5968195,1.537125,0.4624424,-0.8081718,0.6620051,-0.39578992,1.1797172,-0.08001191,-1.2053479,-0.088204436,0.85496014,0.48129174,-0.33126634,2.505815,0.8264469,-0.78128403,-0.48405764,0.108901195,0.16572528,1.3509227,-1.2945856,-0.026227579,0.8778995,-0.16461268,0.16695882,0.7339822,-0.6194294,-0.19073258,0.78427964,2.1439917,0.16495813,-0.38720676,0.3631442,-1.6771965,0.0030296573,1.2880548,-0.3411486,-0.0011390235,0.62726694,-1.049671,0.7842583,-1.1799176,1.4420542,-0.9538423,0.6819043,-0.12924394,0.70600665,-0.6357073,0.4335367,-1.1827078,-2.464077,-0.48290062,0.04375849,0.6999649,0.02037077,0.19937499,-0.7196967,0.07654668,0.43597057,-1.5140678,-0.7676974,1.4946114,0.62150615,-0.13139038,1.2434076,-0.5347176,0.837966,0.6430811,0.3733542,0.3802846,0.36500534,1.636894,-0.8384942,1.2293595,0.85017335,0.475117,3.3105996,0.99530417,-1.3501252,-1.7444185,1.3308582,-2.593759,-0.9595057,0.9348792,-1.8579128,0.63482106,-1.5411623,-0.42781255,1.285703,0.48597392,0.045040857,-1.0909656,-1.3300935,0.77367777,0.8901233,-0.44478765,0.029504498,-1.1312298,-0.0506016,-0.73882675,-0.37276176,1.0129726,1.1929104,0.28289145,0.27348724,-1.3738289,0.6118986,-0.0017167075,-0.21871667,0.6244779,1.1117904,-0.4820621,0.67859167,0.39946303,0.26727834,0.16807675,0.7821589,-0.55170894,0.70426476,-0.09340246,0.77312934,0.94538224,-0.4693012,0.017793762,-0.39274758,0.3596742,0.6179896,1.2031533,-0.039294865,-1.8656381,-0.7529949,0.20277765,1.1614063,0.03942222,0.7755517,-0.073142156,1.6242961,-0.23243141,0.36269358,-0.72634906,-0.81123084,-0.101431035,0.25006077,0.9084405,-0.3587131,0.24448223,-0.89705765,-0.7237299,0.56595534,0.27595764,-0.4256296,-0.94768703,-1.0996302,-0.37438208,0.32552195,1.0620123,0.45716017,-0.31508574,-1.1481467,-0.17542481,1.2370622,1.05273,-2.2051892,-0.05842405,-0.49392676,-1.5876062,0.06651526,0.26338008,0.070380494,-0.1890247,0.14178587,-1.5561244,0.93860143,-0.7736224,0.8099448,1.5747007,0.5830043,1.1835682,-0.78099126,-0.21599026,-0.13564926,0.547563,0.16686644,-1.4348999,0.78031623,-0.44565088,-0.48833752,1.7875814,-1.1953601,-0.53513885,-1.3894142,0.013234645,-0.4499797,-1.1604968,2.0309074,-2.587828,1.5864064,-1.9671925,-0.5187374,-0.68395585,-0.78113747,-1.465482,-0.17722176,0.12227577,-0.34413457,0.16175842,0.23029692,0.45333233,0.1649195,-0.24386318,1.8084489,-0.17011394,0.08669027,-0.8467037,-1.3204931,-0.5575563,0.60828274,-1.6861401,-0.80951077,-0.85173756,0.042871784,-0.31220198,0.02376814,-0.9645885,0.6096553,-0.19926298,0.27033728,-1.3931869,-0.93910426,-0.1399712,-1.4455711,1.3828627,-0.18442556,1.0052755,-0.87104446,-0.44377232,0.27353483,-0.3879027,0.1729596,0.30888966,2.0229633,0.29975978,0.7792522,0.13827397,0.87147135,0.11720803,-0.8803876,1.7938541,0.3357771,2.076335,-0.34846878,-0.2595577,1.4007972,0.006885869,0.8315269,0.056411933,0.12861119,1.6020702,-0.24880183,-0.77457047,-0.1867234,0.103428565,-0.22784686,0.044579323,0.73574847,0.3626833,0.0786737,0.47144917,0.42003825,-0.37013644,-1.7082386,-0.23761263,1.278224,1.4446924,1.0314516,1.4656229,-0.37703612,-0.16430493,-1.5099193,0.36248928,1.4643775,0.7315303,0.25238693,-1.6207763,0.5687155,0.83933645,0.9854498,-1.7481744,-1.3377391,1.7370924,0.7991336,0.046931446,1.2076848,-0.693415,-1.45718,-0.6667434,-0.28249204,-0.84218967,-0.8543233,-1.0891914,0.0890503,0.44184467,0.9667551,0.83103526,0.770467,-0.2577849,-0.87624794,0.22958335,0.09334821,-0.9215434,0.44231218,-0.28198412,0.42306784,-1.3011159,-0.70813286,0.5275935,-2.4735527,1.3624051,-0.46784857,0.14781813,-0.27490148,0.23999272,-0.5690447,-0.24972327,0.0508836,-0.9368575,-0.37152433,0.93206537,-2.1292999,-1.3059572,0.94629717,0.82367814,-0.8504792,0.42331463,0.66793853,0.08191296,0.671578,-0.4151563,-1.1524233,-0.6485113,-0.3790091,0.14141087,-0.5092453,-1.589298,-0.4399128,1.1622884,-0.9198713,-1.3421329,0.61804754,0.45548463,-1.8129442,-1.186473,-0.34911636,0.400894,0.5156376,1.0258367,-0.48400077,-0.7893334,-0.9991316,-0.20227444,-0.09748395,-0.10833537,-0.51311976,0.2456899,-0.15485124,-0.60574627,0.6177612,1.6193302,0.09567178,1.8291247,1.624939,-0.0076008653,0.11962793,0.6516508,-0.70003504,-0.30503568,0.5102272,-0.9720911,-1.1795061,1.3539279,0.22155687,-1.2958573,0.27906924,1.0250778,-0.3750601,-0.67986876,0.1487641,0.64903355,1.5161182,1.6517909,1.9029772,0.22181569,0.006526813,-0.32460898,0.6273025,-1.1419436,-0.6960845,-0.49478003,0.70585257,1.9571143,-0.8363938,0.5790044,1.0031004,-0.96828014,-1.6182805,0.024707852,0.52331096,0.176477,-0.500045,0.30038378,-1.2182939,0.15444736,-2.132366,0.07286034,1.0069963,1.1597103,-0.49261668,0.73904645,0.902298,0.17356893,-0.5409055,-0.39230537,0.5834754,2.0933068,0.12764333,-0.59375364,0.7746836,-0.029450232,-1.6678513,0.011619245,-0.84505713,-0.8645602,-0.04039001,-0.17254671,-0.23300661,0.12774323,-0.75687253,1.4989747,0.26864055,0.030582752,0.58638763,-1.6677034,1.1890715,0.26066032,-0.96128994,1.7877681,1.0362382,-1.3782976,0.78333014,-1.5131792,1.5280192,-0.46639997,1.134292,1.8849859,0.2623185,-0.44563225,1.6353302,-0.83331907,0.40321144,-0.8877889,0.67904764,-0.8822369,0.3261858,-1.5683011,1.7784778,-1.3940439,-0.8670534,-0.0072516245,0.6337427,-0.81633204,0.5316877,-0.19484873,-0.12240698,0.17443593,-1.2939087,0.27351698,1.9178485,-0.035361927,-1.5293266,0.14886856,0.28074893,-0.22376797,-0.18574812,2.3915966,0.14560291,0.50255626,-1.1650559,-1.1059254,1.08402,0.021895526,-1.7911531,-0.8108172,-0.34810027,0.1833231,0.074049056,-0.32082844,0.82847553,-0.34590194,1.0941371,0.6984033,-0.445328,0.062407814,0.14238183,-0.41244337,-0.47247443,-1.4214153,0.8047272,0.31786323,-1.3733242,1.0901995,1.4828521,1.7958529,0.74016446,-0.4193358,-0.7193732,0.8703523,0.5023794,1.023164,-1.2668855,-1.6401272,0.4366811,1.3840271,-0.16150534,0.15495141,0.6728306,-0.19113612,-1.8484095,1.0763854,-0.2987965,-0.47098514,0.6621073,-0.11090257,-0.4172821,0.5525319,0.09799661,0.28945526,0.42576954,-0.7767515,-0.2734056,0.014413408,-0.7248863,0.72696173,-0.406775,0.29220957,-0.65784353,0.24672227,-1.7021269,0.7375986,0.37459153,0.44434825,0.4339734,0.6543228,-1.7893072,-0.48023486,-0.04522515,1.3045868,1.1942346,-0.41226727,-0.62418705,-0.36091083,1.3946416,0.8254107,0.013978698,-0.1827145,0.22223897,-0.096022226,-0.16410007,-0.8850309,-0.48433623,0.560478,0.08081619,-1.274258,1.3526669,-2.0525239,1.0785002,0.09954185,-1.7464916,-0.11225723,0.44467345,0.18641028,2.4260514,1.6313142,-0.80997646,-0.18010266,0.6564044,0.6699086,-0.77605766,0.1058946,-0.71329075,1.1231722,1.6969956,0.39959267,-1.2812244,-0.2141744,0.3800229,-0.07400132,1.3528444,-0.40076008,-0.5900707,-0.57490635,-0.280062,-0.78088963,-0.8010985,-0.5874175,0.5048292,-1.3220387,0.60145646,-0.6071378,-1.5310409,0.8191512,-0.47735572,-0.16185379,-0.21183188,0.8784952,0.24720116,0.57531554,0.6032829,-0.4459202,-0.10378897,-0.8647749,-0.8069663,0.10739277,-0.8083499,1.0522245,0.73441464,1.0039632,1.3445653,-0.015799655,-1.6937746,0.60279435,0.4970471,0.9257122,-0.45711058,-1.1974356,-0.40004286,0.043275625,0.16635944,1.2606171,-1.5184523,-0.6126599,-0.36434317,-0.017220499,0.08058516,0.44189638,0.109129906,0.8516494,1.9673615,0.9498739,0.61576605,,,,,,,,,,,,,,,,,,,,,,,,,,,,,,,,,,,,,,,,,,,,,,,,,,,,,,,,,,,,,,,,,,,,,,,,,,,,,,,,,,,,,,,,,,,,,,,,,,,,,,,,,,,,,,,,,,,,,,,,,,,,,,,,,,,,,,,,,,,,,,,,,,,,,,,,,,,,,,,,,,,,,,,,,,,,,,,,,,,,,,,,,,,,,,,,,,,,,,,,,,,,,,,,,,,,,,,,,,,,,,,,,,,,,,,,,,,,,,,,,,,,,,,,,,,,,,,,,,,,,,,,,,,,,,,,,,,,,,,,,,,,,,,,,,,,,,,,,,,,,,,,,,,,,,,,,,,,,,,,,,,,,,,,,,,,,,,,,,,,,,,,,,,,,,,,,,,,,,,,,,,,,,,,,,,,,,,,,,,,,,,,,,,,,,,,,,,,,,,,,,,,,,,,,,,,,,,,,,,,,,,,,,,,,,,,,,,,,,,,,,,,,,,,,,,,,,,,,,,,,,,,,,,,,,,,,,,,,,,,,,,,,,,,,,,,,,,,,,,,,,,,,,,,,,,,,,,,,,,,,,,,,,,,,,,,,,,,,,,,,,,,,,,,,,,,,,,,,,,,,,,,,,,,,,,,,,,,,,,,,,,,,,,,,,,,,,,,,,,,,,,,,,,,,,,,,,,,,,,,,,,,,,,,,,,,,,,,,,,,,,,,,,,,,,,,,,,,,,,,,,,,,,,,,,,,,,,,,,,,,,,,,,,,,,,,,,,,,,,,,,,,,,,,,,,,,,,,,,,,,,,,,,,,,,,,,,,,,,,,,,,,,,,,,,,,,,,,,,,,,,,,,,,,,
ク,0.2601964771747589,0.7716675400733948,1.1591545343399048,-0.2490427196025848,0.6242895722389221,0.5124413371086121,0.2772069573402405,0.0134479375556111,-0.6325500011444092,-0.3895764648914337,0.5369018912315369,-0.404379665851593,-0.396104484796524,-0.0910567492246627,0.0537040866911411,-0.2777827978134155,-0.3012771606445312,-0.4784837365150451,0.0834780931472778,-0.1909854412078857,-0.834200382232666,-0.4679176807403564,-0.5020633339881897,0.9456928372383118,0.210563376545906,-0.6258668899536133,-0.1731959581375122,0.2517300546169281,0.5088326334953308,-0.4245054423809051,-0.1459442377090454,-0.0404359847307205,0.167103886604309,0.1442810446023941,-0.6581206917762756,0.2515282332897186,-0.078828826546669,-0.1900695413351059,0.4837754368782043,0.5080987215042114,0.2041688114404678,-0.4527918398380279,-0.1881830841302871,0.2095185965299606,-0.2644474804401397,0.6208105087280273,0.2297912985086441,0.1752271950244903,-0.0829321965575218,-0.6430364847183228,0.0122299417853355,0.3860097825527191,0.2557885944843292,0.3050517439842224,0.1449098736047744,-0.4554262459278106,0.76121985912323,-1.0294541120529177,-0.4803099632263183,0.7949559688568115,-0.7316218018531799,0.0513282716274261,-0.211315244436264,0.1320650577545166,-0.6685051918029785,0.2892091274261474,-0.0587130486965179,-0.5324853658676147,-0.0773560255765914,-0.4111736416816711,0.7183042764663696,-0.196817085146904,-0.096265472471714,-0.5998209118843079,0.93379145860672,-0.5390411019325256,0.182269811630249,0.3392490744590759,0.1852248162031173,0.0401392988860607,0.0288879070430994,0.3593163788318634,0.4713896214962005,-0.3885548114776611,-0.1484255343675613,0.1462392359972,-0.8089075684547424,-0.9694101810455322,0.6656703352928162,-0.0196126922965049,0.0164390243589878,0.0429009683430194,-0.4784901738166809,0.0878115370869636,1.0273886919021606,0.1293212920427322,0.3397265076637268,-0.3997782170772552,0.1173193231225013,0.4924879968166351,-0.2667233347892761,0.141569048166275,-0.3211722671985626,-0.3361550867557525,-0.0384912230074405,-0.0882785022258758,-0.5779410600662231,0.1522940099239349,0.2696743011474609,0.3354161381721496,-0.3325579464435577,-1.02678644657135,-0.5031058192253113,-0.2538363933563232,0.7983214259147644,0.064379945397377,-0.8851882815361023,0.3565098345279693,-0.8110129237174988,0.2155167758464813,-0.101303294301033,0.1714270114898681,-0.3548565506935119,-0.6919399499893188,-0.0187597312033176,0.1371993273496627,0.3809421360492706,-0.4754588901996612,-0.1685718446969986,-0.7141278386116028,-0.7252212166786194,-0.4962208867073059,-0.6804234385490417,0.3396865129470825,-0.6469278335571289,0.9907531142234802,-0.012185076251626,0.1518786996603012,0.0980211049318313,-0.4145057201385498,-0.8676518201828003,0.028614692389965,0.415253221988678,-0.6418198347091675,-0.0138866323977708,0.2562667727470398,0.0787621960043907,-0.1174865067005157,0.4666122198104858,0.1274997740983963,-0.0092818271368741,1.069156527519226,-0.7106303572654724,0.1170868948101997,0.5021846294403076,0.2519029676914215,-0.4767220020294189,0.4217033684253692,0.3188081383705139,0.416269987821579,0.325423926115036,-0.0251908022910356,-0.3737809658050537,0.6916077733039856,0.3371544182300567,0.4900538027286529,0.5342527627944946,-0.029758570715785,-0.0911524444818496,0.3343603610992431,0.327062726020813,-0.0391871556639671,0.2242729663848877,0.0260772313922643,-0.2710334062576294,0.0689779445528984,0.5183835625648499,-0.0916298180818557,0.0555247515439987,-1.153109073638916,-0.2775963246822357,0.1017253473401069,0.664962887763977,-0.6389026641845703,0.8360575437545776,0.0876204371452331,0.1322063654661178,0.3170809745788574,0.3774223029613495,-0.1905486434698104,-0.3846108913421631,-0.4603400230407715,0.6857805848121643,-0.5970818400382996,-0.4961616396903991,-0.1134495660662651,0.519355297088623,0.3193412125110626,-0.531963586807251,0.4343504309654236,0.4539114236831665,0.417395144701004,0.1000203788280487,-0.7704975008964539,-0.5926470756530762,-0.32489213347435,-0.1046395525336265,0.3545795977115631,0.4358235597610473,0.1672981679439544,-0.1975950747728347,0.1507244557142257,0.2212463915348053,0.3735207319259643,1.1885721683502195,0.2576204836368561,-1.0946272611618042,-0.3113104104995727,0.6799831390380859,-0.4022638201713562,0.4393674731254577,-0.6532114148139954,-0.4152394831180572,-0.1701459884643554,-0.0568780861794948,0.7398430705070496,0.4843018651008606,-0.7103230357170105,-0.1642018556594848,0.4482544660568237,-0.73977130651474,-0.7217811346054077,-0.3261362016201019,0.4184364974498749,-0.3652968108654022,-0.1917474865913391,-0.5450551509857178,0.0588369071483612,-1.1698850393295288,0.5660350322723389,-0.6710236668586731,-0.489876389503479,0.3795583844184875,-0.455694168806076,0.047511987388134,-0.1226101741194725,-0.4226889610290527,-0.4262320697307586,-0.574466347694397,-0.0452838689088821,-0.1623226404190063,-0.30068039894104,0.1425822079181671,-0.4819738268852234,0.6339452862739563,0.8741349577903748,0.4001090228557586,-0.0672254413366317,0.2557882070541382,-0.5253933072090149,-0.1784392446279525,-0.7809383869171143,-0.2096228152513504,-0.1427619755268097,0.1988403350114822,0.8017328977584839,0.1154204383492469,-0.1523918956518173,-1.1573235988616943,-0.3845580220222473,0.5947550535202026,-0.1391258686780929,-0.1822718828916549,0.2094863057136535,-0.2732803225517273,0.3066556751728058,-0.3466778099536896,1.1702228784561155,-0.1488174498081207,0.5596212148666382,-0.4773547649383545,0.8751404285430908,-1.0252439975738523,-0.2382192015647888,-0.2597119510173797,0.5175034999847412,-0.3037024140357971,-0.5819077491760254,-0.29946368932724,0.6067160964012146,0.9384274482727052,-0.5277605056762695,0.1936603337526321,-0.4492890238761902,-0.0376345366239547,0.2783607840538025,0.5022274851799011,0.0447737276554107,0.0464513227343559,0.0630439296364784,0.5367921590805054,0.3566792905330658,0.3203383386135101,-0.5047087073326111,0.209250271320343,-0.542144775390625,0.0340330973267555,0.3846865594387054,-0.2016554027795791,-0.3671661019325256,0.2500276267528534,0.6098120808601379,-0.6008380055427551,0.0378953218460083,1.3185583353042605,0.1704170256853103,-1.2425636053085327,0.1166798397898674,0.2197559624910354,0.6595691442489624,-0.7384922504425049,0.244466170668602,0.1448394656181335,0.6157307028770447,-0.6255227327346802,-0.6871852278709412,1.2810161113739014,0.4095411598682403,0.1444949656724929,0.1718177646398544,0.3210488855838775,-0.4711584746837616,0.156625211238861,-0.5008877515792847,0.3024103343486786,0.2653266191482544,-0.8699522614479065,-0.0663931593298912,-0.0814085379242897,-0.9160877466201782,-0.8883458375930786,0.4669428765773773,-0.2875518500804901,0.4959858059883117,-0.7722448110580444,-0.1440795511007309,0.6313294768333435,1.44879150390625,0.7459650039672852,0.6294519305229187,-1.0806553363800049,-0.3688786327838897,0.1754558384418487,-0.0657195597887039,-0.0338567830622196,-0.1755558550357818,0.2047699391841888,-0.2757882475852966,0.0618297010660171,-0.1674783378839492,0.3578948676586151,0.0502398274838924,-0.118345245718956,0.216492161154747,-0.2382357120513916,0.2444372624158859,0.355245977640152,-0.0294780675321817,0.2637642025947571,0.5592740774154663,1.1165114641189575,0.1100249662995338,-0.0190357360988855,-0.6459223628044128,-0.0345478244125843,-0.8436300158500671,0.3676209449768066,0.0651250481605529,-0.3253545463085174,0.478100061416626,0.0718282461166381,-0.3297016620635986,-0.04544423148036,-0.5062267780303955,0.0844847708940506,-0.401085615158081,-0.5096754431724548,0.3127480447292328,0.210587739944458,-0.0452464520931243,0.4976827800273895,0.4919727146625519,0.4291309118270874,-0.523398756980896,-0.943262815475464,0.3379921615123749,-0.242254227399826,0.0142103694379329,0.1511914730072021,0.3454184830188751,-0.5329079627990723,-0.1078366115689277,-0.5055347084999084,-0.4694585800170898,-0.5396525859832764,0.0290536303073167,-0.6770147681236267,0.0359861105680465,0.1319330632686615,0.7239803075790405,-0.6603553295135498,0.2532439529895782,-0.1373676359653473,0.1345330476760864,-0.3997921645641327,-0.7690853476524353,-0.2519575655460357,0.5198513865470886,0.231317862868309,0.5032919645309448,0.4875179529190063,-0.1256764382123947,0.5173438191413879,-0.1470139920711517,0.4803507328033447,0.6586858630180359,-0.3879271447658539,-0.3438239395618438,0.7232455611228943,-0.0787359699606895,0.4007488787174225,0.1852861642837524,0.2032687216997146,0.6855928301811218,-0.3868885636329651,-0.717055082321167,0.074904941022396,-0.2598093152046203,-0.4254417717456817,0.8187243938446045,0.823091447353363,0.4549587666988373,-0.3322716951370239,0.5208785533905029,0.1171120405197143,-0.2200700491666793,-0.1446550190448761,-0.7647825479507446,0.4552333652973175,0.1714992374181747,1.0670262575149536,0.8117987513542175,0.2606683373451233,-0.1066507846117019,0.2760120332241058,0.2933485507965088,-0.6363772749900818,0.3159745931625366,0.5018146634101868,-0.2125376611948013,-0.4411213994026184,0.4284920394420624,-0.4842215180397033,0.0177771355956792,0.4306398034095764,0.0011792115401476,0.5701517462730408,0.1190207153558731,0.2978163957595825,-0.9600476622581482,-0.5824791789054871,-0.8003200888633728,-0.7151087522506714,0.3547765910625458,-0.3095428347587585,-0.0058747273869812,0.5378076434135437,0.1719048023223877,-0.609015703201294,0.7108872532844543,0.0142351780086755,0.2613120675086975,0.1113084927201271,-1.254183292388916,-0.0623344928026199,0.4328422546386719,-0.5138615369796753,-0.5947858095169067,-0.1979426592588424,0.0750741437077522,-0.5794800519943237,-0.4515449702739715,0.502276599407196,-0.4556305408477783,0.1864230185747146,-0.3650542199611664,0.4559695422649383,-0.1440150737762451,-0.8318368792533875,-0.1599677205085754,-0.1752644330263137,-0.0415147617459297,-0.6440781950950623,-0.3740312457084656,-0.174108475446701,-0.1471574902534485,0.2328444868326187,0.5378982424736023,0.5309615731239319,-0.2830321788787842,0.5263422727584839,0.1691173166036605,0.6709350347518921,-0.5538651347160339,0.0076780337840318,-0.4527483284473419,-0.3908379077911377,-0.1000224575400352,0.8300713300704956,-0.0619895234704017,0.1634740829467773,0.1637341827154159,-1.0156677961349487,-0.6258406639099121,-0.096090592443943,-0.7745623588562012,0.5637669563293457,0.2982174456119537,1.096544623374939,-1.023145079612732,0.2118412405252456,-0.3168109655380249,0.3215086162090301,0.3137198090553283,0.2706270217895508,0.3078014254570007,-1.2697547674179075,-0.3488260209560394,-0.1986478269100189,-0.9023205637931824,1.3746393918991089,-0.0114572457969188,-0.6701784133911133,0.8007376790046692,0.9206933975219728,0.4087737500667572,-0.3795710206031799,-0.0217764172703027,-0.0964465960860252,0.0828632116317749,0.1047423258423805,-0.084023505449295,0.39506995677948,0.3740825951099396,-0.113686978816986,0.2499356269836425,0.1856027096509933,0.9281864166259766,0.5368247628211975,-0.1605207473039627,-0.1507079154253006,-0.3414604663848877,-0.4615748822689056,0.0012386603048071,-0.0776219367980957,0.3673667907714844,-1.0136717557907104,1.1397279500961304,0.5711464881896973,-0.2257633060216903,0.6361523270606995,0.8225521445274353,0.1151933073997497,0.8864908218383789,0.0629400238394737,-0.461571455001831,-0.4161486029624939,0.3115420043468475,0.370331734418869,0.5370334982872009,-0.3267718851566314,0.036059733480215,-0.5360196828842163,0.1437736898660659,0.7080637812614441,-0.2596994340419769,-0.057965625077486,0.0479259341955184,0.465667575597763,-0.329204112291336,0.6097540855407715,0.1795294284820556,-0.3872417509555816,0.0016755922697484,0.3521803319454193,0.9326184988021852,1.3803850412368774,0.1614990830421447,0.5338764786720276,-0.1915417611598968,-0.4733914136886596,0.0701276957988739,0.0329782329499721,0.1643308848142624,0.8213740587234497,-0.0189902111887931,-0.6164161562919617,0.7617213726043701,0.1765824258327484,0.1814892888069152,-0.3075031042098999,-0.7292532324790955,-0.1656290143728256,-0.1366206407546997,-0.6081900000572205,0.2079646438360214,0.5843433737754822,0.4702260494232178,-0.1506119072437286,-0.6722562909126282,-0.2116758525371551,0.5799766182899475,-0.0292512588202953,0.0126929972320795,0.2700232565402984,-0.4339153468608856,-0.0051264641806483,0.0901865363121032,0.3135825991630554,-0.3707472383975982,0.0541979558765888,0.1986272931098938,-0.6521261930465698,0.1681795269250869,-0.1146176382899284,0.7386447191238403,0.2633908689022064,-0.0481293015182018,0.2828205227851867,-0.8681786060333252,-0.4640745222568512,0.0413243658840656,-0.5055402517318726,0.1559618413448333,-0.2029827088117599,-0.6607381701469421,-0.5911625027656555,-0.3492030203342438,-0.8141156435012817,-0.3056051135063171,-0.1342716962099075,0.4944316446781158,-0.8597952723503113,-0.1580573618412017,0.1369164437055587,-0.0223080180585384,-0.4806141555309295,-1.4932730197906494,0.1740379333496093,0.2448061853647232,0.0447381138801574,0.610779345035553,-0.0147978896275162,0.1628817170858383,-0.1633743792772293,0.2247444838285446,-0.3936573565006256,-0.535556972026825,-9.42827606201172,0.0191608816385269,-0.4048793613910675,-0.6887878775596619,-0.2456473708152771,-1.073501706123352,1.009339690208435,1.07252037525177,-0.4291646778583526,0.3822269141674042,-0.034221276640892,0.0063276458531618,0.7398654222488403,0.3311055302619934,-0.066605195403099,-0.1160739436745643,-0.2623418867588043,0.0428433120250701,-0.4008525311946869,0.1412759572267532,-0.965386927127838,-0.2797446250915527,0.3088605403900146,-0.1534778475761413,0.2844469845294952,-0.4537075757980346,0.3943725228309631,0.1089145839214325,-0.0997073873877525,0.2902457416057586,-0.6193747520446777,0.3798222839832306,-0.1247166991233825,-0.036256406456232,-0.6955757737159729,0.6298542618751526,0.6800215244293213,-0.0690756812691688,-0.2167994678020477,0.5422770977020264,0.3447732031345367,0.6133348345756531,0.0427318476140499,-0.098197616636753,0.0867847725749015,-0.3296495676040649,0.4413673281669616,0.4500584602355957,0.6732885837554932,0.0353333428502082,0.0105393771082162,-0.63661128282547,0.1806047856807708,-0.435551255941391,0.291910707950592,-0.3821401596069336,0.4180054664611816,-0.495882511138916,0.2797812819480896,0.1087309792637825,0.4244888722896576,0.1696864366531372,0.8885639309883118,0.4118261337280273,-0.3509717881679535,1.145036697387695,-0.1696304827928543,-0.1659910678863525,-0.0380303487181663,-0.1433157920837402,0.0141743309795856,0.1369375139474868,-0.0312920100986957,0.3232018053531647,-0.291940301656723,0.3646182715892792,-0.0224745664745569,0.3830815553665161,0.2656103670597076,0.1135009080171585,0.503313422203064,-0.5484411120414734,0.1841158717870712,0.1809925884008407,-0.6599748730659485,0.286986231803894,0.5200598835945129,-0.4629605710506439,0.0247530192136764,-0.1957879662513733,0.847390353679657,-0.1782170534133911,-0.2313891351222992,-0.0086311353370547,0.0618851855397224,-0.5654031038284302,0.2221276611089706,0.6006233096122742,-0.1652425974607467,-0.5081158876419067,-1.0811259,-0.4286925,0.8589397,0.338262,-1.1322424,-0.6208726,-1.2508976,1.1515105,1.4381335,0.85959303,0.23483019,-0.33603385,-1.1848261,2.4635541,-0.482301,0.4945791,0.5135027,-1.2981646,0.07658504,0.23216231,0.5044156,0.482263,0.55702126,-1.4633496,0.86569303,0.4600779,0.95354444,-0.1490272,-0.17054598,-0.5355059,0.6105721,-0.30956993,-1.0288595,-0.33854926,-0.05474214,-1.0325851,-1.8446718,1.6390064,0.19532314,-0.9271311,-0.80063,0.940686,0.23101309,-0.07407442,-0.9105365,-0.2198211,1.6225802,-0.37652004,1.0734669,-0.6899879,-1.3392866,-0.9823427,0.5982214,0.79989344,0.427651,-0.6679429,1.8990852,0.83012646,-0.09716083,-0.2605559,0.2624993,-0.0007006489,-1.0492833,-1.0581062,0.04452208,0.44241065,-0.40070498,0.3545159,-0.2822161,0.19531375,-2.1550486,-2.0195081,-0.13482663,1.8642359,-1.410218,0.46772724,-0.56326246,-1.5115702,0.23196241,-0.35297853,0.6462747,-0.32520986,-1.0777054,1.8207359,-0.8791397,-1.676275,-0.5070733,-0.5978014,-1.1232831,-0.3385899,-0.7965346,-1.9938612,-0.93342364,-1.518817,1.9315041,0.7986893,-1.0205777,-1.6319022,-0.962103,0.2970618,-0.39238966,1.7957461,1.1040399,-0.864571,-0.5897986,-0.90250635,-0.63339627,-0.39836365,-0.44373852,0.6605928,0.48889318,0.4573206,0.7757119,1.4882563,0.24218436,0.8315666,-1.3855735,-0.85297287,-0.18223949,0.7769799,1.4478314,0.6378597,-0.5541065,0.45190933,-0.085649066,1.0733405,0.3649227,-0.8732441,-0.30422103,0.810073,0.7162263,-0.025080532,2.1195836,0.9520668,-0.6283358,-1.0511469,0.3752845,0.083337285,0.7406349,-1.4997636,-0.624016,0.9002418,-0.2709696,-0.21614191,0.5668886,-1.2136631,-0.37993786,0.54846764,1.828675,0.070963524,-0.77544725,0.34026763,-1.9941452,0.2981905,1.342506,-0.045153968,-0.26626745,0.20606363,-1.6363022,0.8491953,-0.9694781,1.533803,-0.537788,1.2111422,-0.237643,0.89400125,-0.48760235,0.091075905,-1.1354309,-2.1502554,-0.7638044,-0.15233299,0.9369766,0.0076046027,0.43477342,-0.72251254,-0.43191296,0.7608222,-1.3624027,-0.6823666,1.8409618,1.048202,-0.14916827,1.3429744,-0.5000627,0.5119786,1.0790995,0.6875239,0.7990297,0.39189535,1.9351981,-0.8128181,0.78030217,0.9844731,0.5386597,2.886116,1.2019842,-1.4866204,-1.6174703,1.1947135,-2.5188708,-0.8807459,0.955236,-1.9265602,0.73911726,-1.6720517,-0.52458644,1.6685839,0.5227597,0.074964985,-1.1557035,-1.1914512,1.1728716,1.1374412,-0.108526886,0.49691916,-1.0831189,0.11956456,-1.0532825,-0.57478774,0.7798117,1.0013909,0.34697983,0.40117544,-1.0107765,0.7408661,0.08793931,-0.5902701,0.35052958,0.8367541,-0.35423902,0.20510837,0.23712611,0.00430882,-0.3575822,0.8600404,-0.22752307,0.78721064,-0.520931,1.1113672,0.9366256,-0.46291763,0.4938718,-0.12549168,0.32160294,0.7288289,0.9361496,-0.34054625,-1.5691193,-0.6389683,0.08493895,1.2555152,0.3056011,0.36318946,-0.42628676,1.36844,-0.43534946,0.2943167,-0.62367046,-1.3473148,-0.15198874,0.14486817,0.58430284,-0.47714183,0.4958884,-0.71708053,-0.667638,0.5669191,0.39458403,-0.8211127,-0.99881196,-1.0454425,-0.18139215,-0.18220371,0.9506116,0.31604475,-0.06848155,-1.1228578,-0.6176269,1.2264798,0.94054294,-2.375217,0.32267225,0.08755717,-1.1848961,0.46347076,0.35559228,-0.32777923,-0.1895095,0.20984991,-1.2139953,0.8935082,-0.45888686,0.524469,1.4644753,0.04191414,1.4458282,-0.82656586,-0.68363404,-0.09468855,0.92413056,0.52975345,-1.6674476,0.87494636,-0.81619453,-0.06434038,1.6131182,-1.191754,-0.61737764,-1.1041775,-0.2214912,-0.6584277,-1.5218477,1.9936969,-2.4060597,1.7113292,-1.1006563,-0.82823193,-0.84696645,-1.0370362,-1.3097212,-0.38286024,0.51637113,-0.55600345,0.26945361,0.43093276,0.4972974,-0.025980607,-0.115774795,1.711703,-0.20501879,-0.033567578,-0.95440865,-1.3683326,-0.4272775,0.65388095,-1.3738681,-0.5297624,-0.5721752,-0.09503167,-0.27395824,-0.2545996,-0.98434544,0.96723175,-0.38131422,0.48237598,-1.230582,-0.70355165,0.17612816,-1.3833923,1.624743,-0.5550777,1.4756007,-1.035495,-0.63256127,0.079635166,-0.8275279,0.48628744,0.341765,1.8497015,0.45215437,0.80427706,0.30652833,0.6640028,-0.39602008,-0.45878172,1.2306697,0.40707815,2.0009403,-0.19270979,-0.022005782,1.2506194,0.018474422,0.50628835,0.19814542,0.32626733,1.6174968,-0.6430424,-0.80073124,0.34709725,0.13294272,-0.43306538,0.068230554,0.5197489,0.1560929,-0.14121614,0.07908312,0.7173239,-0.20812576,-1.7073365,-0.44999313,1.1807563,1.5149432,0.97857034,0.9949493,-0.010353059,-0.10463217,-1.3958267,0.48434138,1.5146706,0.8164617,0.24579208,-1.7779558,0.7499606,0.7909746,0.8655616,-1.8710933,-1.5562806,1.7131871,0.70108074,0.36076438,1.168965,-1.4735507,-1.5974851,-0.64316696,-0.56619936,-0.3242806,-1.0750678,-0.8849194,-0.02342248,0.40645355,1.2384644,1.2555969,0.39680734,0.15821941,-0.9368225,0.40743923,0.0104322955,-0.75509113,0.2735576,-0.24591804,0.6292435,-1.2066396,-0.6635239,0.6623635,-2.2307658,1.3935571,0.052979447,0.3339509,-0.21870993,-0.114548266,-1.0834904,0.16191103,-0.14377648,-1.5287099,-0.107107304,1.0515151,-2.224988,-1.0418088,1.2979496,0.9455046,-0.742374,0.58968437,0.6748259,-0.006928012,0.8780136,-0.23419379,-0.9559812,-0.5973059,0.10227038,0.13590655,-0.3084082,-1.2029604,-0.57773674,0.93416584,-0.83878994,-1.5310618,0.92473006,0.50262105,-2.0615568,-1.2775248,-0.033020683,0.058170773,0.5635154,1.0276417,-0.6484672,-0.99867505,-1.2329346,-0.02294536,-0.3064914,-0.21756205,-0.39733922,0.17117445,0.020307481,-1.0099574,0.08312212,1.8929356,0.0684094,2.215166,1.3693175,-0.20141612,0.062440977,1.1238229,-0.42549086,-0.31840652,1.1085614,-0.76521504,-1.1960807,1.3908442,0.06579643,-0.6484366,-0.14661178,0.8482638,-0.4969589,-0.40714574,-0.056038693,0.32956076,1.6323603,1.6153905,1.4552596,0.38687032,0.3255735,-0.7340455,0.4041782,-1.4410617,-0.514008,-0.5818447,0.48303872,1.8448545,-0.53438854,0.30155966,1.2674153,-1.2070987,-1.244924,-0.27299038,-0.10079891,-0.36602497,-0.63495827,0.2632149,-1.4240661,0.41329578,-2.182392,0.115434736,0.8975918,1.3613721,-0.85418254,0.101978295,0.82463396,-0.10599387,-0.4746626,-0.38131544,0.56633675,2.2581086,0.14201933,-0.56749904,0.77416885,-0.25315166,-1.607796,-0.41745502,-1.4972264,-0.8032785,0.08857124,-0.64731425,-0.4029523,-0.13366997,-1.0623554,1.4033546,0.18333568,-0.2973467,0.7264256,-1.4540292,0.87450784,0.74914,-0.82903206,1.5208851,0.8648412,-1.3057672,0.9226994,-1.6751261,1.943738,-0.89644253,1.1377363,1.9277937,0.67116135,-0.8108295,1.1234895,-0.8373699,0.5148997,-0.66352427,0.58407855,-0.9177027,0.30484006,-1.7143564,1.6684146,-1.5367162,-0.25976264,0.50946295,0.87898076,-0.73510957,0.52798975,-0.28613418,0.30824757,-0.45883566,-1.0813088,0.43047923,1.4130676,-0.09541775,-1.2033033,0.49572814,-0.07827285,-0.314077,-0.19596756,2.2408013,0.5793444,0.47695404,-0.9711285,-1.1890117,1.0443217,-0.45485896,-1.5577866,-0.8002452,-0.12079008,-0.12730543,0.116632216,-0.345696,0.9661573,-0.26286107,0.46008807,0.7926903,-0.5190781,-0.41588065,0.039114457,-0.30538747,-0.9248201,-1.4240553,0.5470232,0.6923748,-0.68298954,0.78050584,1.3132888,1.7396072,0.665083,-0.28396434,-0.50515836,1.0441713,0.15853935,1.0269296,-0.98286486,-1.2275639,0.5663843,1.1525695,-0.79071665,0.24768598,0.5750914,0.0015358581,-2.1796975,0.969484,0.020820595,-0.14724466,0.90194464,0.010170281,-0.5622801,0.7259727,0.17771925,0.5511513,-0.14014232,-0.5526974,-0.31031817,0.19344825,-1.0642191,1.0677516,-0.7024655,0.85315305,-0.70513374,0.4667692,-1.8158165,0.6507221,0.027830081,0.745664,0.6065782,0.69315183,-2.1051626,-0.57178247,0.015975738,1.4084204,1.0854828,-0.107183784,-0.4269054,-0.7354109,1.9980687,1.2498759,0.46482438,-0.3805828,0.15300517,0.08179054,-0.2838986,-0.7226951,-0.790418,0.7030828,-0.041147366,-1.2020507,1.6461307,-2.487844,1.120617,-0.12333302,-1.6569308,-0.14980587,0.30290172,-0.16322611,2.1329277,1.0071399,-0.83589756,-0.11266197,0.6726619,0.81499135,-0.4490842,0.10930577,-0.96246374,1.1872127,1.6964854,0.540987,-1.2365813,-0.25667003,1.0840328,-0.22727768,1.7472655,-0.32480648,-0.59917724,-0.48788252,-0.06451765,-1.0921309,-0.81022924,-0.7726177,0.10699685,-1.4327667,0.4092414,-0.3780603,-1.5483812,0.67382735,-0.56979465,0.43132386,-0.50819874,0.94519544,0.26185602,0.3534704,0.42934728,-0.26830885,-0.119807675,-1.0581999,-0.3842107,0.48123533,-0.79482174,0.8500945,0.8646446,1.148496,1.5761681,0.17968062,-2.245131,0.52442753,0.8269918,0.6383415,0.055829585,-1.1973009,-0.64059585,0.25491482,0.474369,1.450871,-1.5662348,-0.07474461,-0.07765871,0.626543,0.14843093,0.4582609,0.3486743,1.1019417,1.5899327,0.89002705,0.81433326,,,,,,,,,,,,,,,,,,,,,,,,,,,,,,,,,,,,,,,,,,,,,,,,,,,,,,,,,,,,,,,,,,,,,,,,,,,,,,,,,,,,,,,,,,,,,,,,,,,,,,,,,,,,,,,,,,,,,,,,,,,,,,,,,,,,,,,,,,,,,,,,,,,,,,,,,,,,,,,,,,,,,,,,,,,,,,,,,,,,,,,,,,,,,,,,,,,,,,,,,,,,,,,,,,,,,,,,,,,,,,,,,,,,,,,,,,,,,,,,,,,,,,,,,,,,,,,,,,,,,,,,,,,,,,,,,,,,,,,,,,,,,,,,,,,,,,,,,,,,,,,,,,,,,,,,,,,,,,,,,,,,,,,,,,,,,,,,,,,,,,,,,,,,,,,,,,,,,,,,,,,,,,,,,,,,,,,,,,,,,,,,,,,,,,,,,,,,,,,,,,,,,,,,,,,,,,,,,,,,,,,,,,,,,,,,,,,,,,,,,,,,,,,,,,,,,,,,,,,,,,,,,,,,,,,,,,,,,,,,,,,,,,,,,,,,,,,,,,,,,,,,,,,,,,,,,,,,,,,,,,,,,,,,,,,,,,,,,,,,,,,,,,,,,,,,,,,,,,,,,,,,,,,,,,,,,,,,,,,,,,,,,,,,,,,,,,,,,,,,,,,,,,,,,,,,,,,,,,,,,,,,,,,,,,,,,,,,,,,,,,,,,,,,,,,,,,,,,,,,,,,,,,,,,,,,,,,,,,,,,,,,,,,,,,,,,,,,,,,,,,,,,,,,,,,,,,,,,,,,,,,,,,,,,,,,,,,,,,,,,,,,,,,,,,,,,,,,,,,,,,,,,,,,,
シ,0.1636033356189727,0.561111569404602,0.963577687740326,-0.2531377375125885,0.2561720609664917,0.0037769393529742,0.6681210398674011,-0.2369826585054397,-0.4657158851623535,-0.1556741744279861,0.4122114777565002,-0.2101794779300689,-0.4992119073867798,0.2613545060157776,0.3428426682949066,0.2632754743099212,-0.1777097433805465,-0.5320543050765991,0.0649681985378265,-0.0062607061117887,-1.2514986991882324,-0.8283905982971191,-0.1893840730190277,0.6716632843017578,0.2074388265609741,-0.978362500667572,0.3778003454208374,-0.0211091451346874,0.0104807252064347,-0.4039858877658844,-0.5493969321250916,-0.0247840136289596,-0.1916356235742569,0.588911771774292,-0.7297840118408203,0.2907217144966125,0.2353024929761886,-0.5326734781265259,0.0372516028583049,-0.2326942980289459,0.2697002291679382,-0.3141800463199615,0.1987658143043518,0.4804547727108001,0.052745945751667,0.3140006065368652,0.2158393412828445,0.0833956524729728,-0.2613480985164642,0.2624966502189636,-0.6328907012939453,0.3625494837760925,0.6217379570007324,0.2134969681501388,0.106652446091175,-0.3822693824768066,0.2382412701845169,-0.3022715151309967,0.3150130808353424,0.5371038317680359,-0.4602276980876922,-0.0521640889346599,0.2732818126678467,0.233560174703598,0.0440126992762088,0.459627628326416,-0.310776799917221,-0.2558731734752655,0.1844891607761383,-0.9530168175697328,-0.0116699924692511,-0.0267543606460094,0.0759125724434852,-0.8652083277702332,0.6292843818664551,-0.1135312318801879,0.174959048628807,0.2808574736118316,0.0798219963908195,0.0707317367196083,-0.0850631669163703,0.2571819424629211,0.0551892518997192,-0.4449317455291748,-0.8189011216163635,0.0933475047349929,-0.6966170072555542,-0.6231308579444885,0.3715043663978576,0.0411418043076992,-0.195469856262207,-0.4279313087463379,-0.414786547422409,0.3399111330509186,0.486581027507782,0.6072031855583191,0.1653328835964203,-0.3066744804382324,-0.1960984468460083,0.2707450687885284,0.3154460787773132,-0.198801577091217,0.4089021980762481,-0.161339059472084,0.1772884130477905,0.1859771162271499,-0.3706162571907043,0.1487167775630951,0.4087929427623749,0.2127573937177658,-0.5675005912780762,-0.1415347009897232,-0.8027466535568237,-0.3715340495109558,0.1985450088977813,0.3180364966392517,-0.5262210369110107,0.1496967673301696,-0.2264241576194763,-0.026380781084299,0.0683838203549385,0.5679335594177246,0.1338820457458496,-0.8038051128387451,0.1470245718955993,0.5012581944465637,0.2987092435359955,-0.1029233187437057,-0.4276900589466095,-0.2983180582523346,-0.5082040429115295,-0.3896224796772003,0.0146926427260041,0.4399013817310333,-0.6635875701904297,0.5561978816986084,0.2441409528255462,0.1976242661476135,0.0307847503572702,-0.310484915971756,-0.4377128481864929,-0.0702986568212509,-0.0670259818434715,-0.5504514575004578,0.2806242704391479,-0.2523664236068725,-0.773504912853241,-0.3963729739189148,-0.3380880355834961,-0.2598858773708343,0.0316100306808948,1.265968918800354,-0.536586582660675,-0.3845497965812683,0.3121085166931152,0.2265555113554,-0.7506274580955505,0.0407783314585685,-0.0086836935952305,-0.0120559930801391,0.1465072035789489,-0.434125006198883,0.3764253854751587,0.4527550935745239,0.6107216477394104,-0.1433086544275283,0.1215642541646957,-0.2170065641403198,0.0892624035477638,0.3414625227451324,0.8294426202774048,-0.0434506572782993,0.6894717216491699,0.1754560470581054,-0.0819169133901596,0.3937259316444397,0.8955094218254089,-0.3234723806381225,-0.0285314228385686,-0.3221807777881622,-0.2763329446315765,-0.3619387447834015,0.2554941177368164,-0.4938167631626129,0.6150464415550232,-0.714162290096283,0.3507383465766907,-0.2791033685207367,-0.3053508698940277,-0.1471838653087616,0.0965518578886985,-0.3451727628707886,0.885943591594696,-0.3478475213050842,-0.5721448063850403,-0.3344023823738098,0.2664563357830047,0.1634293645620346,-0.5658764839172363,0.2493746131658554,0.216334730386734,0.1262945681810379,-0.0611438192427158,-0.6547394394874573,-0.5595773458480835,0.4156877100467682,0.2593433856964111,0.0345921441912651,0.1855775564908981,0.81205153465271,-0.3644900321960449,0.2777253687381744,0.5671217441558838,0.1164997667074203,0.113798089325428,0.2314918637275695,-0.1077049225568771,-0.4002515375614166,-0.0844152346253395,-0.193388819694519,0.6975213289260864,-0.3220672607421875,-0.5721579194068909,0.2380638718605041,0.0907755270600318,0.4227487742900848,0.1942300051450729,-0.1469082236289978,-0.111429713666439,0.128377765417099,-0.9451138973236084,-0.3792916238307953,-0.8438268303871155,-0.3373114466667175,-0.4898469150066376,-0.6033492684364319,-0.3420318067073822,-0.187918871641159,-0.6267412900924683,-0.0337494574487209,-0.1445643603801727,-0.4070040583610534,0.1445918083190918,-0.30048468708992,-0.1697904616594314,0.0613060146570205,0.0031667852308601,-0.3228898644447326,-0.4277336895465851,-0.0362180210649967,-0.0487673319876194,-0.4170413613319397,0.2107020020484924,-0.2122837454080581,1.036943435668945,0.6474319100379944,0.7517209649085999,-0.5991201400756836,0.4855745434761047,-0.4265500009059906,-0.3094269335269928,-0.3621403276920318,0.3366130590438843,0.3464748859405517,0.1144846230745315,-0.0778585597872734,-0.3501761853694916,-0.6980296969413757,-0.8475037813186646,-0.5567967295646667,0.5965973138809204,-0.1506955921649933,0.0554423034191131,-0.4012850522994995,0.1516161412000656,0.336203932762146,-0.6128433346748352,0.8596689105033875,-0.4064784049987793,0.4373247325420379,-0.8021085262298584,0.965873658657074,-0.0592792965471744,-0.088930606842041,-0.1726148575544357,0.4760210514068603,-0.8327115178108215,-0.0510946847498416,-0.7541890740394592,0.9489638805389404,0.3522171080112457,-0.4529930353164673,0.0723286345601081,0.2321283519268036,0.0494474358856678,0.4085912108421325,0.4257994890213012,0.2895153760910034,0.4385920464992523,0.1574307978153228,0.2889306247234344,0.1980244368314743,-0.1148607358336448,-0.3205969631671905,0.2449423521757125,-0.1758522689342498,-0.2829836010932922,0.5001189112663269,0.2650056481361389,-0.1706274151802063,0.6266308426856995,0.4882124364376068,-0.5540398359298706,0.4731266796588897,0.814007580280304,0.3709324300289154,-1.265225172042847,-0.462719976902008,0.385998785495758,0.2014256119728088,0.143208771944046,-0.2415150851011276,0.4116595089435577,0.5126283764839172,-0.345255583524704,-0.3808121681213379,1.2418192625045776,-0.267702966928482,-0.3135873973369598,0.1961263418197631,0.3140738904476166,-0.2268038988113403,0.1979412734508514,-0.6149446964263916,0.1073549911379814,0.6053560376167297,-0.4457778632640838,0.0998661443591117,-0.0748908668756485,0.0216349977999925,-0.3337031006813049,0.2572374045848846,-0.7124850153923035,-0.1461291909217834,-0.0859092250466346,-0.1520982533693313,-0.2600413262844085,1.1074728965759275,0.4221033155918121,0.8085469603538513,-1.0174399614334106,-0.5566771030426025,0.0952742025256156,0.1530475616455078,0.2620362937450409,-0.6846132874488831,-0.5069632530212402,-0.4785407781600952,0.1731855422258377,-0.4431758224964142,0.2968694269657135,-0.24700728058815,0.2778592407703399,0.1827481389045715,-0.44000905752182,0.3026061058044433,0.6951167583465576,0.1920225322246551,0.3094635009765625,0.4287703335285187,0.2227772921323776,0.5444815158843994,0.1397334635257721,-0.4710715711116791,-0.0470793843269348,-0.2889629602432251,0.6266775727272034,-0.0203951112926006,-0.6440169811248779,0.426964521408081,0.3350685834884643,-0.0775960758328437,-0.2388084977865219,-0.6172447204589844,0.2931431531906128,-0.4818062782287597,-0.1961764246225357,-0.3971295356750488,-0.0780908018350601,-0.2533243000507355,1.008183240890503,0.5932169556617737,0.2258384674787521,-0.7437592148780823,-0.7364584803581238,0.1433902531862259,0.0210463963449001,0.4733056128025055,-0.0631350576877594,0.2008484154939651,-0.0580213703215122,-0.3850026726722717,-0.280049592256546,-0.2874308228492737,-0.4905219376087188,-0.1702275872230529,-0.3807826638221741,-0.147157147526741,0.0808348581194877,1.0158981084823608,-0.0818671211600303,-0.004370572976768,0.2624228894710541,0.9211495518684388,-0.335390031337738,-0.1737891584634781,-0.7306902408599854,0.3335688412189483,0.4802128672599792,0.2594322562217712,0.4182129502296448,0.1956575512886047,0.6456239223480225,-0.2136932462453842,0.1787424236536026,0.5623208284378052,-0.0952494293451309,-0.4659020006656647,0.5894495844841003,-0.353551834821701,0.5185765027999878,0.5021246075630188,-0.2376965284347534,0.5330886244773865,-0.5828683972358704,-0.3418177962303161,0.1960365623235702,0.439268559217453,0.1021599173545837,0.0731368437409401,0.5089455842971802,0.7323586344718933,0.0620243400335311,0.534525454044342,-0.1531139463186264,0.0223901364952325,-0.0430824011564254,-0.3571098446846008,0.3915051519870758,-0.1267165541648864,0.4575133621692657,0.7474158406257629,0.0745801553130149,0.0334050059318542,0.4647896587848663,0.3221175670623779,-0.132783830165863,0.4436643421649933,-0.2163534760475158,-0.0820769295096397,-0.4788778722286224,0.5293567180633545,-0.43360435962677,0.0695783197879791,-0.2839755713939667,-0.069477804005146,0.3941607773303985,-0.4528413414955139,0.3873246908187866,-0.5118597149848938,-0.9780595898628236,-0.8962481021881104,-1.0405863523483276,-0.0377825200557708,-0.6197991371154785,0.1917845606803894,0.4336929619312286,0.3377228379249573,-0.5852713584899902,0.5866094827651978,0.5232565402984619,0.4369068741798401,0.0211797580122947,-0.3005701601505279,-0.329498142004013,-0.4395101070404053,-0.2453618943691253,0.1290901005268097,0.1257193833589553,-0.14954274892807,-0.485604465007782,-0.3824949860572815,-0.2386953830718994,-0.1579154729843139,-0.0722726732492446,-0.3969164490699768,0.2522070407867431,0.3051595389842987,-0.8789565563201904,0.4764496684074402,-0.294450581073761,0.4684979617595672,-0.4818902611732483,-0.3454395830631256,-0.2334645837545395,-0.0699124783277511,0.0146506465971469,0.5087404251098633,0.5976147055625916,-0.3362413942813873,0.317217081785202,1.04651939868927,0.3058985471725464,-0.6563881635665894,0.0283049121499061,-0.3907175660133362,-0.8868690133094788,0.5473998785018921,0.1714128702878952,0.5072013139724731,0.3823002874851227,-0.0345996581017971,-0.76572185754776,-0.2352195233106613,-0.1581593602895736,-0.6667020916938782,0.6334596276283264,-0.5278449058532715,0.6031165719032288,-1.001394271850586,0.4279980659484863,-0.4415233433246612,0.0644017681479454,-0.3051568865776062,0.4913522899150848,-0.1681446731090545,-0.5527747273445129,-0.1379607617855072,-0.4200040102005005,-0.4035248756408691,0.7793075442314148,0.4228866696357727,-0.6714585423469543,0.7570399045944214,0.8811750411987305,0.2145569324493408,0.0186129938811063,-0.0168943759053945,-0.4293434023857116,0.0567590780556201,0.1421727389097213,-0.0225387811660766,0.603763222694397,0.56138676404953,-0.3299057185649872,-0.3262313306331634,0.8162087202072144,0.1292272359132766,0.4442755579948425,-0.0490773431956768,-0.5764775276184082,0.1528856456279754,-0.0182719081640243,-0.2008824795484542,0.0378912128508091,0.7835245728492737,-0.4608275294303894,0.539143979549408,0.5294048190116882,0.0207973700016737,-0.0117460554465651,1.486467719078064,-0.3431360423564911,0.731328010559082,0.337306946516037,0.3415243625640869,-0.8939433693885803,0.3844484090805053,0.6331609487533569,0.2418284863233566,0.0961683839559555,0.088318258523941,-0.3438937962055206,-0.576559841632843,0.7114467620849609,-0.8872788548469543,-0.009042115882039,0.2598137259483337,0.5655202269554138,-0.1510202437639236,0.8814719915390015,0.515365481376648,0.0714452117681503,0.3477046489715576,0.2731968462467193,0.7529176473617554,0.4358554482460022,-0.0934442356228828,0.7085435390472412,-0.5229257941246033,-0.6610777974128723,0.5142320394515991,-0.4635368287563324,-0.0270550586283206,0.0968362018465995,-0.5858202576637268,-0.4646041393280029,0.5281018614768982,0.5531213283538818,0.362198144197464,-0.2891520261764526,-0.3393336534500122,-0.0722410976886749,0.0800727009773254,-0.2968769371509552,0.2656585276126861,-0.1764492392539978,0.7624269723892212,0.3610162138938904,0.1738498657941818,0.2634904682636261,0.3823133409023285,-0.0909759625792503,-0.0705301836133003,0.4688455164432525,0.1794443130493164,0.2476493418216705,-0.0035920403897762,0.4733014702796936,0.0341785736382007,-0.4408974051475525,0.7789172530174255,-0.3337045609951019,-0.5444247722625732,-0.2700710594654083,-0.0357808470726013,0.3648974001407623,-0.1813913881778717,-0.0201868526637554,-0.340008407831192,0.2288478314876556,0.1527169197797775,-0.7295870780944824,0.2882664501667022,0.3661386966705322,-0.149304062128067,0.1141342744231224,-0.1711955815553665,-0.395289659500122,-0.6547362804412842,-0.220074251294136,0.0437257811427116,-1.1788232326507568,-0.3561443388462066,0.6803038120269775,0.1584492772817611,-0.3371363282203674,-1.1833661794662476,0.4725238680839538,-0.365001767873764,0.4758161902427673,-0.0774253085255622,-0.0539039373397827,0.1834788471460342,-0.1411893665790558,-0.3533234894275665,-0.3160483539104461,-0.2004254013299942,-9.859247207641602,0.2976449728012085,-0.1248771175742149,-0.4893210530281067,0.1110296547412872,-0.3544816374778747,0.4842766523361206,0.6801800727844238,-0.3704840242862701,0.5966314077377319,-0.4415507018566131,-0.2758929431438446,0.6819625496864319,-0.1876354366540908,-0.3189501762390136,-0.2509037852287292,-0.5997794270515442,-0.4294027090072632,-0.2562982439994812,0.1988153904676437,-0.0207847580313682,-0.1338878720998764,1.0263043642044067,0.6937289834022522,-0.2525475323200226,-0.2988838851451874,0.2512713968753814,0.4533590674400329,0.3672648072242737,0.0686093121767044,-0.570196270942688,0.6500617265701294,-0.3537479043006897,0.191726416349411,-0.1362497210502624,0.1315823793411255,0.3134248256683349,0.0374453850090503,-0.4943714141845703,0.2524754703044891,0.5206920504570007,-0.1471624076366424,-0.5399802327156067,-0.0679523050785064,0.5883876085281372,-0.5378244519233704,-0.0984445810317993,0.2444182485342025,0.7359997034072876,-0.1326173096895218,-0.2001760452985763,-0.2775997221469879,0.6803111433982849,-0.1878238022327423,0.1431863605976104,-0.0060076965019106,0.6816072463989258,-0.3224541544914245,-0.2205148488283157,-0.5970794558525085,-0.3225646913051605,-0.1359771788120269,0.2457673847675323,0.7954339981079102,-0.1363817602396011,0.3457787930965423,-0.31969153881073,0.0621876642107963,-0.7236897945404053,-0.1568492949008941,0.3804731369018554,0.5976942777633667,0.3617646694183349,-0.0759989321231842,0.2414240390062332,0.2310068011283874,-0.627083957195282,0.039985042065382,0.3882933557033539,-0.0081037580966949,0.1015816703438758,-0.6113519072532654,-0.0239075180143117,0.9026625752449036,-0.7925040125846863,-0.0410769917070865,0.1705383360385894,-0.1098562330007553,0.4107948243618011,-0.3284217715263366,0.1153467446565628,-0.2102152407169342,-0.4222365021705627,0.5111948847770691,0.2240893393754959,-0.5371343493461609,0.1260983049869537,0.1600412726402282,-0.0152237880975008,-0.6845465898513794,-0.9949579,-0.70849776,0.96304595,0.8956275,-1.4102957,-0.6915995,-1.3574096,0.82601845,1.3393885,0.11188507,0.41480827,-0.39188093,-1.3206601,2.7006922,-0.50090796,0.0013296232,0.72437525,-0.9328478,0.09596245,-0.20794785,0.58687305,0.61289287,0.4236795,-1.1395105,0.94598323,0.45717183,0.92106926,-0.5276689,-0.5662495,-0.67861235,0.43732864,-0.6767472,-1.0094286,-0.75058556,0.25422055,-1.1778095,-1.4861643,0.9786736,-0.15442877,-0.6955719,-0.918505,0.6242911,-0.05212607,-0.35587528,-0.64832556,-0.11802192,1.6083813,-0.22029702,1.1879506,-0.55834645,-0.8905675,-0.6942214,0.41586727,0.63466203,0.38596696,-1.0044042,0.7016311,1.3519292,-0.08568753,-0.8710469,0.15009695,0.75900745,-1.1044345,-0.04079937,0.4357767,0.7863989,-0.34429818,-0.12870634,-0.16878895,-0.48137888,-2.1636882,-1.158737,-0.13542604,1.4910791,-1.5158546,0.6351198,-0.016638672,-0.8352378,0.19383892,0.06745442,0.37330964,0.17969295,-0.74740875,1.3415235,-0.4537645,-1.1853044,-0.65068144,-0.416714,-0.5848092,-0.3899367,-0.6932269,-1.5320265,-1.426424,-1.5143858,1.6442211,0.104375914,-1.0942695,-1.052946,-1.2225662,0.08563746,-0.03963282,1.3713834,0.13178049,-0.46100754,-0.61656225,-0.46152583,-0.5021744,-0.24752598,-0.44020042,0.8792461,-0.12077223,0.91814804,0.72597957,1.2453431,0.5037011,0.77595556,-1.675967,-0.47124076,-0.3951632,0.16052225,1.7484299,0.17921619,-0.80558383,0.87653905,0.15739563,0.7546362,0.036793757,-0.6647618,-0.123195685,0.0034179226,0.968048,-0.5860294,2.2201958,0.39718205,-1.127972,-0.73997086,-0.2176239,0.0032618165,0.6741511,-1.0856369,-0.5471,0.058006525,-0.24057165,-0.47342926,0.48753387,-0.8861356,0.024588121,1.0200872,1.5459573,0.05801317,-0.13300464,0.31087202,-1.539732,0.5376259,0.8125475,-0.2697455,0.2965878,0.80012405,-1.7003043,1.0588273,-0.36387998,1.5618837,-0.6905574,0.54105407,-0.20094487,0.3515413,-0.560725,0.48107156,-0.9259659,-2.3334394,-0.568535,0.5317044,0.35523668,0.13527556,0.21125753,-0.5687866,-0.015020165,0.1261099,-1.0780663,-0.6351139,1.3290193,0.97554713,0.10175034,1.1825504,-0.45383367,0.65746063,0.49357128,0.93725985,0.51943576,0.021420103,1.3310128,-0.5334221,1.0566776,1.0568279,0.9831723,2.6209524,0.5200067,-1.5138159,-1.7096392,0.8487555,-2.4808853,-0.20885202,0.61385846,-0.83093345,1.1941221,-0.96146023,-0.789307,1.4059793,0.53391576,0.11053145,-1.1702541,-0.99057215,1.299278,0.6575572,-0.49879903,-0.12581465,-0.7766632,-0.14953218,-0.80643785,-0.49246654,1.059097,0.9128712,0.43847975,1.317502,-1.0888603,0.87216455,0.44995803,-0.058411054,0.16839023,0.4479913,-0.73992836,0.35778388,0.7447687,-0.049446136,-0.28470084,0.6167317,-0.9143408,0.9938962,-0.45699626,0.6790107,0.4094785,-0.51341075,0.0071818708,-0.52106506,0.45966753,0.5509068,1.2628534,-0.3020444,-1.1166615,-0.23549414,0.19770066,1.0868922,0.396851,0.36569676,0.1711289,1.3358049,-1.0687733,0.24331966,-0.49376768,-0.6521252,-0.050507706,0.4368469,0.16283707,-0.15249181,0.499528,-0.7703883,-0.61059004,0.3781762,0.49645033,-0.95062923,-0.763258,-0.98974574,-0.65024245,-0.32100803,0.4038381,0.27608636,-0.35203066,-1.0947237,-0.8596361,0.17713472,1.0247587,-1.7756077,-0.3406262,-0.30998057,-0.9302346,0.40652603,-0.17012194,-0.19416909,-0.23445062,0.72848785,-1.0996616,0.6949633,-0.22555971,0.99346036,1.7682413,-0.0059571387,1.4616238,-0.45742255,0.0828018,-0.34581393,0.9225938,0.8673614,-1.1810402,0.7684753,-0.26686805,-0.62566084,1.3702189,-1.7528969,-0.7221285,-1.1507535,0.50227296,-0.52178895,-1.2679436,2.0493767,-2.4412887,1.6066471,-1.6369568,-0.545629,-0.5650853,-0.31022984,-1.375197,0.40510064,0.6877372,0.1078851,0.48936462,0.15988578,-0.0701834,0.35508564,0.04072702,1.0721662,0.07661709,0.73479825,-0.99598247,-1.5727491,-0.055780612,1.0528146,-1.2224169,-0.9788229,-1.112427,-0.42525554,0.46897388,-0.70728254,-0.49538246,0.8573739,-0.061878778,0.77988183,-1.1369872,-0.5198953,0.13409017,-1.0078138,1.2429937,0.20185933,0.9813636,-0.5877261,-0.2945085,0.7462917,-1.4008583,-0.010290337,-0.342225,1.7009914,0.5134146,0.0762644,0.38323134,0.71639806,-0.33255556,-0.41040564,1.3411067,0.4247759,1.6132416,0.27544624,-0.5654205,1.3213147,-0.037089992,0.9141728,-0.5050287,-0.10659263,1.715238,-0.022629434,-0.893521,-0.11546316,-0.066530205,-0.084683105,0.096878015,0.41151285,0.22700357,-0.15871945,0.53229696,0.51480275,-0.7654068,-1.5193195,-0.46138668,1.0701665,1.3194593,1.1078889,1.2386878,-0.8114236,-0.69630945,-1.2804527,0.23352925,1.3549564,-0.09285583,0.49413705,-1.4719484,0.7550295,0.46008044,0.68610656,-1.1550391,-1.7070192,1.5103686,0.73699886,0.08895687,1.5493611,-1.0647576,-1.8854151,-0.50808203,0.13267627,-0.1843915,-0.60389054,-0.83967716,0.552649,0.10548179,1.1936342,0.6333028,0.8813101,0.040447406,-0.14529534,0.10835715,0.3884606,-0.53557026,0.047387887,0.1801734,0.5759314,-1.7777208,-1.0548244,0.6149054,-1.8056462,1.0471014,-0.43525165,0.13364413,-0.4245183,-0.31786948,-0.6488012,-0.2748912,-0.17658658,-0.7261363,-0.7721447,0.1688047,-1.4112236,-1.5236309,1.0174129,1.4273432,-1.1425539,0.06106512,0.6491922,-0.053375326,0.46655625,0.30058578,-0.3986029,0.06929259,-0.4722043,0.30775943,-0.69235927,-1.2887418,-0.42766023,0.21513005,-1.2987356,-1.0007269,1.1048609,1.0428264,-1.555745,-0.7296144,-0.30439287,-0.50101054,0.6262984,0.9932047,-0.2874963,-0.3638001,-0.60769665,-0.4250745,0.07733139,0.25065634,-0.38246942,-0.4044989,0.12525426,-0.32271355,0.11947842,1.8469731,0.38956946,1.2079945,0.60846674,0.38040382,-0.14020129,0.6896051,-0.32544133,-0.40906364,0.86563396,-1.1905601,-0.7369627,1.0897563,-0.3876283,-1.0761206,0.021976763,0.76334304,-0.40065217,-0.26550603,0.113784075,0.83626807,1.4341778,1.2973346,1.9470463,-0.062052727,-0.18488574,-0.65054566,0.7029306,-1.0017722,-0.8717591,-0.37699422,0.57802415,2.2100034,-0.8155875,0.09771441,0.8459403,-0.9057083,-1.1612427,0.21493146,0.066717565,0.064521745,-0.62523067,0.49065453,-0.78303605,0.26695094,-1.3845972,0.18041396,0.7650813,0.9718213,-0.6971077,0.12478445,0.56963193,0.34971112,-0.9314882,0.16408631,0.80667436,1.8184311,-0.021363918,-0.86121285,0.64995015,-0.26186338,-1.8014596,-0.065575,-0.8608793,-1.0968678,0.23564935,-0.011409817,-0.20758712,-0.3534029,-0.69458437,1.1594194,0.6313393,0.13977906,0.27459973,-1.1862675,1.8577154,-0.04110848,-0.8388624,1.0726209,1.0981337,-1.4165115,0.44448414,-1.4113111,1.5311046,-0.3553409,0.5319293,1.2923218,0.41331688,-0.5572117,1.2148806,-0.6863743,-0.019365007,-0.6199852,0.7317135,-0.43144512,0.23704843,-2.0724018,1.4028903,-1.2060581,-1.0654074,-0.11219983,0.35672194,-0.44574243,-0.06331396,-0.72686523,0.23617706,0.25798258,-0.85777026,0.54090476,2.110764,-0.17848065,-1.0276426,0.7290902,0.15393916,-0.74441445,-0.012562849,2.3011117,-0.04351174,1.2210841,-1.1523894,-0.7914817,0.94594467,-0.39249817,-1.1146094,-0.16412324,-0.46559462,0.055539407,0.5228872,-0.32754758,0.6734297,-0.71962845,0.607977,1.0362575,-0.32507744,0.22959463,0.5232705,-0.8794012,-0.9162685,-1.4219549,0.5893444,1.0338839,-1.0080166,0.51794106,0.6568595,1.6076132,0.9562963,-0.17569181,-0.8092947,1.0425227,1.08425,0.8809757,-0.88822955,-1.4467843,0.8373513,1.1160021,-0.69973147,0.7943773,-0.14190625,-0.53198457,-1.5082552,1.135673,0.03716214,-0.20735535,0.8985615,0.24383113,-0.44665766,0.70998544,-0.13793662,0.79166496,-0.21460035,-0.5851808,-0.00028162,0.053495485,-0.6551173,0.43248206,-0.88516206,0.34539244,-0.5159164,0.7515126,-1.6191498,0.92220336,-0.5064005,0.5835831,0.6832713,0.32891172,-1.0290439,-0.59852946,-0.25165302,1.5371423,0.9692175,-0.0063469247,-1.162525,-0.2704869,0.91389114,1.021142,0.1821552,-0.16089544,-0.37109184,-0.28539348,-0.61374474,-1.1966102,-0.61522675,0.54374015,0.43200994,-0.9179824,1.0931365,-1.8327519,0.6146687,-0.22854292,-1.638524,0.011907304,0.3118931,-0.4681398,2.1479158,1.3344172,-0.27963132,0.09899113,0.9349173,0.73560554,-0.6906926,0.18313558,-0.7054432,0.89992636,0.9870372,0.52657086,-0.9427401,-0.21673834,0.37911576,-0.41187525,1.4605429,-0.45804185,-0.82463485,-0.7499391,-0.2596725,-0.7200707,-0.4263805,-0.91443884,0.33532876,-1.4650625,0.6518122,-0.766888,-1.0092303,0.8086405,-0.6464619,0.1877996,-0.45937222,1.0853698,0.93856126,0.5258198,0.22889714,-0.3779158,-0.059985984,-1.0408157,-0.39925653,0.5701534,-1.0887911,0.5825728,0.5880672,1.1500926,1.8968418,0.4137307,-0.8431268,0.9384282,0.2817882,0.19892426,0.016778667,-0.68559766,-0.3869579,-0.04371975,0.0591384,0.52496564,-1.8737656,-0.5393285,0.113238975,0.48136035,0.17177288,0.63477826,0.38472223,0.51415503,2.1653857,0.9186236,0.2149448,,,,,,,,,,,,,,,,,,,,,,,,,,,,,,,,,,,,,,,,,,,,,,,,,,,,,,,,,,,,,,,,,,,,,,,,,,,,,,,,,,,,,,,,,,,,,,,,,,,,,,,,,,,,,,,,,,,,,,,,,,,,,,,,,,,,,,,,,,,,,,,,,,,,,,,,,,,,,,,,,,,,,,,,,,,,,,,,,,,,,,,,,,,,,,,,,,,,,,,,,,,,,,,,,,,,,,,,,,,,,,,,,,,,,,,,,,,,,,,,,,,,,,,,,,,,,,,,,,,,,,,,,,,,,,,,,,,,,,,,,,,,,,,,,,,,,,,,,,,,,,,,,,,,,,,,,,,,,,,,,,,,,,,,,,,,,,,,,,,,,,,,,,,,,,,,,,,,,,,,,,,,,,,,,,,,,,,,,,,,,,,,,,,,,,,,,,,,,,,,,,,,,,,,,,,,,,,,,,,,,,,,,,,,,,,,,,,,,,,,,,,,,,,,,,,,,,,,,,,,,,,,,,,,,,,,,,,,,,,,,,,,,,,,,,,,,,,,,,,,,,,,,,,,,,,,,,,,,,,,,,,,,,,,,,,,,,,,,,,,,,,,,,,,,,,,,,,,,,,,,,,,,,,,,,,,,,,,,,,,,,,,,,,,,,,,,,,,,,,,,,,,,,,,,,,,,,,,,,,,,,,,,,,,,,,,,,,,,,,,,,,,,,,,,,,,,,,,,,,,,,,,,,,,,,,,,,,,,,,,,,,,,,,,,,,,,,,,,,,,,,,,,,,,,,,,,,,,,,,,,,,,,,,,,,,,,,,,,,,,,,,,,,,,,,,,,,,,,,,,,,,,,,,,,
イ,0.2505481839179992,0.4489372670650482,0.1492974162101745,-0.5586414337158203,-0.0013604935957118,0.0918458104133606,0.3721223175525665,-0.0234025865793228,0.0832772254943847,-0.4972952902317047,0.922433853149414,0.0710767582058906,-0.3678937554359436,-0.0582557208836078,0.4592601954936981,0.0477102994918823,0.3026152551174164,-0.0985034108161926,-0.3389739096164703,-0.3084463775157928,-0.4294740259647369,-0.4628788530826568,0.0032123664859682,0.1254025250673294,0.4180895090103149,-0.4004127383232116,-0.0911752507090568,0.2276809960603714,-0.1435918509960174,-0.1566646099090576,-0.3757165074348449,-0.3744196891784668,-0.1879740059375763,-0.2184703797101974,-0.278684914112091,0.8278489112854004,0.1410537958145141,-0.2761842608451843,0.0495626181364059,-0.0305525045841932,-0.2750777900218963,-0.103702962398529,0.1346310377120971,-0.2775102853775024,-0.3408503830432892,0.5337256789207458,0.0850845575332641,0.2999982237815857,0.3017307221889496,-0.0298516284674406,-0.4111286401748657,0.4123713672161102,0.2305360287427902,-0.0554429590702056,-0.0002612370881251,-0.1306027173995971,-0.1068493500351905,-0.177051767706871,0.1526751071214676,-0.0106077278032898,-0.080419547855854,-0.2179279178380966,0.1381518840789795,-0.0645262748003006,-0.4898168444633484,-0.2554144263267517,0.0158404614776372,0.0089113507419824,-0.1771092265844345,-0.5936737656593323,-0.3995041847229004,0.2752134203910827,0.1364410668611526,-0.409847617149353,0.4420993030071258,-0.3259541392326355,0.3144108355045318,-0.1611713469028473,-0.1378859132528305,-0.1059435307979583,-0.2272272706031799,0.4182016253471374,-0.1328671723604202,-0.6189823150634766,0.1171788424253463,0.0059523768723011,0.1065851971507072,-0.4834829270839691,0.3780913650989532,-0.5386707186698914,-0.3544098436832428,0.272403359413147,0.5725651383399963,0.3448121547698974,-0.2858032286167145,0.0702245160937309,0.1583373248577118,-0.2321749329566955,-0.2503252625465393,-0.1264444589614868,0.5010859966278076,-0.3914403915405273,0.1215318441390991,-0.1627832204103469,-0.1635713726282119,0.1289453953504562,-0.4897728264331817,0.5729210376739502,-0.0315574333071708,-0.1191677451133728,-0.2018569260835647,-0.2577365636825561,-0.3563779592514038,0.4040128290653229,-0.2662290036678314,-0.1149513870477676,-0.1682388335466385,0.3997953832149505,-0.2984249293804168,0.1948220431804657,0.2346782982349395,0.2928614318370819,0.0676141455769538,0.1553054451942443,-0.0961431860923767,0.5456915497779846,-0.2279289662837982,-0.0558218955993652,0.0611917041242122,-0.2349888235330581,0.2706878185272217,0.0724034383893013,-0.3393912613391876,-0.1392006874084472,-0.5784204006195068,0.2526203095912933,-0.155659407377243,0.0599726513028144,-0.0823525488376617,-0.5838775634765625,0.047910239547491,-0.2668199837207794,0.2308844178915023,0.1897561997175216,0.0472326166927814,0.0304461829364299,0.4092461466789245,-0.2077170759439468,0.446753054857254,0.1353139877319336,-0.0519040711224079,0.783359169960022,-0.3722396194934845,-0.2989800870418548,-0.2798097133636474,0.042486522346735,-0.3434524536132812,0.0400078408420085,0.0653272718191146,0.4727227985858917,0.2746033072471618,-0.6966155767440796,0.0782220959663391,0.4430415630340576,0.2624966502189636,0.7815207242965698,0.1209591776132583,-0.0958712175488472,-0.0241772830486297,0.5504213571548462,0.2618978321552276,0.4256070256233215,0.1255105286836624,-0.5663151741027832,0.2344573885202407,0.5653722882270813,0.1362340450286865,0.1511902064085006,0.2922266721725464,-0.4613509178161621,0.1085969433188438,-0.4493367969989776,-0.2269296944141388,-0.4779540002346039,0.5775596499443054,-0.1593138724565506,-0.1407499462366104,0.0492161028087139,0.0404408201575279,0.0006456886767409,-0.5783886313438416,0.0301188584417104,0.5472155809402466,-0.4307481944561004,-0.0494826287031173,-0.1220207810401916,-0.0579941235482692,-0.3472139537334442,-0.1853754818439483,0.5233907103538513,-0.0871587991714477,0.2898628711700439,-0.2703546583652496,-0.2009024322032928,-1.124642014503479,-0.222978800535202,0.2935783565044403,0.4990005493164062,0.2641696035861969,0.1191057860851287,-0.4838886857032776,0.2278601378202438,0.4431247413158417,0.4852368533611297,0.0213789027184247,0.0502767190337181,-0.2780689299106598,0.179585114121437,0.3599025011062622,-0.5641339421272278,0.0423757135868072,-0.1109554767608642,0.0774233862757682,0.3421428501605987,-0.2297710478305816,-0.103759691119194,-0.0296202395111322,0.0609361641108989,-0.1472322195768356,0.7782184481620789,0.2733465433120727,-0.0964207574725151,-0.5749717950820923,-0.4450890123844147,-0.9197883009910583,0.2412146925926208,-0.1610824167728424,0.22455695271492,0.3092661798000335,0.297025203704834,0.2582457661628723,-0.2680031061172485,-0.1428358107805252,-0.2700835466384887,-0.2408133894205093,0.3363486230373382,0.1937740296125412,-0.1581805199384689,-0.5909778475761414,0.3315999209880829,-0.5108320713043213,-0.2683800160884857,0.6358513236045837,-0.1435994505882263,0.5744237899780273,0.1409382820129394,0.4897727072238922,-0.0853540748357772,-0.1874617785215377,-0.0955950766801834,0.0436156764626503,-0.4138393998146057,-0.1069721728563308,-0.2344851791858673,0.0109996134415268,0.1046502217650413,0.0584264323115348,-0.636326253414154,-0.0737071558833122,-0.3163428604602813,0.1024644523859024,-0.5688919425010681,-0.0704476460814476,0.230291873216629,-0.3569014072418213,0.250668466091156,-0.1041097939014434,0.3356075882911682,-0.2991388738155365,-0.0898166894912719,-1.0346769094467163,0.462022066116333,-0.7326732873916626,0.3542755842208862,0.1198809146881103,-0.1020419746637344,-0.0654364451766014,-0.1256033927202224,-0.1999105513095855,0.5118235349655151,0.1648826599121093,-0.2880998849868774,-0.5125777721405029,-0.0331790335476398,-0.1484315097332,0.0892459005117416,0.1570788919925689,-0.2203528583049774,0.0077931177802383,0.118221990764141,0.5483359098434448,0.1169387027621269,0.1514610946178436,-0.168676421046257,-0.3166066408157348,-0.8211398720741272,-0.174249917268753,0.1659409701824188,0.6097294688224792,-0.3898724913597107,-0.1515483856201172,1.065920114517212,-0.1712241768836975,-0.2753693759441376,0.2073781341314315,0.4925227761268616,-1.4006301164627075,0.1897653192281723,0.588225245475769,0.0082712536677718,0.0532373040914535,0.3261024951934814,0.305587887763977,0.3564168214797973,-0.5224007368087769,-0.0392370522022247,0.3144610822200775,0.3735979497432709,-0.0036170836538076,-0.3670718371868133,0.3963320851325989,-0.0700402110815048,0.0745707526803016,-0.612056314945221,-0.3191026151180267,0.4119139909744262,-0.0874440968036651,0.0874632224440574,-0.0170665271580219,-0.3100562393665313,0.0694663971662521,-0.2886847555637359,0.2692031264305115,-0.325777143239975,-0.2060827612876892,-0.2726702988147735,0.2635100781917572,0.449198842048645,0.661635160446167,0.5164912939071655,0.3551589548587799,0.2686977684497833,0.4473485052585602,0.3802987933158874,0.4603124260902405,0.3109914064407348,-0.1063156351447105,0.0195352584123611,0.5475675463676453,0.3219617009162903,0.2603946328163147,-0.0276618730276823,-0.2409785836935043,0.6404382586479187,-0.0342877991497516,0.4841922223567962,0.4391713440418243,0.6220520734786987,0.3925226628780365,0.2461102455854416,0.4162329435348511,-0.1992395222187042,-0.1421195566654205,-0.3447634279727936,0.2172411680221557,-0.2869605720043182,-0.159542977809906,-0.1537368595600128,0.2500409781932831,-0.1458094269037246,-0.51259446144104,0.1407272219657898,-0.4438359141349792,-0.0136881181970238,0.1929426491260528,-0.2214354574680328,-0.5873409509658813,-0.4135623872280121,-0.4071406424045563,-0.5993702411651611,0.487648457288742,0.2242782115936279,0.1675911098718643,-0.5403475761413574,0.1199017167091369,0.1179696023464202,0.1697641909122467,-0.1759710162878036,0.0114829167723655,-0.1525502800941467,0.0282090436667203,-0.1229961067438125,0.0094847762957215,-0.6527937650680542,-0.4276649355888366,-0.5186935663223267,-0.8451845645904541,-0.1182984411716461,0.1161651164293289,0.3922761380672455,-0.0325253829360008,0.1955144107341766,0.1770944148302078,0.2159095853567123,-0.2994886338710785,-0.1859803646802902,-0.8119920492172241,-0.0156768765300512,0.2146668434143066,0.2322666496038437,0.232969045639038,0.1962420046329498,0.1099632307887077,-0.0482075437903404,-0.2861345410346985,-0.012153910472989,-0.2400132715702057,-0.2711018323898315,0.9789894223213196,-0.2605230808258056,0.4552047252655029,-0.1963374316692352,0.1221195682883262,0.3167569637298584,-0.1554841697216034,-0.112817458808422,-0.0907303839921951,0.4706625342369079,-0.1368854939937591,-0.1007928028702735,0.0552294701337814,0.4654022455215454,-0.323762983083725,0.1653086394071579,-0.0653367415070533,0.1071037575602531,0.2053379118442535,-0.0762300416827201,-0.1510095745325088,-0.2405013442039489,0.1477335095405578,0.2341473698616027,0.2862294316291809,0.2517187595367431,0.2906464636325836,0.603635311126709,0.0465304367244243,0.2981800138950348,0.2586971819400787,0.7238072156906128,-0.2899322211742401,-0.2150292694568634,-0.4939345717430115,-0.0892949178814888,-0.4694490730762481,-0.1574169397354126,0.5626305937767029,-0.2203343510627746,0.2118527293205261,-0.1339785903692245,-0.6529372930526733,-0.0651318654417991,0.0051952362991869,0.0690673440694809,0.0703841000795364,0.3648920953273773,0.4399062097072601,-0.0126997204497456,-0.6327009201049805,0.5944579839706421,-0.3083150088787079,0.5145155787467957,0.3459455370903015,-0.5750617384910583,-0.2742610871791839,-0.0764722600579261,0.0789083093404769,0.0509687885642051,0.2437104284763336,0.5642279982566833,-0.3491406440734863,-1.0541503429412842,-0.1875897049903869,0.253937304019928,-0.1902288049459457,-0.4174838066101074,0.2181191146373748,0.1227318570017814,-0.9403929114341736,-0.6611847281455994,-0.3907082676887512,-0.2368012964725494,-0.0750048086047172,-0.9417609572410583,0.2107371240854263,0.0918762311339378,-0.0685869976878166,0.4357554912567138,0.0065562450326979,0.0523173697292804,0.2633278965950012,0.4124357998371124,0.32712522149086,-0.5278412699699402,-0.0882996395230293,0.1802866458892822,-0.0107608418911695,0.0757314711809158,0.4335595369338989,0.0022350514773279,0.1346089839935302,-0.0360789820551872,-0.6570267677307129,-0.1326983571052551,-0.3951635062694549,-0.8622023463249207,0.3906485438346863,-0.0485257804393768,0.2440661787986755,-0.4389907419681549,0.3586048185825348,-0.2363224476575851,0.0419668890535831,0.1436831504106521,0.0125273689627647,0.0706452205777168,-0.6102577447891235,0.3147449195384979,-0.4907277226448059,-0.4119032323360443,0.8037401437759399,0.6327239871025085,-0.277031272649765,0.0262137148529291,0.3444098234176636,0.0450162589550018,-0.3139759302139282,0.0423781313002109,-0.0282185282558202,-0.0554161630570888,-0.1430779546499252,0.2068943828344345,0.3075024485588074,0.0210439786314964,-0.2298358529806137,-0.2397428303956985,0.5746675133705139,0.4281243979930877,0.2773855924606323,-0.1015438437461853,-0.0849071964621543,-0.2149445414543151,-0.3835354745388031,0.1777462214231491,0.1371704339981079,0.6504777669906616,-0.1978227198123932,0.90113627910614,-0.1241719648241996,-0.3456954061985016,0.2918019294738769,0.6946764588356018,-0.100216694176197,0.2651370167732239,0.1185874417424202,0.1118910908699035,-0.889651358127594,0.1925767362117767,-0.256352037191391,0.2200701981782913,0.1242488473653793,0.4356253743171692,0.467876672744751,-0.6214590072631836,-0.260323166847229,-0.1672984957695007,0.1883513331413269,0.0608341209590435,0.5436148047447205,-0.025854293256998,0.0934903025627136,0.2462126761674881,-0.1927277445793151,-0.0298794582486152,0.1243695616722107,0.0780878812074661,0.8339083194732666,0.2224399149417877,0.0871190205216407,-0.2118162512779235,-0.8105356693267822,0.3458636999130249,-0.0689836740493774,0.018697315827012,0.4625156223773956,-0.282231330871582,0.1249693036079406,0.3071497082710266,0.6096946001052856,0.1468066424131393,-0.2993062138557434,-0.793890118598938,0.1002339199185371,-0.0204421188682317,-0.0992076396942138,0.2560797929763794,-0.0415349118411541,0.3648510277271271,0.203915536403656,-0.1634592562913894,0.0352919995784759,0.5447142124176025,-0.1733648031949997,0.0036587237846106,0.304246574640274,0.1871929317712783,-0.4307031333446502,0.0009281226666644,-0.2076293379068374,-0.4050754308700561,-0.4266373217105865,-0.2039306312799453,-0.2270745187997818,-0.0535288043320179,-0.1840565502643585,-0.0797881931066513,0.2254985123872757,0.1304506063461303,-0.1006392464041709,-0.3923006653785705,-0.3506778478622436,0.5158728361129761,-0.7764759063720703,-0.1357771307229995,-0.1237556636333465,0.0765950009226799,-0.1074878200888633,-0.0110861044377088,-0.3666615784168243,-0.1664658933877945,-0.1050653979182243,0.1489000916481018,0.0398935228586196,-0.416027158498764,0.2048544883728027,0.2299579083919525,-0.1175116971135139,-0.788458526134491,0.1993530094623565,-0.0932439640164375,0.6569687724113464,-0.1900956332683563,0.2818269431591034,-0.2750597894191742,0.2358642965555191,-0.3131818175315857,-0.1302007734775543,0.0328198932111263,-10.583672523498535,-0.0490938015282154,-0.445158988237381,-0.1263294517993927,-0.4172158241271972,0.4067028164863586,0.6914451718330383,0.2893685698509216,-0.4186541438102722,0.0356551110744476,0.3733002245426178,0.3360385596752167,0.267772227525711,0.3577016592025757,-0.6444789171218872,-0.2057143747806549,0.1316499561071396,-0.0891802087426185,-0.1396465450525283,-0.2161887139081955,0.2653757333755493,-0.0017534146318212,0.2895424365997314,0.6346953511238098,0.0794324725866317,-0.5257126092910767,-0.4686369895935058,0.2963267862796783,0.0342756062746048,0.2951556444168091,-0.3470078706741333,0.142052948474884,0.0479567125439643,0.319089412689209,-0.3116777241230011,-0.2718498408794403,-0.1247318685054779,0.3276664912700653,0.1142612621188163,0.191989004611969,0.2599020004272461,0.657625675201416,0.285983681678772,0.0854373276233673,0.2722641825675964,0.4464370608329773,0.5172173380851746,0.294055163860321,0.6834058165550232,-0.0487478226423263,0.0203231442719697,0.3268148303031921,-0.1709272563457489,-0.1003255695104599,0.3273875713348388,0.0490538142621517,0.7690467834472656,-0.6563530564308167,-0.44570192694664,0.073697306215763,-0.0454915389418602,0.0713259354233741,0.9178944230079652,0.5181217193603516,0.0308233760297298,-0.0776502043008804,0.312881737947464,0.4847948849201202,-0.5009794235229492,-0.2229619175195694,-0.0355613268911838,0.2150739580392837,0.0117330383509397,-0.0769709050655365,-0.5127115845680237,0.275899589061737,-0.004084981046617,-0.2585968971252441,0.3279469013214111,0.2067940235137939,0.1488009393215179,0.2203200012445449,0.015926444903016,0.1426022797822952,-0.5167419910430908,0.1087146177887916,-0.2099006623029709,0.1725313067436218,0.0848772972822189,-0.4644400477409363,-0.07003665715456,-0.2248544692993164,-0.0309130512177944,0.7703751921653748,0.4164022207260132,-0.0329809635877609,-0.0987273156642913,0.102551057934761,0.5012519955635071,0.0252322237938642,-1.033723,-0.36690736,1.054615,0.26227912,-1.5948735,-0.45050442,-1.7314562,1.0861539,1.2679452,0.110473074,0.965725,-0.108210094,-1.0725722,2.1216066,-0.8202918,0.17354496,0.9718676,-1.073626,0.2905121,0.26678506,0.40662777,0.55075425,0.635289,-1.4143982,1.0343143,0.27583393,0.62054044,-0.37230444,-0.2562063,-0.08328027,0.43986258,-0.50878197,-1.280078,-0.49745357,0.2603253,-0.37488058,-1.6760479,1.3551949,-0.054663975,-0.42921802,-1.4509163,0.97233963,0.095354475,-0.45884368,-0.6801267,-0.4760759,1.559493,-0.35077628,1.1579541,-0.47662708,-0.91149956,-0.5041397,0.9203076,0.5317771,-0.0005173981,-0.63370293,1.7760288,1.3597473,-0.38516405,-0.1629535,0.44545916,0.70058465,-0.767394,-0.94902873,0.40746987,0.7085882,-0.13870905,0.60218036,0.21362238,0.38421488,-1.8165807,-1.5265144,-0.42697296,1.6516734,-1.7499404,0.78430086,-0.51687115,-1.1412565,0.45885184,0.22069813,0.5306833,-0.6148959,-0.4483643,1.3938726,-0.9498705,-0.8868277,-0.64414304,-0.9483785,-1.30791,-0.0572385,-0.37047327,-1.8685175,-0.9429858,-1.5257434,1.638301,0.24806589,-0.8158167,-1.073332,-0.7460305,-0.15848063,-0.22120924,1.4495254,0.54017,-0.37052193,-0.77937144,-0.66633856,-0.8172793,-0.5368641,-0.2583381,0.5948274,-0.010594663,0.8676103,0.5537302,1.5845652,0.4005935,0.9892731,-1.1715927,-0.6279213,-0.6425291,1.1486573,1.5594579,0.3292909,-0.35321367,0.31267548,-0.08094042,0.72916865,0.012484863,-1.0409656,0.21075016,0.6602737,0.8755717,-0.04241923,2.2856643,0.88281626,-0.48883656,-0.5556483,0.22656684,0.40091905,0.84629387,-1.0370833,-0.6860073,0.3633801,-0.6371995,-0.23392814,0.5943247,-1.0885152,-0.27722412,0.71368843,2.1229784,0.28455248,-0.2376405,0.40492114,-1.4018873,-0.083556734,0.88278455,-0.33220652,-0.26086,1.1050354,-1.3200464,1.1498243,-0.39705062,1.2224473,-0.65939075,1.0273253,-0.29126546,0.7206249,-0.54254645,0.37949482,-1.0328647,-2.4920511,-0.42190897,-0.02692926,0.35499942,-0.34181818,0.7791767,-0.44884488,0.047230262,0.2616342,-1.6235008,-0.6046491,1.6043471,0.9967242,0.25212073,1.4740763,0.015467656,0.74820477,0.84954876,0.4493148,0.6318647,0.45037308,1.4118763,-0.31392905,0.92817193,1.3043159,0.9833846,2.9220092,0.37986565,-1.2059268,-1.7942529,1.3781182,-2.578688,-0.4476823,0.810899,-1.1617066,0.8326459,-1.5824789,-0.69739103,1.8495245,0.3794808,-0.25401318,-1.5297171,-1.5296025,0.4559195,0.954804,-0.61714095,0.20653129,-1.1881816,0.41555032,-0.8343585,-0.4994061,1.1640788,0.9256592,0.6245004,0.828554,-0.9985084,0.97838736,-0.2105223,0.11008424,0.45266172,1.2327694,-0.6222931,0.6396593,0.1315629,0.20546003,-0.08100957,1.005186,-0.52716166,0.2901203,-0.41013286,0.6244456,0.8022795,-0.54501057,0.68999094,-0.273855,0.45029327,0.9796741,1.2684455,0.054772466,-1.928165,-0.9316308,-0.07131696,1.2881322,0.2357318,0.47126475,0.26523057,1.2516303,-0.74086976,-0.10933041,-0.19463837,-0.49074027,-0.3686734,0.7030735,0.7860227,0.08617544,0.37817904,-0.8422041,-1.0012711,0.15112682,0.13840477,-0.48379412,-1.0042338,-0.65352094,-0.6393116,0.08933071,0.954999,0.39554206,-0.47636366,-1.4606119,-0.12472564,0.95931846,0.8253803,-1.8032876,-0.34835878,-0.0013269186,-1.1553398,0.08778045,-0.19159417,-0.03537192,0.20942438,0.3001686,-1.2677369,1.0177217,-0.39057717,0.9207184,1.3980651,0.5421907,1.2416495,-0.62920356,-0.17016827,-0.20128103,0.5560933,0.5437471,-1.8005666,0.7922826,-0.5384736,-0.77500015,1.5409331,-1.1766088,-0.9250092,-1.2391108,0.32281712,-0.5125014,-1.46251,1.7398785,-2.3315883,1.6769909,-2.0597703,-0.52934986,-0.97328454,-0.7798373,-1.2779506,0.21458836,0.40599445,-0.048876926,0.25256062,0.1647355,0.69954365,0.3230847,-0.01244697,1.4668384,-0.06527748,0.36227262,-0.77619725,-1.5191094,-0.705594,0.26154748,-1.1293716,-0.6802752,-0.9063756,-0.030225432,0.28121728,-0.55851465,-0.8904546,0.5230292,-0.182172,0.9517122,-1.4139646,-1.24503,-0.17251526,-1.2665006,1.6896936,-0.53743654,1.4328092,-1.0735419,-0.89576405,0.60036576,-0.83099264,-0.032135148,-0.114510976,2.4312444,0.39531645,0.7139766,0.39211652,0.8952517,-0.23743404,-0.47762546,1.275002,0.114920676,2.0276284,-0.46537146,-0.3797668,1.6858901,-0.3315806,1.1872253,-0.21553606,0.05851003,1.7088994,-0.7517708,-1.045406,0.52443594,-0.4049269,-0.23144133,0.076029666,0.7635169,0.14079684,-0.049501453,0.45556995,0.6868146,-0.12927729,-1.4862299,-0.01867204,1.0026785,1.2725838,0.93747663,1.3467594,-0.46545264,-0.35818923,-1.7267891,0.5577282,1.4310862,0.77198964,0.0687975,-1.9250442,0.8321654,0.44826344,0.5606597,-1.959971,-1.4751474,1.4509915,1.0488338,0.37453923,1.3523097,-0.62409896,-1.8684044,-0.5967535,-0.6828546,-0.76739,-0.7333665,-0.8930449,-0.04030783,-0.08539841,1.0683165,0.514893,0.5142069,0.23404269,-0.9552856,0.6189109,0.25604436,-0.7495198,0.29539886,-0.14785649,0.77410316,-1.624354,-0.29061803,0.6071769,-2.3538852,1.0365716,-0.73974675,-0.10408699,-0.2610615,0.03881222,-0.9687097,-0.0030361216,0.14654209,-0.9323824,-0.015051778,0.7711015,-1.9246761,-1.5153947,0.90599513,0.98222226,-0.46963215,0.18849723,-0.11570849,0.079623856,0.77502257,-0.33522204,-0.78368646,-0.501308,-0.34310687,-0.31215647,-0.6977994,-1.2493263,-0.47275472,0.37157473,-0.72185224,-0.9906049,0.5946127,0.19570081,-2.1971633,-0.91762084,0.093837894,-0.068908826,0.59952396,0.50769895,-0.041328978,-0.711453,-0.87508506,0.04350306,-0.46045732,0.00027146935,-0.2360939,0.13822144,0.7895975,-0.73427606,0.065495156,1.5715145,-0.22428422,1.6707305,1.4414964,-0.18090193,-0.09839141,0.99538344,-0.8969763,-0.26245993,0.73276,-0.8925231,-0.9938616,1.6310271,0.28095248,-0.6607928,0.09315648,0.44060206,-0.5297466,-0.23635636,0.3194989,0.49333847,1.0752684,1.2044,1.539422,-0.09460831,0.14648269,-0.51909477,0.8228355,-1.4350544,-0.85772943,-0.5673155,0.93759793,2.4900143,-0.7641933,0.34957218,1.0567908,-0.8464556,-1.0860413,0.440387,0.48281813,-0.15110819,-0.697159,0.12936343,-1.6268595,-0.014196138,-2.0263712,-0.12078959,0.8824389,0.9531307,-0.7151515,0.39269367,1.3493967,0.21640337,-0.7377197,-0.037671734,0.52665156,2.1250675,0.30586007,-0.7762716,0.38921186,-0.34664097,-1.6060663,-0.14775409,-1.1220933,-1.2432171,0.06659693,-0.25036138,-0.24426861,-0.22081177,-0.97245073,1.6298145,0.5044885,-0.38056827,0.54624206,-1.4515699,1.235294,0.20748372,-0.85056084,2.0983212,0.85968333,-1.1675782,0.7590335,-1.1326512,1.1964551,-0.60649776,0.85268784,1.5179591,0.45421776,-0.16222604,1.3896064,-0.54989773,0.1882181,-0.62916976,0.8819387,-0.58299726,-0.05582662,-1.6766878,1.1090826,-1.5335999,-0.74836874,0.25887617,0.56388676,-0.4018464,-0.035301805,-0.41920352,0.059714068,0.035421703,-1.2987905,0.61260617,1.862021,-0.4240931,-0.7071285,0.6929684,0.5076461,-0.38887143,0.057649527,2.6897802,0.072424434,0.8417056,-1.237669,-1.3342103,0.5176864,-0.12417916,-1.6130491,-0.7280418,0.057863276,-0.12878864,0.24496149,-0.2690838,1.0794195,-0.21979672,0.6229541,0.6251449,-1.0438317,-0.48149514,0.06540386,-0.33159232,-0.9880679,-1.313756,0.7424615,0.3616823,-0.8029499,0.93263674,1.1223232,1.6437591,0.51044124,-0.8800142,-0.5287055,1.0109771,0.3631899,0.897265,-1.0713235,-1.4366126,0.40481254,1.1174945,-0.70644146,0.26200664,0.17570184,-0.32283428,-1.664327,0.8861551,-0.06675336,-0.55207276,1.1073881,0.044452906,-0.55056185,0.88966435,0.028653463,0.38277313,-0.206095,-0.35420322,-0.4622486,0.056097586,-0.74507767,0.15880099,-0.3748587,0.46540967,-0.74834186,0.75226545,-1.6105205,1.2587247,-0.01326257,0.1989481,0.5538346,0.06431964,-1.7329966,-0.6230559,-0.06509105,1.209416,1.1224581,0.115469754,-0.39722022,0.032071352,1.2055544,0.6839039,0.12914757,0.018149262,0.47033516,-0.13046701,-0.464824,-1.1582884,-0.560505,0.70458627,0.5929154,-1.1518131,1.2975836,-1.8977613,0.6442806,-0.030001024,-1.2550893,-0.0036025618,-0.19172476,-0.040757712,2.311043,1.6123646,-0.65355647,-0.093672454,0.29039177,0.9481439,-0.8312246,-0.08364981,-0.88274527,1.0045227,1.4949771,0.44568357,-1.2326108,0.00486739,0.5559928,-0.25065687,1.249669,-0.4629117,-0.7353554,-1.0912119,-0.38823032,-0.6898429,-0.7227995,-0.4788151,0.89108163,-1.1142424,0.66070026,-0.6628503,-1.1197237,0.4712319,-0.59940916,0.23642091,-0.27222803,1.2090168,0.58723813,0.47293282,0.46825397,-0.68083376,-0.19608058,-1.1895472,-0.7516582,-0.036224533,-1.023099,0.7190609,0.5131472,0.85218954,2.0239112,0.12080503,-1.0535944,0.529495,0.1536334,0.71456856,-0.37070647,-1.6278418,-0.45561275,-0.10500044,0.5215547,0.8666224,-1.1634636,-0.20740241,-0.16952991,0.42221925,0.007620814,0.017857483,0.16216698,0.6968759,1.5629736,1.0841912,0.3981255,,,,,,,,,,,,,,,,,,,,,,,,,,,,,,,,,,,,,,,,,,,,,,,,,,,,,,,,,,,,,,,,,,,,,,,,,,,,,,,,,,,,,,,,,,,,,,,,,,,,,,,,,,,,,,,,,,,,,,,,,,,,,,,,,,,,,,,,,,,,,,,,,,,,,,,,,,,,,,,,,,,,,,,,,,,,,,,,,,,,,,,,,,,,,,,,,,,,,,,,,,,,,,,,,,,,,,,,,,,,,,,,,,,,,,,,,,,,,,,,,,,,,,,,,,,,,,,,,,,,,,,,,,,,,,,,,,,,,,,,,,,,,,,,,,,,,,,,,,,,,,,,,,,,,,,,,,,,,,,,,,,,,,,,,,,,,,,,,,,,,,,,,,,,,,,,,,,,,,,,,,,,,,,,,,,,,,,,,,,,,,,,,,,,,,,,,,,,,,,,,,,,,,,,,,,,,,,,,,,,,,,,,,,,,,,,,,,,,,,,,,,,,,,,,,,,,,,,,,,,,,,,,,,,,,,,,,,,,,,,,,,,,,,,,,,,,,,,,,,,,,,,,,,,,,,,,,,,,,,,,,,,,,,,,,,,,,,,,,,,,,,,,,,,,,,,,,,,,,,,,,,,,,,,,,,,,,,,,,,,,,,,,,,,,,,,,,,,,,,,,,,,,,,,,,,,,,,,,,,,,,,,,,,,,,,,,,,,,,,,,,,,,,,,,,,,,,,,,,,,,,,,,,,,,,,,,,,,,,,,,,,,,,,,,,,,,,,,,,,,,,,,,,,,,,,,,,,,,,,,,,,,,,,,,,,,,,,,,,,,,,,,,,,,,,,,,,,,,,,,,,,,,,,,,
